0	0	0	0	0	0	
1	747	0	0	0	0	
2	727	0	0	0	0	
3	350	347	0	0	0	
4	0	302	309	0	0	
5	0	0	240	265	0	
6	0	0	0	187	237	
7	0	0	0	0	412	
8	0	0	0	0	412	
9	0	0	0	0	412	
10	0	0	0	0	412	
11	0	0	0	0	412	
12	0	0	0	0	412	
13	0	0	0	0	412	
14	0	0	0	0	412	
15	0	0	0	0	412	
16	0	0	0	0	412	
17	0	0	0	0	412	
18	0	0	0	0	412	
19	0	0	0	0	412	
20	0	0	0	0	412	
21	0	0	0	0	412	
22	0	0	0	0	412	
23	0	0	0	0	412	
24	0	0	0	0	412	
25	0	0	0	0	412	
26	0	0	0	0	412	
27	0	0	0	0	412	
28	0	0	0	0	412	
29	0	0	0	0	412	
30	0	0	0	0	412	
31	0	0	0	0	412	
32	0	0	0	0	412	
33	0	0	0	0	412	
34	0	0	0	0	412	
35	0	0	0	0	412	
36	0	0	0	0	412	
37	0	0	0	0	412	
38	0	0	0	0	412	
39	0	0	0	0	412	
40	0	0	0	0	412	
41	0	0	0	0	412	
42	0	0	0	0	412	
43	0	0	0	0	412	
44	0	0	0	0	412	
45	0	0	0	0	412	
46	0	0	0	0	412	
47	0	0	0	0	412	
48	0	0	0	0	412	
49	0	0	0	0	412	
50	0	0	0	0	412	
51	0	0	0	0	412	
52	0	0	0	0	412	
53	0	0	0	0	412	
54	0	0	0	0	412	
55	0	0	0	0	412	
56	0	0	0	0	412	
57	0	0	0	0	412	
58	0	0	0	0	412	
59	0	0	0	0	412	
60	0	0	0	0	412	
61	0	0	0	0	412	
62	0	0	0	0	412	
63	0	0	0	0	412	
64	0	0	0	0	412	
65	0	0	0	0	412	
66	0	0	0	0	412	
67	0	0	0	0	412	
68	0	0	0	0	412	
69	0	0	0	0	412	
70	0	0	0	0	412	
71	0	0	0	0	412	
72	0	0	0	0	412	
73	0	0	0	0	412	
74	0	0	0	0	412	
75	0	0	0	0	412	
76	0	0	0	0	412	
77	0	0	0	0	412	
78	0	0	0	0	412	
79	0	0	0	0	412	
80	0	0	0	0	412	
81	0	0	0	0	412	
82	0	0	0	0	412	
83	0	0	0	0	412	
84	0	0	0	0	412	
85	0	0	0	0	412	
86	0	0	0	0	412	
87	0	0	0	0	412	
88	0	0	0	0	412	
89	0	0	0	0	412	
90	0	0	0	0	412	
91	0	0	0	0	412	
92	0	0	0	0	412	
93	0	0	0	0	412	
94	0	0	0	0	412	
95	0	0	0	0	412	
96	0	0	0	0	412	
97	0	0	0	0	412	
98	0	0	0	0	412	
99	0	0	0	0	412	
100	0	0	0	0	412	
101	0	0	0	0	412	
102	0	0	0	0	412	
103	0	0	0	0	412	
104	0	0	0	0	412	
105	0	0	0	0	412	
106	0	0	0	0	412	
107	0	0	0	0	412	
108	0	0	0	0	412	
109	0	0	0	0	412	
110	0	0	0	0	412	
111	0	0	0	0	412	
112	0	0	0	0	412	
113	0	0	0	0	412	
114	0	0	0	0	412	
115	0	0	0	0	412	
116	0	0	0	0	412	
117	0	0	0	0	412	
118	0	0	0	0	412	
119	0	0	0	0	412	
120	0	0	0	0	412	
121	0	0	0	0	412	
122	0	0	0	0	412	
123	0	0	0	0	412	
124	0	0	0	0	412	
125	0	0	0	0	412	
126	0	0	0	0	412	
127	0	0	0	0	412	
128	0	0	0	0	412	
129	0	0	0	0	412	
130	0	0	0	0	412	
131	0	0	0	0	412	
132	0	0	0	0	412	
133	0	0	0	0	412	
134	0	0	0	0	412	
135	0	0	0	0	412	
136	0	0	0	0	412	
137	0	0	0	0	412	
138	0	0	0	0	412	
139	0	0	0	0	412	
140	0	0	0	0	412	
141	0	0	0	0	412	
142	0	0	0	0	412	
143	0	0	0	0	412	
144	0	0	0	0	412	
145	0	0	0	0	412	
146	0	0	0	0	412	
147	0	0	0	0	412	
148	0	0	0	0	412	
149	0	0	0	0	412	
