0	0.00500
1	0.01000
2	0.01950
3	0.03450
4	0.05550
5	0.09350
6	0.13450
7	0.20950
8	0.27100
9	0.33500
10	0.39350
11	0.44100
12	0.48950
13	0.52800
14	0.55900
15	0.58850
16	0.61200
17	0.63250
18	0.64600
19	0.65450
20	0.66350
21	0.67000
22	0.67400
23	0.67750
24	0.67950
25	0.68250
26	0.68550
27	0.68750
28	0.68800
29	0.68800
30	0.68900
31	0.69050
32	0.69100
33	0.69150
34	0.69250
35	0.69250
36	0.69250
37	0.69250
38	0.69250
39	0.69250
40	0.69250
41	0.69250
42	0.69250
43	0.69250
44	0.69250
45	0.69250
46	0.69250
47	0.69250
48	0.69250
49	0.69300
50	0.69300
51	0.69300
52	0.69300
53	0.69300
54	0.69300
55	0.69350
56	0.69350
57	0.69350
58	0.69350
59	0.69350
60	0.69350
61	0.69350
62	0.69350
63	0.69350
64	0.69350
65	0.69350
66	0.69350
67	0.69350
68	0.69350
69	0.69350
70	0.69350
71	0.69350
72	0.69350
73	0.69350
74	0.69350
75	0.69350
76	0.69350
77	0.69350
78	0.69350
79	0.69350
80	0.69350
81	0.69350
82	0.69350
83	0.69350
84	0.69350
85	0.69350
86	0.69350
87	0.69350
88	0.69350
89	0.69350
90	0.69350
91	0.69350
92	0.69350
93	0.69350
94	0.69350
95	0.69350
96	0.69350
97	0.69350
98	0.69350
99	0.69350
