0	0.00500
1	0.01100
2	0.03000
3	0.07450
4	0.16850
5	0.35000
6	0.57000
7	0.69500
8	0.74450
9	0.76050
10	0.76400
11	0.76500
12	0.76700
13	0.76700
14	0.76700
15	0.76700
16	0.76700
17	0.76700
18	0.76700
19	0.76700
20	0.76700
21	0.76700
22	0.76700
23	0.76700
24	0.76700
25	0.76700
26	0.76700
27	0.76700
28	0.76700
29	0.76700
30	0.76700
31	0.76700
32	0.76700
33	0.76700
34	0.76700
35	0.76700
36	0.76700
37	0.76700
38	0.76700
39	0.76700
40	0.76700
41	0.76700
42	0.76700
43	0.76700
44	0.76700
45	0.76700
46	0.76700
47	0.76700
48	0.76700
49	0.76700
50	0.76700
51	0.76700
52	0.76700
53	0.76700
54	0.76700
55	0.76700
56	0.76700
57	0.76700
58	0.76700
59	0.76700
60	0.76700
61	0.76700
62	0.76700
63	0.76700
64	0.76700
65	0.76700
66	0.76700
67	0.76700
68	0.76700
69	0.76700
70	0.76700
71	0.76700
72	0.76700
73	0.76700
74	0.76700
75	0.76700
76	0.76700
77	0.76700
78	0.76700
79	0.76700
80	0.76700
81	0.76700
82	0.76700
83	0.76700
84	0.76700
85	0.76700
86	0.76700
87	0.76700
88	0.76700
89	0.76700
90	0.76700
91	0.76700
92	0.76700
93	0.76700
94	0.76700
95	0.76700
96	0.76700
97	0.76700
98	0.76700
99	0.76700
100	0.76700
101	0.76700
102	0.76700
103	0.76700
104	0.76700
105	0.76700
106	0.76700
107	0.76700
108	0.76700
109	0.76700
110	0.76700
111	0.76700
112	0.76700
113	0.76700
114	0.76700
115	0.76700
116	0.76700
117	0.76700
118	0.76700
119	0.76700
120	0.76700
121	0.76700
122	0.76700
123	0.76700
124	0.76700
125	0.76700
126	0.76700
127	0.76700
128	0.76700
129	0.76700
130	0.76700
131	0.76700
132	0.76700
133	0.76700
134	0.76700
135	0.76700
136	0.76700
137	0.76700
138	0.76700
139	0.76700
140	0.76700
141	0.76700
142	0.76700
143	0.76700
144	0.76700
145	0.76700
146	0.76700
147	0.76700
148	0.76700
149	0.76700
