0	0.00000
1	0.00000
2	0.00000
3	0.00000
4	0.00000
5	0.00000
6	0.00000
7	0.00000
8	0.00000
9	0.00000
10	0.00000
11	0.00100
12	0.00000
13	0.00000
14	0.00100
15	0.00050
16	0.00100
17	0.00000
18	0.00050
19	0.00050
20	0.00050
21	0.00100
22	0.00050
23	0.00100
24	0.00050
25	0.00050
26	0.00150
27	0.00000
28	0.00050
29	0.00050
30	0.00200
31	0.00050
32	0.00050
33	0.00150
34	0.00150
35	0.00150
36	0.00150
37	0.00200
38	0.00300
39	0.00150
40	0.00200
41	0.00200
42	0.00250
43	0.00350
44	0.00400
45	0.00300
46	0.00200
47	0.00100
48	0.00400
49	0.00350
50	0.00350
51	0.00400
52	0.00350
53	0.00350
54	0.00550
55	0.00400
56	0.00400
57	0.00500
58	0.00550
59	0.00350
60	0.00150
61	0.00550
62	0.00350
63	0.00600
64	0.00500
65	0.00800
66	0.00700
67	0.00250
68	0.00250
69	0.00550
70	0.00950
71	0.00750
72	0.00550
73	0.00400
74	0.00800
75	0.00900
76	0.01050
77	0.00700
78	0.00950
79	0.00900
80	0.00900
81	0.00700
82	0.01000
83	0.00650
84	0.00900
85	0.00750
86	0.00700
87	0.00950
88	0.00900
89	0.00750
90	0.01150
91	0.00750
92	0.00850
93	0.01000
94	0.01050
95	0.01150
96	0.01150
97	0.01150
98	0.00850
99	0.01100
100	0.00850
101	0.00650
102	0.01200
103	0.01000
104	0.00700
105	0.00800
106	0.00650
107	0.00400
108	0.00700
109	0.00650
110	0.00700
111	0.00700
112	0.00800
113	0.00700
114	0.00700
115	0.01000
116	0.01050
117	0.01050
118	0.00900
119	0.00800
120	0.00550
121	0.00650
122	0.00600
123	0.00750
124	0.01000
125	0.00350
126	0.00750
127	0.00700
128	0.00950
129	0.00650
130	0.00750
131	0.00500
132	0.00650
133	0.00300
134	0.00700
135	0.00600
136	0.00300
137	0.00550
138	0.00500
139	0.00300
140	0.00500
141	0.00150
142	0.00550
143	0.00500
144	0.00700
145	0.00250
146	0.00600
147	0.00500
148	0.00450
149	0.00200
150	0.00400
151	0.00350
152	0.00350
153	0.00100
154	0.00350
155	0.00250
156	0.00450
157	0.00550
158	0.00150
159	0.00300
160	0.00250
161	0.00200
162	0.00200
163	0.00150
164	0.00250
165	0.00150
166	0.00150
167	0.00100
168	0.00200
169	0.00350
170	0.00250
171	0.00200
172	0.00100
173	0.00050
174	0.00250
175	0.00250
176	0.00200
177	0.00300
178	0.00300
179	0.00150
180	0.00050
181	0.00100
182	0.00300
183	0.00050
184	0.00050
185	0.00200
186	0.00250
187	0.00200
188	0.00100
189	0.00000
190	0.00100
191	0.00050
192	0.00250
193	0.00100
194	0.00050
195	0.00150
196	0.00200
197	0.00150
198	0.00200
199	0.00000
