0	0.00000
1	0.00000
2	0.00000
3	0.07070
4	0.16769
5	0.51552
6	0.73794
7	0.98818
8	1.20227
9	1.40799
10	1.44260
11	1.33652
12	1.11278
13	0.93808
14	0.70951
15	0.53709
16	0.40920
17	0.29574
18	0.22258
19	0.17494
20	0.13521
21	0.10886
22	0.09113
23	0.07462
24	0.06550
25	0.05276
26	0.04275
27	0.03527
28	0.02713
29	0.02038
30	0.01666
31	0.01189
32	0.01014
33	0.01216
34	0.01041
35	0.01046
36	0.00898
37	0.00743
38	0.00618
39	0.00600
40	0.00201
41	0.00145
42	0.00029
43	0.00029
44	0.00058
45	0.00058
46	0.00030
47	0.00030
48	0.00030
49	0.00030
50	0.00030
51	0.00000
52	0.00000
53	0.00000
54	0.00000
55	0.00000
56	0.00000
57	0.00000
58	0.00000
59	0.00000
60	0.00000
61	0.00000
62	0.00000
63	0.00000
64	0.00000
65	0.00000
66	0.00000
67	0.00000
68	0.00000
69	0.00000
70	0.00000
71	0.00000
72	0.00000
73	0.00000
74	0.00000
75	0.00000
76	0.00000
77	0.00000
78	0.00000
79	0.00000
80	0.00000
81	0.00000
82	0.00000
83	0.00000
84	0.00000
85	0.00000
86	0.00000
87	0.00000
88	0.00000
89	0.00000
90	0.00000
91	0.00000
92	0.00000
93	0.00000
94	0.00000
95	0.00000
96	0.00000
97	0.00000
98	0.00000
99	0.00000
