0	0.00000
1	0.00000
2	0.00000
3	0.00050
4	0.00050
5	0.00050
6	0.00100
7	0.00000
8	0.00150
9	0.00000
10	0.00050
11	0.00100
12	0.00150
13	0.00050
14	0.00100
15	0.00100
16	0.00300
17	0.00100
18	0.00250
19	0.00350
20	0.00250
21	0.00250
22	0.00450
23	0.00400
24	0.00750
25	0.00300
26	0.00400
27	0.00350
28	0.00350
29	0.00600
30	0.00600
31	0.00500
32	0.00800
33	0.00700
34	0.00900
35	0.00750
36	0.01150
37	0.01000
38	0.01100
39	0.01400
40	0.01350
41	0.01400
42	0.01000
43	0.02000
44	0.01350
45	0.01200
46	0.02100
47	0.01150
48	0.01750
49	0.01650
50	0.01900
51	0.01400
52	0.01850
53	0.01650
54	0.01550
55	0.01700
56	0.01600
57	0.01800
58	0.01650
59	0.01850
60	0.02300
61	0.01250
62	0.02050
63	0.01200
64	0.01400
65	0.01200
66	0.01650
67	0.01700
68	0.01350
69	0.01400
70	0.01250
71	0.00950
72	0.01300
73	0.01550
74	0.01050
75	0.01400
76	0.01250
77	0.01350
78	0.00900
79	0.00650
80	0.01050
81	0.00550
82	0.01250
83	0.00950
84	0.01050
85	0.01050
86	0.00500
87	0.00700
88	0.00500
89	0.00650
90	0.00800
91	0.00650
92	0.00600
93	0.00650
94	0.00600
95	0.00600
96	0.00550
97	0.00400
98	0.00350
99	0.00350
100	0.00350
101	0.00700
102	0.00550
103	0.00500
104	0.00150
105	0.00400
106	0.00200
107	0.00400
108	0.00350
109	0.00200
110	0.00600
111	0.00300
112	0.00250
113	0.00250
114	0.00400
115	0.00200
116	0.00350
117	0.00100
118	0.00150
119	0.00100
120	0.00000
121	0.00250
122	0.00100
123	0.00100
124	0.00300
125	0.00150
126	0.00200
127	0.00200
128	0.00100
129	0.00150
130	0.00050
131	0.00200
132	0.00050
133	0.00250
134	0.00050
135	0.00300
136	0.00050
137	0.00300
138	0.00200
139	0.00100
140	0.00100
141	0.00100
142	0.00000
143	0.00100
144	0.00150
145	0.00100
146	0.00050
147	0.00000
148	0.00100
149	0.00000
150	0.00100
151	0.00000
152	0.00000
153	0.00000
154	0.00050
155	0.00000
156	0.00000
157	0.00050
158	0.00050
159	0.00100
160	0.00000
161	0.00000
162	0.00050
163	0.00000
164	0.00000
165	0.00000
166	0.00050
167	0.00000
168	0.00050
169	0.00000
170	0.00000
171	0.00000
172	0.00000
173	0.00000
174	0.00000
175	0.00000
176	0.00050
177	0.00000
178	0.00000
179	0.00050
