0	0.00500
1	0.00500
2	0.00500
3	0.00550
4	0.00600
5	0.00650
6	0.00750
7	0.00750
8	0.00900
9	0.00900
10	0.00950
11	0.01050
12	0.01200
13	0.01250
14	0.01350
15	0.01450
16	0.01750
17	0.01850
18	0.02100
19	0.02450
20	0.02700
21	0.02950
22	0.03400
23	0.03800
24	0.04550
25	0.04850
26	0.05250
27	0.05600
28	0.05950
29	0.06550
30	0.07150
31	0.07650
32	0.08450
33	0.09150
34	0.10050
35	0.10800
36	0.11950
37	0.12950
38	0.14050
39	0.15450
40	0.16800
41	0.18200
42	0.19200
43	0.21200
44	0.22550
45	0.23750
46	0.25850
47	0.27000
48	0.28750
49	0.30400
50	0.32300
51	0.33700
52	0.35550
53	0.37200
54	0.38750
55	0.40450
56	0.42050
57	0.43850
58	0.45500
59	0.47350
60	0.49650
61	0.50900
62	0.52950
63	0.54150
64	0.55550
65	0.56750
66	0.58400
67	0.60100
68	0.61450
69	0.62850
70	0.64100
71	0.65050
72	0.66350
73	0.67900
74	0.68950
75	0.70350
76	0.71600
77	0.72950
78	0.73850
79	0.74500
80	0.75550
81	0.76100
82	0.77350
83	0.78300
84	0.79350
85	0.80400
86	0.80900
87	0.81600
88	0.82100
89	0.82750
90	0.83550
91	0.84200
92	0.84800
93	0.85450
94	0.86050
95	0.86650
96	0.87200
97	0.87600
98	0.87950
99	0.88300
100	0.88650
101	0.89350
102	0.89900
103	0.90400
104	0.90550
105	0.90950
106	0.91150
107	0.91550
108	0.91900
109	0.92100
110	0.92700
111	0.93000
112	0.93250
113	0.93500
114	0.93900
115	0.94100
116	0.94450
117	0.94550
118	0.94700
119	0.94800
120	0.94800
121	0.95050
122	0.95150
123	0.95250
124	0.95550
125	0.95700
126	0.95900
127	0.96100
128	0.96200
129	0.96350
130	0.96400
131	0.96600
132	0.96650
133	0.96900
134	0.96950
135	0.97250
136	0.97300
137	0.97600
138	0.97800
139	0.97900
140	0.98000
141	0.98100
142	0.98100
143	0.98200
144	0.98350
145	0.98450
146	0.98500
147	0.98500
148	0.98600
149	0.98600
150	0.98700
151	0.98700
152	0.98700
153	0.98700
154	0.98750
155	0.98750
156	0.98750
157	0.98800
158	0.98850
159	0.98950
160	0.98950
161	0.98950
162	0.99000
163	0.99000
164	0.99000
165	0.99000
166	0.99050
167	0.99050
168	0.99100
169	0.99100
170	0.99100
171	0.99100
172	0.99100
173	0.99100
174	0.99100
175	0.99100
176	0.99150
177	0.99150
178	0.99150
179	0.99200
