0	0	0	0	0	0	
1	3997	0	0	0	0	
2	3992	0	0	0	0	
3	3984	0	0	0	0	
4	3971	0	0	0	0	
5	0	3955	0	0	0	
6	0	0	3936	0	0	
7	0	0	0	3920	0	
8	0	0	0	0	3913	
9	0	0	0	0	3911	
10	0	0	0	0	3910	
11	0	0	0	0	3908	
12	0	0	0	0	3905	
13	0	0	0	0	3905	
14	0	0	0	0	3902	
15	0	0	0	0	3896	
16	0	0	0	0	3891	
17	0	0	0	0	3890	
18	0	0	0	0	3883	
19	0	0	0	0	3882	
20	0	0	0	0	3879	
21	0	0	0	0	3877	
22	0	0	0	0	3873	
23	0	0	0	0	3870	
24	0	0	0	0	3863	
25	0	0	0	0	3862	
26	0	0	0	0	3855	
27	0	0	0	0	3852	
28	0	0	0	0	3847	
29	0	0	0	0	3840	
30	0	0	0	0	3834	
31	0	0	0	0	3829	
32	0	0	0	0	3827	
33	0	0	0	0	3826	
34	0	0	0	0	3822	
35	0	0	0	0	3815	
36	0	0	0	0	3811	
37	0	0	0	0	3810	
38	0	0	0	0	3806	
39	0	0	0	0	3801	
40	0	0	0	0	3798	
41	0	0	0	0	3796	
42	0	0	0	0	3793	
43	0	0	0	0	3789	
44	0	0	0	0	3787	
