0	0.00000
1	0.00200
2	0.00150
3	0.00000
4	0.00200
5	0.00350
6	0.00350
7	0.00250
8	0.00350
9	0.00350
10	0.00600
11	0.00650
12	0.00400
13	0.00700
14	0.00700
15	0.00750
16	0.00900
17	0.00700
18	0.01350
19	0.00850
20	0.01250
21	0.01750
22	0.01900
23	0.01900
24	0.02200
25	0.02300
26	0.02100
27	0.02350
28	0.02750
29	0.02650
30	0.02300
31	0.02650
32	0.02350
33	0.03000
34	0.02500
35	0.01900
36	0.03150
37	0.02400
38	0.02200
39	0.02000
40	0.02650
41	0.01950
42	0.01900
43	0.01850
44	0.01400
45	0.01350
46	0.00650
47	0.00800
48	0.01250
49	0.00850
50	0.00450
51	0.00800
52	0.00800
53	0.00600
54	0.00350
55	0.00300
56	0.00350
57	0.00350
58	0.00250
59	0.00150
60	0.00250
61	0.00100
62	0.00200
63	0.00000
64	0.00050
65	0.00100
66	0.00150
67	0.00000
68	0.00050
69	0.00000
70	0.00150
71	0.00000
72	0.00100
73	0.00000
74	0.00100
75	0.00000
76	0.00000
77	0.00000
78	0.00000
79	0.00100
80	0.00000
81	0.00000
82	0.00000
83	0.00000
84	0.00000
85	0.00000
86	0.00000
87	0.00000
88	0.00000
89	0.00000
90	0.00000
91	0.00000
92	0.00000
93	0.00000
94	0.00000
95	0.00000
96	0.00000
97	0.00000
98	0.00000
99	0.00000
