0	0.00500
1	0.00700
2	0.00850
3	0.00850
4	0.01050
5	0.01400
6	0.01750
7	0.02000
8	0.02350
9	0.02700
10	0.03300
11	0.03950
12	0.04350
13	0.05050
14	0.05750
15	0.06500
16	0.07400
17	0.08100
18	0.09450
19	0.10300
20	0.11550
21	0.13300
22	0.15200
23	0.17100
24	0.19300
25	0.21600
26	0.23700
27	0.26050
28	0.28800
29	0.31450
30	0.33750
31	0.36400
32	0.38750
33	0.41750
34	0.44250
35	0.46150
36	0.49300
37	0.51700
38	0.53900
39	0.55900
40	0.58550
41	0.60500
42	0.62400
43	0.64250
44	0.65650
45	0.67000
46	0.67650
47	0.68450
48	0.69700
49	0.70550
50	0.71000
51	0.71800
52	0.72600
53	0.73200
54	0.73550
55	0.73850
56	0.74200
57	0.74550
58	0.74800
59	0.74950
60	0.75200
61	0.75300
62	0.75500
63	0.75500
64	0.75550
65	0.75650
66	0.75800
67	0.75800
68	0.75850
69	0.75850
70	0.76000
71	0.76000
72	0.76100
73	0.76100
74	0.76200
75	0.76200
76	0.76200
77	0.76200
78	0.76200
79	0.76300
80	0.76300
81	0.76300
82	0.76300
83	0.76300
84	0.76300
85	0.76300
86	0.76300
87	0.76300
88	0.76300
89	0.76300
90	0.76300
91	0.76300
92	0.76300
93	0.76300
94	0.76300
95	0.76300
96	0.76300
97	0.76300
98	0.76300
99	0.76300
