0	0.00500
1	0.01550
2	0.04000
3	0.10100
4	0.24250
5	0.50550
6	0.75500
7	0.87150
8	0.89800
9	0.90200
10	0.90250
11	0.90250
12	0.90250
13	0.90250
14	0.90250
15	0.90250
16	0.90250
17	0.90250
18	0.90250
19	0.90250
20	0.90250
21	0.90250
22	0.90250
23	0.90250
24	0.90250
25	0.90250
26	0.90250
27	0.90250
28	0.90250
29	0.90250
30	0.90250
31	0.90250
32	0.90250
33	0.90250
34	0.90250
35	0.90250
36	0.90250
37	0.90250
38	0.90250
39	0.90250
40	0.90250
41	0.90250
42	0.90250
43	0.90250
44	0.90250
45	0.90250
46	0.90250
47	0.90250
48	0.90250
49	0.90250
50	0.90250
51	0.90250
52	0.90250
53	0.90250
54	0.90250
55	0.90250
56	0.90250
57	0.90250
58	0.90250
59	0.90250
60	0.90250
61	0.90250
62	0.90250
63	0.90250
64	0.90250
65	0.90250
66	0.90250
67	0.90250
68	0.90250
69	0.90250
70	0.90250
71	0.90250
72	0.90250
73	0.90250
74	0.90250
75	0.90250
76	0.90250
77	0.90250
78	0.90250
79	0.90250
80	0.90250
81	0.90250
82	0.90250
83	0.90250
84	0.90250
85	0.90250
86	0.90250
87	0.90250
88	0.90250
89	0.90250
90	0.90250
91	0.90250
92	0.90250
93	0.90250
94	0.90250
95	0.90250
96	0.90250
97	0.90250
98	0.90250
99	0.90250
100	0.90250
101	0.90250
102	0.90250
103	0.90250
104	0.90250
105	0.90250
106	0.90250
107	0.90250
108	0.90250
109	0.90250
110	0.90250
111	0.90250
112	0.90250
113	0.90250
114	0.90250
115	0.90250
116	0.90250
117	0.90250
118	0.90250
119	0.90250
120	0.90250
121	0.90250
122	0.90250
123	0.90250
124	0.90250
125	0.90250
126	0.90250
127	0.90250
128	0.90250
129	0.90250
130	0.90250
131	0.90250
132	0.90250
133	0.90250
134	0.90250
135	0.90250
136	0.90250
137	0.90250
138	0.90250
139	0.90250
140	0.90250
141	0.90250
142	0.90250
143	0.90250
144	0.90250
145	0.90250
146	0.90250
147	0.90250
148	0.90250
149	0.90250
