0	0	0	0	0	0	
1	739	0	0	0	0	
2	721	0	0	0	0	
3	666	13	0	0	0	
4	55	517	13	0	0	
5	23	52	316	13	0	
6	10	20	198	29	5	
7	3	12	164	25	6	
8	0	11	154	25	6	
9	0	11	152	25	6	
10	0	11	152	25	6	
11	0	11	152	25	6	
12	0	11	152	25	6	
13	0	11	152	25	6	
14	0	11	152	25	6	
15	0	11	152	25	6	
16	0	11	152	25	6	
17	0	11	152	25	6	
18	0	11	152	25	6	
19	0	11	152	25	6	
20	0	11	152	25	6	
21	0	11	152	25	6	
22	0	11	152	25	6	
23	0	11	152	25	6	
24	0	11	152	25	6	
25	0	11	152	25	6	
26	0	11	152	25	6	
27	0	11	152	25	6	
28	0	11	152	25	6	
29	0	11	152	25	6	
30	0	11	152	25	6	
31	0	11	152	25	6	
32	0	11	152	25	6	
33	0	11	152	25	6	
34	0	11	152	25	6	
35	0	11	152	25	6	
36	0	11	152	25	6	
37	0	11	152	25	6	
38	0	11	152	25	6	
39	0	11	152	25	6	
40	0	11	152	25	6	
41	0	11	152	25	6	
42	0	11	152	25	6	
43	0	11	152	25	6	
44	0	11	152	25	6	
45	0	11	152	25	6	
46	0	11	152	25	6	
47	0	11	152	25	6	
48	0	11	152	25	6	
49	0	11	152	25	6	
50	0	11	152	25	6	
51	0	11	152	25	6	
52	0	11	152	25	6	
53	0	11	152	25	6	
54	0	11	152	25	6	
55	0	11	152	25	6	
56	0	11	152	25	6	
57	0	11	152	25	6	
58	0	11	152	25	6	
59	0	11	152	25	6	
60	0	11	152	25	6	
61	0	11	152	25	6	
62	0	11	152	25	6	
63	0	11	152	25	6	
64	0	11	152	25	6	
65	0	11	152	25	6	
66	0	11	152	25	6	
67	0	11	152	25	6	
68	0	11	152	25	6	
69	0	11	152	25	6	
70	0	11	152	25	6	
71	0	11	152	25	6	
72	0	11	152	25	6	
73	0	11	152	25	6	
74	0	11	152	25	6	
75	0	11	152	25	6	
76	0	11	152	25	6	
77	0	11	152	25	6	
78	0	11	152	25	6	
79	0	11	152	25	6	
80	0	11	152	25	6	
81	0	11	152	25	6	
82	0	11	152	25	6	
83	0	11	152	25	6	
84	0	11	152	25	6	
85	0	11	152	25	6	
86	0	11	152	25	6	
87	0	11	152	25	6	
88	0	11	152	25	6	
89	0	11	152	25	6	
90	0	11	152	25	6	
91	0	11	152	25	6	
92	0	11	152	25	6	
93	0	11	152	25	6	
94	0	11	152	25	6	
95	0	11	152	25	6	
96	0	11	152	25	6	
97	0	11	152	25	6	
98	0	11	152	25	6	
99	0	11	152	25	6	
100	0	11	152	25	6	
101	0	11	152	25	6	
102	0	11	152	25	6	
103	0	11	152	25	6	
104	0	11	152	25	6	
105	0	11	152	25	6	
106	0	11	152	25	6	
107	0	11	152	25	6	
108	0	11	152	25	6	
109	0	11	152	25	6	
110	0	11	152	25	6	
111	0	11	152	25	6	
112	0	11	152	25	6	
113	0	11	152	25	6	
114	0	11	152	25	6	
115	0	11	152	25	6	
116	0	11	152	25	6	
117	0	11	152	25	6	
118	0	11	152	25	6	
119	0	11	152	25	6	
120	0	11	152	25	6	
121	0	11	152	25	6	
122	0	11	152	25	6	
123	0	11	152	25	6	
124	0	11	152	25	6	
125	0	11	152	25	6	
126	0	11	152	25	6	
127	0	11	152	25	6	
128	0	11	152	25	6	
129	0	11	152	25	6	
130	0	11	152	25	6	
131	0	11	152	25	6	
132	0	11	152	25	6	
133	0	11	152	25	6	
134	0	11	152	25	6	
135	0	11	152	25	6	
136	0	11	152	25	6	
137	0	11	152	25	6	
138	0	11	152	25	6	
139	0	11	152	25	6	
140	0	11	152	25	6	
141	0	11	152	25	6	
142	0	11	152	25	6	
143	0	11	152	25	6	
144	0	11	152	25	6	
145	0	11	152	25	6	
146	0	11	152	25	6	
147	0	11	152	25	6	
148	0	11	152	25	6	
149	0	11	152	25	6	
