0	0.00500
1	0.01800
2	0.05200
3	0.14100
4	0.31050
5	0.54350
6	0.73100
7	0.79450
8	0.81000
9	0.81300
10	0.81450
11	0.81500
12	0.81500
13	0.81500
14	0.81500
15	0.81500
16	0.81500
17	0.81500
18	0.81500
19	0.81500
20	0.81500
21	0.81500
22	0.81500
23	0.81500
24	0.81500
25	0.81500
26	0.81500
27	0.81500
28	0.81500
29	0.81500
30	0.81500
31	0.81500
32	0.81500
33	0.81500
34	0.81500
35	0.81500
36	0.81500
37	0.81500
38	0.81500
39	0.81500
40	0.81500
41	0.81500
42	0.81500
43	0.81500
44	0.81500
45	0.81500
46	0.81500
47	0.81500
48	0.81500
49	0.81500
50	0.81500
51	0.81500
52	0.81500
53	0.81500
54	0.81500
55	0.81500
56	0.81500
57	0.81500
58	0.81500
59	0.81500
60	0.81500
61	0.81500
62	0.81500
63	0.81500
64	0.81500
65	0.81500
66	0.81500
67	0.81500
68	0.81500
69	0.81500
70	0.81500
71	0.81500
72	0.81500
73	0.81500
74	0.81500
75	0.81500
76	0.81500
77	0.81500
78	0.81500
79	0.81500
80	0.81500
81	0.81500
82	0.81500
83	0.81500
84	0.81500
85	0.81500
86	0.81500
87	0.81500
88	0.81500
89	0.81500
90	0.81500
91	0.81500
92	0.81500
93	0.81500
94	0.81500
95	0.81500
96	0.81500
97	0.81500
98	0.81500
99	0.81500
100	0.81500
101	0.81500
102	0.81500
103	0.81500
104	0.81500
105	0.81500
106	0.81500
107	0.81500
108	0.81500
109	0.81500
110	0.81500
111	0.81500
112	0.81500
113	0.81500
114	0.81500
115	0.81500
116	0.81500
117	0.81500
118	0.81500
119	0.81500
120	0.81500
121	0.81500
122	0.81500
123	0.81500
124	0.81500
125	0.81500
126	0.81500
127	0.81500
128	0.81500
129	0.81500
130	0.81500
131	0.81500
132	0.81500
133	0.81500
134	0.81500
135	0.81500
136	0.81500
137	0.81500
138	0.81500
139	0.81500
140	0.81500
141	0.81500
142	0.81500
143	0.81500
144	0.81500
145	0.81500
146	0.81500
147	0.81500
148	0.81500
149	0.81500
