0	0	0	0	0	0	
1	742	0	0	0	0	
2	722	0	0	0	0	
3	0	661	0	0	0	
4	0	0	569	0	0	
5	0	0	0	476	0	
6	0	0	0	0	430	
7	0	0	0	0	428	
8	0	0	0	0	427	
9	0	0	0	0	427	
10	0	0	0	0	427	
11	0	0	0	0	427	
12	0	0	0	0	427	
13	0	0	0	0	427	
14	0	0	0	0	427	
15	0	0	0	0	427	
16	0	0	0	0	427	
17	0	0	0	0	427	
18	0	0	0	0	427	
19	0	0	0	0	427	
20	0	0	0	0	427	
21	0	0	0	0	427	
22	0	0	0	0	427	
23	0	0	0	0	427	
24	0	0	0	0	427	
25	0	0	0	0	427	
26	0	0	0	0	427	
27	0	0	0	0	427	
28	0	0	0	0	427	
29	0	0	0	0	427	
30	0	0	0	0	427	
31	0	0	0	0	427	
32	0	0	0	0	427	
33	0	0	0	0	427	
34	0	0	0	0	427	
35	0	0	0	0	427	
36	0	0	0	0	427	
37	0	0	0	0	427	
38	0	0	0	0	427	
39	0	0	0	0	427	
40	0	0	0	0	427	
41	0	0	0	0	427	
42	0	0	0	0	427	
43	0	0	0	0	427	
44	0	0	0	0	427	
45	0	0	0	0	427	
46	0	0	0	0	427	
47	0	0	0	0	427	
48	0	0	0	0	427	
49	0	0	0	0	427	
50	0	0	0	0	427	
51	0	0	0	0	427	
52	0	0	0	0	427	
53	0	0	0	0	427	
54	0	0	0	0	427	
55	0	0	0	0	427	
56	0	0	0	0	427	
57	0	0	0	0	427	
58	0	0	0	0	427	
59	0	0	0	0	427	
60	0	0	0	0	427	
61	0	0	0	0	427	
62	0	0	0	0	427	
63	0	0	0	0	427	
64	0	0	0	0	427	
65	0	0	0	0	427	
66	0	0	0	0	427	
67	0	0	0	0	427	
68	0	0	0	0	427	
69	0	0	0	0	427	
70	0	0	0	0	427	
71	0	0	0	0	427	
72	0	0	0	0	427	
73	0	0	0	0	427	
74	0	0	0	0	427	
75	0	0	0	0	427	
76	0	0	0	0	427	
77	0	0	0	0	427	
78	0	0	0	0	427	
79	0	0	0	0	427	
80	0	0	0	0	427	
81	0	0	0	0	427	
82	0	0	0	0	427	
83	0	0	0	0	427	
84	0	0	0	0	427	
85	0	0	0	0	427	
86	0	0	0	0	427	
87	0	0	0	0	427	
88	0	0	0	0	427	
89	0	0	0	0	427	
90	0	0	0	0	427	
91	0	0	0	0	427	
92	0	0	0	0	427	
93	0	0	0	0	427	
94	0	0	0	0	427	
95	0	0	0	0	427	
96	0	0	0	0	427	
97	0	0	0	0	427	
98	0	0	0	0	427	
99	0	0	0	0	427	
100	0	0	0	0	427	
101	0	0	0	0	427	
102	0	0	0	0	427	
103	0	0	0	0	427	
104	0	0	0	0	427	
105	0	0	0	0	427	
106	0	0	0	0	427	
107	0	0	0	0	427	
108	0	0	0	0	427	
109	0	0	0	0	427	
110	0	0	0	0	427	
111	0	0	0	0	427	
112	0	0	0	0	427	
113	0	0	0	0	427	
114	0	0	0	0	427	
115	0	0	0	0	427	
116	0	0	0	0	427	
117	0	0	0	0	427	
118	0	0	0	0	427	
119	0	0	0	0	427	
120	0	0	0	0	427	
121	0	0	0	0	427	
122	0	0	0	0	427	
123	0	0	0	0	427	
124	0	0	0	0	427	
125	0	0	0	0	427	
126	0	0	0	0	427	
127	0	0	0	0	427	
128	0	0	0	0	427	
129	0	0	0	0	427	
130	0	0	0	0	427	
131	0	0	0	0	427	
132	0	0	0	0	427	
133	0	0	0	0	427	
134	0	0	0	0	427	
135	0	0	0	0	427	
136	0	0	0	0	427	
137	0	0	0	0	427	
138	0	0	0	0	427	
139	0	0	0	0	427	
140	0	0	0	0	427	
141	0	0	0	0	427	
142	0	0	0	0	427	
143	0	0	0	0	427	
144	0	0	0	0	427	
145	0	0	0	0	427	
146	0	0	0	0	427	
147	0	0	0	0	427	
148	0	0	0	0	427	
149	0	0	0	0	427	
