0	0.00000
1	0.00000
2	0.00050
3	0.00100
4	0.00100
5	0.00100
6	0.00200
7	0.00150
8	0.00150
9	0.00150
10	0.00200
11	0.00150
12	0.00150
13	0.00250
14	0.00250
15	0.00150
16	0.00450
17	0.00300
18	0.00250
19	0.00500
20	0.00500
21	0.00400
22	0.00250
23	0.00400
24	0.01100
25	0.00700
26	0.00700
27	0.00800
28	0.01100
29	0.01000
30	0.01250
31	0.01350
32	0.01250
33	0.01700
34	0.02350
35	0.01250
36	0.02050
37	0.02650
38	0.01800
39	0.02700
40	0.02500
41	0.03350
42	0.02900
43	0.03150
44	0.02950
45	0.03450
46	0.03100
47	0.03700
48	0.03500
49	0.02450
50	0.03050
51	0.03100
52	0.02900
53	0.02900
54	0.02850
55	0.02350
56	0.01850
57	0.02200
58	0.01350
59	0.01350
60	0.01400
61	0.01850
62	0.00950
63	0.01350
64	0.01250
65	0.01000
66	0.00600
67	0.00750
68	0.00700
69	0.00500
70	0.00350
71	0.00400
72	0.00250
73	0.00550
74	0.00350
75	0.00200
76	0.00250
77	0.00350
78	0.00300
79	0.00150
80	0.00100
81	0.00150
82	0.00200
83	0.00150
84	0.00150
85	0.00050
86	0.00050
87	0.00050
88	0.00000
89	0.00000
90	0.00000
91	0.00100
92	0.00000
93	0.00000
94	0.00000
95	0.00000
96	0.00000
97	0.00000
98	0.00000
99	0.00000
100	0.00000
101	0.00000
102	0.00000
103	0.00000
104	0.00000
105	0.00000
106	0.00000
107	0.00000
108	0.00000
109	0.00000
110	0.00000
111	0.00000
112	0.00000
113	0.00000
114	0.00000
115	0.00000
116	0.00000
117	0.00000
118	0.00000
119	0.00000
120	0.00000
121	0.00000
122	0.00000
123	0.00000
124	0.00000
125	0.00000
126	0.00000
127	0.00000
128	0.00000
129	0.00000
130	0.00000
131	0.00000
132	0.00000
133	0.00000
134	0.00000
135	0.00000
136	0.00000
137	0.00000
138	0.00000
139	0.00000
140	0.00000
141	0.00000
142	0.00000
143	0.00000
144	0.00000
145	0.00000
146	0.00000
147	0.00000
148	0.00000
149	0.00000
