0	0.00500
1	0.00500
2	0.00550
3	0.00650
4	0.00750
5	0.00850
6	0.01050
7	0.01200
8	0.01350
9	0.01500
10	0.01700
11	0.01850
12	0.02000
13	0.02250
14	0.02500
15	0.02650
16	0.03100
17	0.03400
18	0.03650
19	0.04150
20	0.04650
21	0.05050
22	0.05300
23	0.05700
24	0.06800
25	0.07500
26	0.08200
27	0.09000
28	0.10100
29	0.11100
30	0.12350
31	0.13700
32	0.14950
33	0.16650
34	0.19000
35	0.20250
36	0.22300
37	0.24950
38	0.26750
39	0.29450
40	0.31950
41	0.35300
42	0.38200
43	0.41350
44	0.44300
45	0.47750
46	0.50850
47	0.54550
48	0.58050
49	0.60500
50	0.63550
51	0.66650
52	0.69550
53	0.72450
54	0.75300
55	0.77650
56	0.79500
57	0.81700
58	0.83050
59	0.84400
60	0.85800
61	0.87650
62	0.88600
63	0.89950
64	0.91200
65	0.92200
66	0.92800
67	0.93550
68	0.94250
69	0.94750
70	0.95100
71	0.95500
72	0.95750
73	0.96300
74	0.96650
75	0.96850
76	0.97100
77	0.97450
78	0.97750
79	0.97900
80	0.98000
81	0.98150
82	0.98350
83	0.98500
84	0.98650
85	0.98700
86	0.98750
87	0.98800
88	0.98800
89	0.98800
90	0.98800
91	0.98900
92	0.98900
93	0.98900
94	0.98900
95	0.98900
96	0.98900
97	0.98900
98	0.98900
99	0.98900
100	0.98900
101	0.98900
102	0.98900
103	0.98900
104	0.98900
105	0.98900
106	0.98900
107	0.98900
108	0.98900
109	0.98900
110	0.98900
111	0.98900
112	0.98900
113	0.98900
114	0.98900
115	0.98900
116	0.98900
117	0.98900
118	0.98900
119	0.98900
120	0.98900
121	0.98900
122	0.98900
123	0.98900
124	0.98900
125	0.98900
126	0.98900
127	0.98900
128	0.98900
129	0.98900
130	0.98900
131	0.98900
132	0.98900
133	0.98900
134	0.98900
135	0.98900
136	0.98900
137	0.98900
138	0.98900
139	0.98900
140	0.98900
141	0.98900
142	0.98900
143	0.98900
144	0.98900
145	0.98900
146	0.98900
147	0.98900
148	0.98900
149	0.98900
