0	0.00000
1	0.00050
2	0.00050
3	0.00050
4	0.00050
5	0.00050
6	0.00000
7	0.00250
8	0.00050
9	0.00050
10	0.00050
11	0.00050
12	0.00100
13	0.00150
14	0.00250
15	0.00300
16	0.00200
17	0.00150
18	0.00350
19	0.00350
20	0.00300
21	0.00450
22	0.00550
23	0.00600
24	0.00300
25	0.00600
26	0.00450
27	0.00450
28	0.00600
29	0.00550
30	0.00750
31	0.00400
32	0.00650
33	0.00900
34	0.00800
35	0.00650
36	0.01150
37	0.01000
38	0.01050
39	0.01250
40	0.01650
41	0.01150
42	0.01400
43	0.01900
44	0.01100
45	0.01050
46	0.01350
47	0.02000
48	0.01150
49	0.02150
50	0.01800
51	0.01700
52	0.02050
53	0.01600
54	0.01450
55	0.01300
56	0.01750
57	0.01800
58	0.01900
59	0.01450
60	0.01600
61	0.01450
62	0.01400
63	0.01500
64	0.01750
65	0.01750
66	0.01500
67	0.01150
68	0.01100
69	0.01750
70	0.01500
71	0.01100
72	0.01200
73	0.00950
74	0.01000
75	0.01300
76	0.01050
77	0.00800
78	0.00700
79	0.00900
80	0.00850
81	0.00850
82	0.00850
83	0.00700
84	0.00950
85	0.00550
86	0.00750
87	0.00950
88	0.00650
89	0.01100
90	0.00850
91	0.00450
92	0.00600
93	0.00550
94	0.00400
95	0.00400
96	0.00600
97	0.00400
98	0.00800
99	0.00500
100	0.00450
101	0.00550
102	0.00200
103	0.00750
104	0.00500
105	0.00250
106	0.00500
107	0.00250
108	0.00150
109	0.00350
110	0.00350
111	0.00100
112	0.00300
113	0.00300
114	0.00250
115	0.00300
116	0.00350
117	0.00300
118	0.00250
119	0.00250
120	0.00250
121	0.00200
122	0.00150
123	0.00200
124	0.00200
125	0.00200
126	0.00150
127	0.00150
128	0.00150
129	0.00050
130	0.00150
131	0.00100
132	0.00050
133	0.00200
134	0.00050
135	0.00150
136	0.00250
137	0.00100
138	0.00050
139	0.00050
140	0.00050
141	0.00100
142	0.00200
143	0.00050
144	0.00150
145	0.00150
146	0.00100
147	0.00050
148	0.00100
149	0.00050
150	0.00000
151	0.00150
152	0.00050
153	0.00050
154	0.00100
155	0.00000
156	0.00200
157	0.00000
158	0.00050
159	0.00050
160	0.00000
161	0.00100
162	0.00000
163	0.00050
164	0.00000
165	0.00000
166	0.00050
167	0.00050
168	0.00000
169	0.00050
170	0.00000
171	0.00100
172	0.00000
173	0.00000
174	0.00000
175	0.00000
176	0.00000
177	0.00050
178	0.00050
179	0.00000
