0	0.00000
1	0.00000
2	0.00000
3	0.01007
4	0.01410
5	0.03249
6	0.04207
7	0.05758
8	0.05651
9	0.13979
10	0.12342
11	0.11791
12	0.10685
13	0.10291
14	0.13995
15	0.18314
16	0.23641
17	0.40490
18	0.42247
19	0.42426
20	0.49262
21	0.52001
22	0.53930
23	0.59650
24	0.61703
25	0.61378
26	0.56682
27	0.54961
28	0.55766
29	0.50007
30	0.47564
31	0.42444
32	0.44448
33	0.39985
34	0.38297
35	0.42065
36	0.44035
37	0.39751
38	0.44371
39	0.43924
40	0.42591
41	0.40209
42	0.40081
43	0.37841
44	0.33953
45	0.35872
46	0.31679
47	0.27640
48	0.26187
49	0.26051
50	0.23966
51	0.24245
52	0.24573
53	0.22759
54	0.23487
55	0.20853
56	0.19373
57	0.18375
58	0.17654
59	0.17730
60	0.17099
61	0.15209
62	0.14665
63	0.13382
64	0.11990
65	0.10471
66	0.10689
67	0.10914
68	0.11000
69	0.09858
70	0.09020
71	0.09100
72	0.08629
73	0.07592
74	0.07459
75	0.06946
76	0.06617
77	0.06508
78	0.06348
79	0.05992
80	0.05470
81	0.05225
82	0.04930
83	0.04934
84	0.04646
85	0.04525
86	0.04296
87	0.04050
88	0.04047
89	0.04036
90	0.03955
91	0.04250
92	0.04314
93	0.03884
94	0.03517
95	0.03354
96	0.03029
97	0.02947
98	0.02767
99	0.02644
100	0.02849
101	0.02773
102	0.02540
103	0.02639
104	0.02344
105	0.02317
106	0.02134
107	0.01770
108	0.01923
109	0.01751
110	0.01494
111	0.01571
112	0.01357
113	0.01261
114	0.01300
115	0.01147
116	0.01341
117	0.01506
118	0.01756
119	0.01892
120	0.01772
121	0.01638
122	0.01471
123	0.01346
124	0.01242
125	0.00962
126	0.00867
127	0.00917
128	0.00758
129	0.00826
130	0.00730
131	0.00757
132	0.00657
133	0.00611
134	0.00482
135	0.00435
136	0.00313
137	0.00282
138	0.00462
139	0.00477
140	0.00367
141	0.00305
142	0.00176
143	0.00251
144	0.00589
145	0.00417
146	0.00436
147	0.00565
148	0.00591
149	0.00489
150	0.00408
151	0.00170
152	0.00175
153	0.00180
154	0.00158
155	0.00145
156	0.00393
157	0.00375
158	0.00603
159	0.00603
160	0.00476
161	0.00494
162	0.00494
163	0.00354
164	0.00354
165	0.00133
166	0.00139
167	0.00000
168	0.00150
169	0.00181
170	0.00181
171	0.00200
172	0.00200
173	0.00287
174	0.00287
175	0.00115
176	0.00088
177	0.00092
178	0.00097
179	0.00178
