0	0	0	0	0	0	
1	501	0	0	0	0	
2	500	0	0	0	0	
3	500	0	0	0	0	
4	500	0	0	0	0	
5	500	0	0	0	0	
6	500	0	0	0	0	
7	498	0	0	0	0	
8	497	0	0	0	0	
9	497	0	0	0	0	
10	497	0	0	0	0	
11	496	0	0	0	0	
12	494	0	0	0	0	
13	493	0	0	0	0	
14	492	0	0	0	0	
15	492	0	0	0	0	
16	491	0	0	0	0	
17	491	0	0	0	0	
18	488	0	0	0	0	
19	486	1	0	0	0	
20	485	0	1	0	0	
21	482	2	0	1	0	
22	479	1	2	0	1	
23	477	0	1	2	1	
24	476	0	0	1	3	
25	470	1	0	0	4	
26	468	0	1	0	4	
27	465	0	0	1	4	
28	463	0	0	0	5	
29	459	0	0	0	5	
30	456	0	0	0	5	
31	453	0	0	0	5	
32	448	1	0	0	5	
33	445	1	0	0	5	
34	443	1	1	0	5	
35	440	3	1	0	5	
36	434	1	4	0	5	
37	429	1	3	1	5	
38	423	1	1	2	6	
39	418	1	1	2	6	
40	407	1	1	1	7	
41	402	1	1	1	7	
42	391	2	1	1	7	
43	381	2	1	1	7	
44	379	2	1	1	7	
45	374	2	1	1	7	
46	372	2	1	1	7	
47	362	2	1	1	7	
48	357	2	1	1	7	
49	343	2	1	1	7	
50	333	2	1	1	7	
51	330	2	1	1	7	
52	321	2	1	1	7	
53	312	2	1	1	7	
54	298	2	1	1	7	
55	292	2	1	1	7	
56	281	2	1	1	7	
57	274	2	1	1	7	
58	267	2	1	1	7	
59	260	2	1	1	7	
60	250	1	1	1	7	
61	242	1	1	1	7	
62	237	1	1	1	7	
63	231	1	1	1	7	
64	222	0	1	1	7	
65	213	0	1	1	7	
66	205	0	1	1	7	
67	194	0	1	1	7	
68	189	0	1	1	7	
69	177	0	1	1	7	
70	172	0	1	1	7	
71	166	0	1	1	7	
72	159	0	1	1	7	
73	155	0	1	1	7	
74	150	0	1	1	7	
75	143	0	1	1	7	
76	137	0	1	1	7	
77	133	0	1	1	7	
78	133	0	1	1	7	
79	128	0	1	1	7	
80	124	0	1	1	7	
81	120	0	1	1	7	
82	116	0	1	1	7	
83	113	0	1	1	7	
84	109	0	1	1	7	
85	105	0	1	1	7	
86	102	0	1	1	7	
87	95	0	1	1	7	
88	89	0	1	1	7	
89	86	0	1	1	7	
90	83	0	1	1	7	
91	79	0	1	1	7	
92	78	0	1	1	7	
93	73	0	1	1	7	
94	73	0	1	1	7	
95	72	0	1	1	7	
96	66	0	1	1	7	
97	63	0	1	1	7	
98	59	0	1	1	7	
99	57	0	1	1	7	
100	54	0	1	1	7	
101	53	0	1	1	7	
102	53	0	1	1	7	
103	49	0	1	1	7	
104	45	0	1	1	7	
105	44	0	1	1	7	
106	40	0	1	1	7	
107	40	0	1	1	7	
108	39	0	1	1	7	
109	38	0	1	1	7	
110	37	0	1	1	7	
111	36	0	1	1	7	
112	35	0	1	1	7	
113	32	0	1	1	7	
114	31	0	1	1	7	
115	31	0	1	1	7	
116	31	0	1	1	7	
117	26	0	1	1	7	
118	26	0	1	1	7	
119	24	0	1	1	7	
120	23	0	1	1	7	
121	22	0	1	1	7	
122	22	0	1	1	7	
123	22	0	1	1	7	
124	22	0	1	1	7	
125	21	0	1	1	7	
126	20	0	1	1	7	
127	18	0	1	1	7	
128	15	0	1	1	7	
129	14	0	1	1	7	
130	14	0	1	1	7	
131	14	0	1	1	7	
132	14	0	1	1	7	
133	13	0	1	1	7	
134	13	0	1	1	7	
135	13	0	1	1	7	
136	13	0	1	1	7	
137	12	0	1	1	7	
138	12	0	1	1	7	
139	12	0	1	1	7	
140	12	0	1	1	7	
141	12	0	1	1	7	
142	11	0	1	1	7	
143	11	0	1	1	7	
144	11	0	1	1	7	
145	11	0	1	1	7	
146	11	0	1	1	7	
147	11	0	1	1	7	
148	11	0	1	1	7	
149	10	0	1	1	7	
150	10	0	1	1	7	
151	9	0	1	1	7	
152	9	0	1	1	7	
153	8	0	1	1	7	
154	8	0	1	1	7	
155	8	0	1	1	7	
156	5	0	1	1	7	
157	5	0	1	1	7	
158	4	0	1	1	7	
159	4	0	1	1	7	
160	4	0	1	1	7	
161	4	0	1	1	7	
162	4	0	1	1	7	
163	4	0	1	1	7	
164	4	0	1	1	7	
165	4	0	1	1	7	
166	3	0	1	1	7	
167	3	0	1	1	7	
168	3	0	1	1	7	
169	3	0	1	1	7	
170	3	0	1	1	7	
171	3	0	1	1	7	
172	3	0	1	1	7	
173	3	0	1	1	7	
174	3	0	1	1	7	
175	3	0	1	1	7	
176	3	0	1	1	7	
177	2	0	1	1	7	
178	2	0	1	1	7	
179	2	0	1	1	7	
