0	0.00000
1	0.00000
2	0.00000
3	0.29942
4	0.58806
5	0.81724
6	0.84958
7	1.12229
8	1.38246
9	1.49347
10	1.59471
11	1.83245
12	1.87280
13	1.89255
14	1.86450
15	1.78433
16	1.67855
17	1.49668
18	1.34516
19	1.21329
20	1.11936
21	1.03360
22	0.96586
23	0.89293
24	0.83934
25	0.77736
26	0.73999
27	0.71570
28	0.66765
29	0.63363
30	0.59416
31	0.56500
32	0.53321
33	0.50941
34	0.48719
35	0.46629
36	0.45392
37	0.44043
38	0.42625
39	0.41074
40	0.39883
41	0.38677
42	0.37503
43	0.36541
44	0.35520
45	0.34571
46	0.33615
47	0.32738
48	0.32076
49	0.31205
50	0.30493
51	0.29871
52	0.29032
53	0.28570
54	0.28002
55	0.27293
56	0.26836
57	0.25108
58	0.24615
59	0.24123
60	0.23758
61	0.23349
62	0.22834
63	0.22440
64	0.22098
65	0.21687
66	0.21384
67	0.21008
68	0.20701
69	0.20314
70	0.20110
71	0.19806
72	0.19446
73	0.19149
74	0.18881
75	0.18658
76	0.18420
77	0.18254
78	0.18062
79	0.17762
80	0.17174
81	0.16953
82	0.16770
83	0.16598
84	0.16412
85	0.16187
86	0.16002
87	0.15888
88	0.15634
89	0.15390
90	0.15205
91	0.15092
92	0.15004
93	0.14837
94	0.14694
95	0.14553
96	0.14367
97	0.14150
98	0.14006
99	0.13866
100	0.13715
101	0.13649
102	0.13550
103	0.13413
104	0.13304
105	0.13184
106	0.13037
107	0.12804
108	0.12740
109	0.12672
110	0.12579
111	0.12526
112	0.12468
113	0.12307
114	0.12197
115	0.12059
116	0.11966
117	0.11840
118	0.11773
119	0.11701
120	0.11613
121	0.11568
122	0.11466
123	0.11176
124	0.11122
125	0.11115
126	0.11067
127	0.10954
128	0.10541
129	0.10384
130	0.10371
131	0.10244
132	0.10173
133	0.10086
134	0.10000
135	0.09982
136	0.09930
137	0.09825
138	0.09825
139	0.09722
140	0.09702
141	0.09572
142	0.09480
143	0.09400
144	0.09358
145	0.09279
146	0.09267
147	0.09151
148	0.09141
149	0.09106
150	0.09025
151	0.09012
152	0.08933
153	0.08884
154	0.08844
155	0.08844
156	0.08760
157	0.08701
158	0.08627
159	0.08551
160	0.08478
161	0.08467
162	0.08425
163	0.08367
164	0.08313
165	0.08265
166	0.08217
167	0.08184
168	0.08152
169	0.08087
170	0.08025
171	0.07983
172	0.07916
173	0.07916
174	0.07876
175	0.07797
176	0.07797
177	0.07740
178	0.07701
179	0.07644
180	0.07611
181	0.07611
182	0.07566
183	0.07521
184	0.07486
185	0.07474
186	0.07453
187	0.07429
188	0.07402
189	0.07366
190	0.07337
191	0.07292
192	0.07233
193	0.07185
194	0.07152
195	0.07134
196	0.07055
197	0.07031
198	0.06982
199	0.06253
