0	0.00500
1	0.01200
2	0.03550
3	0.09400
4	0.22100
5	0.44300
6	0.64050
7	0.72800
8	0.75900
9	0.76700
10	0.76950
11	0.76950
12	0.77050
13	0.77050
14	0.77050
15	0.77050
16	0.77050
17	0.77050
18	0.77050
19	0.77050
20	0.77050
21	0.77050
22	0.77050
23	0.77050
24	0.77050
25	0.77050
26	0.77050
27	0.77050
28	0.77050
29	0.77050
30	0.77050
31	0.77050
32	0.77050
33	0.77050
34	0.77050
35	0.77050
36	0.77050
37	0.77050
38	0.77050
39	0.77050
40	0.77050
41	0.77050
42	0.77050
43	0.77050
44	0.77050
45	0.77050
46	0.77050
47	0.77050
48	0.77050
49	0.77050
50	0.77050
51	0.77050
52	0.77050
53	0.77050
54	0.77050
55	0.77050
56	0.77050
57	0.77050
58	0.77050
59	0.77050
60	0.77050
61	0.77050
62	0.77050
63	0.77050
64	0.77050
65	0.77050
66	0.77050
67	0.77050
68	0.77050
69	0.77050
70	0.77050
71	0.77050
72	0.77050
73	0.77050
74	0.77050
75	0.77050
76	0.77050
77	0.77050
78	0.77050
79	0.77050
80	0.77050
81	0.77050
82	0.77050
83	0.77050
84	0.77050
85	0.77050
86	0.77050
87	0.77050
88	0.77050
89	0.77050
90	0.77050
91	0.77050
92	0.77050
93	0.77050
94	0.77050
95	0.77050
96	0.77050
97	0.77050
98	0.77050
99	0.77050
100	0.77050
101	0.77050
102	0.77050
103	0.77050
104	0.77050
105	0.77050
106	0.77050
107	0.77050
108	0.77050
109	0.77050
110	0.77050
111	0.77050
112	0.77050
113	0.77050
114	0.77050
115	0.77050
116	0.77050
117	0.77050
118	0.77050
119	0.77050
120	0.77050
121	0.77050
122	0.77050
123	0.77050
124	0.77050
125	0.77050
126	0.77050
127	0.77050
128	0.77050
129	0.77050
130	0.77050
131	0.77050
132	0.77050
133	0.77050
134	0.77050
135	0.77050
136	0.77050
137	0.77050
138	0.77050
139	0.77050
140	0.77050
141	0.77050
142	0.77050
143	0.77050
144	0.77050
145	0.77050
146	0.77050
147	0.77050
148	0.77050
149	0.77050
