0	0.00500
1	0.01200
2	0.03100
3	0.09000
4	0.21000
5	0.41200
6	0.60150
7	0.70450
8	0.74750
9	0.75750
10	0.75950
11	0.76050
12	0.76150
13	0.76150
14	0.76150
15	0.76150
16	0.76150
17	0.76150
18	0.76150
19	0.76150
20	0.76150
21	0.76150
22	0.76150
23	0.76150
24	0.76150
25	0.76150
26	0.76150
27	0.76150
28	0.76150
29	0.76150
30	0.76150
31	0.76150
32	0.76150
33	0.76150
34	0.76150
35	0.76150
36	0.76150
37	0.76150
38	0.76150
39	0.76150
40	0.76150
41	0.76150
42	0.76150
43	0.76150
44	0.76150
45	0.76150
46	0.76150
47	0.76150
48	0.76150
49	0.76150
50	0.76150
51	0.76150
52	0.76150
53	0.76150
54	0.76150
55	0.76150
56	0.76150
57	0.76150
58	0.76150
59	0.76150
60	0.76150
61	0.76150
62	0.76150
63	0.76150
64	0.76150
65	0.76150
66	0.76150
67	0.76150
68	0.76150
69	0.76150
70	0.76150
71	0.76150
72	0.76150
73	0.76150
74	0.76150
75	0.76150
76	0.76150
77	0.76150
78	0.76150
79	0.76150
80	0.76150
81	0.76150
82	0.76150
83	0.76150
84	0.76150
85	0.76150
86	0.76150
87	0.76150
88	0.76150
89	0.76150
90	0.76150
91	0.76150
92	0.76150
93	0.76150
94	0.76150
95	0.76150
96	0.76150
97	0.76150
98	0.76150
99	0.76150
100	0.76150
101	0.76150
102	0.76150
103	0.76150
104	0.76150
105	0.76150
106	0.76150
107	0.76150
108	0.76150
109	0.76150
110	0.76150
111	0.76150
112	0.76150
113	0.76150
114	0.76150
115	0.76150
116	0.76150
117	0.76150
118	0.76150
119	0.76150
120	0.76150
121	0.76150
122	0.76150
123	0.76150
124	0.76150
125	0.76150
126	0.76150
127	0.76150
128	0.76150
129	0.76150
130	0.76150
131	0.76150
132	0.76150
133	0.76150
134	0.76150
135	0.76150
136	0.76150
137	0.76150
138	0.76150
139	0.76150
140	0.76150
141	0.76150
142	0.76150
143	0.76150
144	0.76150
145	0.76150
146	0.76150
147	0.76150
148	0.76150
149	0.76150
