0	0	0	0	0	0	
1	747	0	0	0	0	
2	734	0	0	0	0	
3	0	701	0	0	0	
4	0	0	622	0	0	
5	0	0	0	529	0	
6	0	0	0	0	488	
7	0	0	0	0	481	
8	0	0	0	0	477	
9	0	0	0	0	477	
10	0	0	0	0	477	
11	0	0	0	0	477	
12	0	0	0	0	477	
13	0	0	0	0	477	
14	0	0	0	0	477	
15	0	0	0	0	477	
16	0	0	0	0	477	
17	0	0	0	0	477	
18	0	0	0	0	477	
19	0	0	0	0	477	
20	0	0	0	0	477	
21	0	0	0	0	477	
22	0	0	0	0	477	
23	0	0	0	0	477	
24	0	0	0	0	477	
25	0	0	0	0	477	
26	0	0	0	0	477	
27	0	0	0	0	477	
28	0	0	0	0	477	
29	0	0	0	0	477	
30	0	0	0	0	477	
31	0	0	0	0	477	
32	0	0	0	0	477	
33	0	0	0	0	477	
34	0	0	0	0	477	
35	0	0	0	0	477	
36	0	0	0	0	477	
37	0	0	0	0	477	
38	0	0	0	0	477	
39	0	0	0	0	477	
40	0	0	0	0	477	
41	0	0	0	0	477	
42	0	0	0	0	477	
43	0	0	0	0	477	
44	0	0	0	0	477	
45	0	0	0	0	477	
46	0	0	0	0	477	
47	0	0	0	0	477	
48	0	0	0	0	477	
49	0	0	0	0	477	
50	0	0	0	0	477	
51	0	0	0	0	477	
52	0	0	0	0	477	
53	0	0	0	0	477	
54	0	0	0	0	477	
55	0	0	0	0	477	
56	0	0	0	0	477	
57	0	0	0	0	477	
58	0	0	0	0	477	
59	0	0	0	0	477	
60	0	0	0	0	477	
61	0	0	0	0	477	
62	0	0	0	0	477	
63	0	0	0	0	477	
64	0	0	0	0	477	
65	0	0	0	0	477	
66	0	0	0	0	477	
67	0	0	0	0	477	
68	0	0	0	0	477	
69	0	0	0	0	477	
70	0	0	0	0	477	
71	0	0	0	0	477	
72	0	0	0	0	477	
73	0	0	0	0	477	
74	0	0	0	0	477	
75	0	0	0	0	477	
76	0	0	0	0	477	
77	0	0	0	0	477	
78	0	0	0	0	477	
79	0	0	0	0	477	
80	0	0	0	0	477	
81	0	0	0	0	477	
82	0	0	0	0	477	
83	0	0	0	0	477	
84	0	0	0	0	477	
85	0	0	0	0	477	
86	0	0	0	0	477	
87	0	0	0	0	477	
88	0	0	0	0	477	
89	0	0	0	0	477	
90	0	0	0	0	477	
91	0	0	0	0	477	
92	0	0	0	0	477	
93	0	0	0	0	477	
94	0	0	0	0	477	
95	0	0	0	0	477	
96	0	0	0	0	477	
97	0	0	0	0	477	
98	0	0	0	0	477	
99	0	0	0	0	477	
100	0	0	0	0	477	
101	0	0	0	0	477	
102	0	0	0	0	477	
103	0	0	0	0	477	
104	0	0	0	0	477	
105	0	0	0	0	477	
106	0	0	0	0	477	
107	0	0	0	0	477	
108	0	0	0	0	477	
109	0	0	0	0	477	
110	0	0	0	0	477	
111	0	0	0	0	477	
112	0	0	0	0	477	
113	0	0	0	0	477	
114	0	0	0	0	477	
115	0	0	0	0	477	
116	0	0	0	0	477	
117	0	0	0	0	477	
118	0	0	0	0	477	
119	0	0	0	0	477	
120	0	0	0	0	477	
121	0	0	0	0	477	
122	0	0	0	0	477	
123	0	0	0	0	477	
124	0	0	0	0	477	
125	0	0	0	0	477	
126	0	0	0	0	477	
127	0	0	0	0	477	
128	0	0	0	0	477	
129	0	0	0	0	477	
130	0	0	0	0	477	
131	0	0	0	0	477	
132	0	0	0	0	477	
133	0	0	0	0	477	
134	0	0	0	0	477	
135	0	0	0	0	477	
136	0	0	0	0	477	
137	0	0	0	0	477	
138	0	0	0	0	477	
139	0	0	0	0	477	
140	0	0	0	0	477	
141	0	0	0	0	477	
142	0	0	0	0	477	
143	0	0	0	0	477	
144	0	0	0	0	477	
145	0	0	0	0	477	
146	0	0	0	0	477	
147	0	0	0	0	477	
148	0	0	0	0	477	
149	0	0	0	0	477	
