0	0.00500
1	0.01850
2	0.05000
3	0.14050
4	0.34600
5	0.58900
6	0.74500
7	0.79700
8	0.80700
9	0.81100
10	0.81100
11	0.81100
12	0.81100
13	0.81100
14	0.81100
15	0.81100
16	0.81100
17	0.81100
18	0.81100
19	0.81100
20	0.81100
21	0.81100
22	0.81100
23	0.81100
24	0.81100
25	0.81100
26	0.81100
27	0.81100
28	0.81100
29	0.81100
30	0.81100
31	0.81100
32	0.81100
33	0.81100
34	0.81100
35	0.81100
36	0.81100
37	0.81100
38	0.81100
39	0.81100
40	0.81100
41	0.81100
42	0.81100
43	0.81100
44	0.81100
45	0.81100
46	0.81100
47	0.81100
48	0.81100
49	0.81100
50	0.81100
51	0.81100
52	0.81100
53	0.81100
54	0.81100
55	0.81100
56	0.81100
57	0.81100
58	0.81100
59	0.81100
60	0.81100
61	0.81100
62	0.81100
63	0.81100
64	0.81100
65	0.81100
66	0.81100
67	0.81100
68	0.81100
69	0.81100
70	0.81100
71	0.81100
72	0.81100
73	0.81100
74	0.81100
75	0.81100
76	0.81100
77	0.81100
78	0.81100
79	0.81100
80	0.81100
81	0.81100
82	0.81100
83	0.81100
84	0.81100
85	0.81100
86	0.81100
87	0.81100
88	0.81100
89	0.81100
90	0.81100
91	0.81100
92	0.81100
93	0.81100
94	0.81100
95	0.81100
96	0.81100
97	0.81100
98	0.81100
99	0.81100
