0	0.00500
1	0.00700
2	0.00900
3	0.00900
4	0.01050
5	0.01100
6	0.01300
7	0.01500
8	0.01600
9	0.01700
10	0.01800
11	0.02050
12	0.02250
13	0.02450
14	0.02600
15	0.02750
16	0.03000
17	0.03200
18	0.03350
19	0.03750
20	0.03850
21	0.04100
22	0.04450
23	0.04800
24	0.05050
25	0.05350
26	0.05650
27	0.06100
28	0.06400
29	0.06750
30	0.07250
31	0.07850
32	0.08600
33	0.09300
34	0.09800
35	0.10450
36	0.11050
37	0.11500
38	0.12450
39	0.13050
40	0.14100
41	0.15150
42	0.15950
43	0.16700
44	0.17900
45	0.19250
46	0.20300
47	0.21750
48	0.22950
49	0.24600
50	0.26050
51	0.27350
52	0.28650
53	0.30050
54	0.31350
55	0.32950
56	0.34250
57	0.35700
58	0.36900
59	0.38550
60	0.39500
61	0.40650
62	0.42000
63	0.43300
64	0.44350
65	0.45550
66	0.46500
67	0.47400
68	0.48150
69	0.48600
70	0.49500
71	0.50650
72	0.51550
73	0.52250
74	0.53250
75	0.53750
76	0.54800
77	0.55350
78	0.56150
79	0.57200
80	0.57550
81	0.57800
82	0.58200
83	0.58500
84	0.59050
85	0.59550
86	0.59850
87	0.60450
88	0.60750
89	0.61000
90	0.61400
91	0.61550
92	0.61800
93	0.61900
94	0.62150
95	0.62150
96	0.62250
97	0.62400
98	0.62550
99	0.62650
100	0.62700
101	0.62800
102	0.62900
103	0.63000
104	0.63150
105	0.63200
106	0.63400
107	0.63450
108	0.63500
109	0.63550
110	0.63600
111	0.63650
112	0.63700
113	0.63800
114	0.63800
115	0.63800
116	0.63800
117	0.63800
118	0.63850
119	0.63850
120	0.63900
121	0.63900
122	0.63900
123	0.63900
124	0.63900
125	0.64000
126	0.64000
127	0.64000
128	0.64050
129	0.64050
130	0.64050
131	0.64050
132	0.64050
133	0.64050
134	0.64050
135	0.64100
136	0.64100
137	0.64100
138	0.64150
139	0.64150
140	0.64150
141	0.64150
142	0.64150
143	0.64200
144	0.64200
145	0.64200
146	0.64200
147	0.64200
148	0.64200
149	0.64200
