0	0	0	0	0	0	
1	749	0	0	0	0	
2	746	0	0	0	0	
3	127	619	0	0	0	
4	7	120	619	0	0	
5	7	0	120	619	0	
6	0	7	0	120	619	
7	0	0	6	0	739	
8	0	0	0	6	739	
9	0	0	0	0	745	
10	0	0	0	0	745	
11	0	0	0	0	745	
12	0	0	0	0	745	
13	0	0	0	0	744	
14	0	0	0	0	744	
15	0	0	0	0	744	
16	0	0	0	0	744	
17	0	0	0	0	744	
18	0	0	0	0	744	
19	0	0	0	0	744	
20	0	0	0	0	744	
21	0	0	0	0	744	
22	0	0	0	0	744	
23	0	0	0	0	744	
24	0	0	0	0	743	
25	0	0	0	0	743	
26	0	0	0	0	743	
27	0	0	0	0	743	
28	0	0	0	0	743	
29	0	0	0	0	743	
30	0	0	0	0	743	
31	0	0	0	0	743	
32	0	0	0	0	742	
33	0	0	0	0	742	
34	0	0	0	0	742	
35	0	0	0	0	742	
36	0	0	0	0	742	
37	0	0	0	0	742	
38	0	0	0	0	742	
39	0	0	0	0	742	
40	0	0	0	0	741	
41	0	0	0	0	741	
42	0	0	0	0	739	
43	0	0	0	0	738	
44	0	0	0	0	738	
45	0	0	0	0	738	
46	0	0	0	0	736	
47	0	0	0	0	733	
48	0	0	0	0	733	
49	0	0	0	0	733	
50	0	0	0	0	731	
51	0	0	0	0	730	
52	0	0	0	0	730	
53	0	0	0	0	730	
54	0	0	0	0	730	
55	0	0	0	0	729	
56	0	0	0	0	728	
57	0	0	0	0	728	
58	0	0	0	0	728	
59	0	0	0	0	728	
60	0	0	0	0	728	
61	0	0	0	0	728	
62	0	0	0	0	727	
63	0	0	0	0	727	
64	0	0	0	0	725	
65	0	0	0	0	724	
66	0	0	0	0	723	
67	0	0	0	0	722	
68	0	0	0	0	721	
69	0	0	0	0	721	
70	0	0	0	0	721	
71	0	0	0	0	720	
72	0	0	0	0	720	
73	0	0	0	0	719	
74	0	0	0	0	719	
75	0	0	0	0	718	
76	0	0	0	0	718	
77	0	0	0	0	717	
78	0	0	0	0	716	
79	0	0	0	0	715	
80	0	0	0	0	715	
81	0	0	0	0	715	
82	0	0	0	0	715	
83	0	0	0	0	715	
84	0	0	0	0	715	
85	0	0	0	0	715	
86	0	0	0	0	715	
87	0	0	0	0	714	
88	0	0	0	0	714	
89	0	0	0	0	714	
90	0	0	0	0	714	
91	0	0	0	0	714	
92	0	0	0	0	714	
93	0	0	0	0	714	
94	0	0	0	0	714	
95	0	0	0	0	714	
96	0	0	0	0	714	
97	0	0	0	0	714	
98	0	0	0	0	714	
99	0	0	0	0	714	
100	0	0	0	0	714	
101	0	0	0	0	714	
102	0	0	0	0	714	
103	0	0	0	0	714	
104	0	0	0	0	714	
105	0	0	0	0	714	
106	0	0	0	0	714	
107	0	0	0	0	714	
108	0	0	0	0	714	
109	0	0	0	0	714	
110	0	0	0	0	714	
111	0	0	0	0	714	
112	0	0	0	0	714	
113	0	0	0	0	714	
114	0	0	0	0	714	
115	0	0	0	0	714	
116	0	0	0	0	714	
117	0	0	0	0	714	
118	0	0	0	0	714	
119	0	0	0	0	714	
120	0	0	0	0	714	
121	0	0	0	0	714	
122	0	0	0	0	714	
123	0	0	0	0	714	
124	0	0	0	0	714	
125	0	0	0	0	714	
126	0	0	0	0	714	
127	0	0	0	0	714	
128	0	0	0	0	714	
129	0	0	0	0	714	
130	0	0	0	0	714	
131	0	0	0	0	714	
132	0	0	0	0	714	
133	0	0	0	0	714	
134	0	0	0	0	714	
135	0	0	0	0	714	
136	0	0	0	0	714	
137	0	0	0	0	714	
138	0	0	0	0	714	
139	0	0	0	0	714	
140	0	0	0	0	714	
141	0	0	0	0	714	
142	0	0	0	0	714	
143	0	0	0	0	714	
144	0	0	0	0	714	
145	0	0	0	0	714	
146	0	0	0	0	714	
147	0	0	0	0	714	
148	0	0	0	0	714	
149	0	0	0	0	714	
