0	0.00000
1	0.00000
2	0.00000
3	0.00000
4	0.00000
5	0.03191
6	0.04452
7	0.04760
8	0.05328
9	0.06682
10	0.08102
11	0.12110
12	0.10324
13	0.11408
14	0.19378
15	0.29264
16	0.31485
17	0.32808
18	0.34365
19	0.34394
20	0.31823
21	0.40154
22	0.41586
23	0.46577
24	0.44983
25	0.50945
26	0.57844
27	0.59987
28	0.61380
29	0.56218
30	0.49519
31	0.56505
32	0.53254
33	0.52090
34	0.49279
35	0.48841
36	0.44930
37	0.42617
38	0.43397
39	0.45162
40	0.47078
41	0.42078
42	0.35913
43	0.35153
44	0.33565
45	0.32503
46	0.31050
47	0.27339
48	0.27169
49	0.25682
50	0.22571
51	0.21881
52	0.21373
53	0.20853
54	0.20801
55	0.21456
56	0.21145
57	0.20377
58	0.19240
59	0.19415
60	0.17553
61	0.17849
62	0.16152
63	0.15242
64	0.13954
65	0.13566
66	0.12855
67	0.11905
68	0.10862
69	0.10680
70	0.09689
71	0.09468
72	0.09104
73	0.09185
74	0.08657
75	0.08556
76	0.08425
77	0.08077
78	0.07908
79	0.07436
80	0.06861
81	0.06158
82	0.05684
83	0.05734
84	0.05539
85	0.05086
86	0.04479
87	0.04528
88	0.04286
89	0.03980
90	0.03534
91	0.03371
92	0.03183
93	0.03485
94	0.03329
95	0.03275
96	0.03647
97	0.03393
98	0.03164
99	0.02780
100	0.02797
101	0.02750
102	0.02588
103	0.02433
104	0.02533
105	0.02354
106	0.02633
107	0.02522
108	0.02231
109	0.02101
110	0.01863
111	0.01710
112	0.01429
113	0.01254
114	0.01154
115	0.01263
116	0.01095
117	0.01008
118	0.01044
119	0.01325
120	0.01258
121	0.01413
122	0.01616
123	0.02023
124	0.02083
125	0.01964
126	0.01517
127	0.01328
128	0.01358
129	0.01239
130	0.01296
131	0.01149
132	0.01204
133	0.01243
134	0.01227
135	0.01045
136	0.01018
137	0.00713
138	0.00880
139	0.00656
140	0.00510
141	0.00729
142	0.00755
143	0.00489
144	0.00512
145	0.00392
146	0.00438
147	0.00565
148	0.00269
149	0.00341
150	0.00337
151	0.00344
152	0.00547
153	0.00601
154	0.00422
155	0.00403
156	0.00301
157	0.00229
158	0.00293
159	0.00155
160	0.00143
161	0.00165
162	0.00170
163	0.00183
164	0.00196
165	0.00125
166	0.00046
167	0.00046
168	0.00062
169	0.00047
170	0.00147
171	0.00147
172	0.00160
173	0.00170
174	0.00170
175	0.00154
176	0.00154
177	0.00036
178	0.00036
179	0.00022
