0	0.00500
1	0.01700
2	0.04650
3	0.12000
4	0.28900
5	0.54550
6	0.74900
7	0.84100
8	0.86650
9	0.87050
10	0.87100
11	0.87100
12	0.87100
13	0.87100
14	0.87100
15	0.87100
16	0.87100
17	0.87100
18	0.87100
19	0.87100
20	0.87100
21	0.87100
22	0.87100
23	0.87100
24	0.87100
25	0.87100
26	0.87100
27	0.87100
28	0.87100
29	0.87100
30	0.87100
31	0.87100
32	0.87100
33	0.87100
34	0.87100
35	0.87100
36	0.87100
37	0.87100
38	0.87100
39	0.87100
40	0.87100
41	0.87100
42	0.87100
43	0.87100
44	0.87100
45	0.87100
46	0.87100
47	0.87100
48	0.87100
49	0.87100
50	0.87100
51	0.87100
52	0.87100
53	0.87100
54	0.87100
55	0.87100
56	0.87100
57	0.87100
58	0.87100
59	0.87100
60	0.87100
61	0.87100
62	0.87100
63	0.87100
64	0.87100
65	0.87100
66	0.87100
67	0.87100
68	0.87100
69	0.87100
70	0.87100
71	0.87100
72	0.87100
73	0.87100
74	0.87100
75	0.87100
76	0.87100
77	0.87100
78	0.87100
79	0.87100
80	0.87100
81	0.87100
82	0.87100
83	0.87100
84	0.87100
85	0.87100
86	0.87100
87	0.87100
88	0.87100
89	0.87100
90	0.87100
91	0.87100
92	0.87100
93	0.87100
94	0.87100
95	0.87100
96	0.87100
97	0.87100
98	0.87100
99	0.87100
100	0.87100
101	0.87100
102	0.87100
103	0.87100
104	0.87100
105	0.87100
106	0.87100
107	0.87100
108	0.87100
109	0.87100
110	0.87100
111	0.87100
112	0.87100
113	0.87100
114	0.87100
115	0.87100
116	0.87100
117	0.87100
118	0.87100
119	0.87100
120	0.87100
121	0.87100
122	0.87100
123	0.87100
124	0.87100
125	0.87100
126	0.87100
127	0.87100
128	0.87100
129	0.87100
130	0.87100
131	0.87100
132	0.87100
133	0.87100
134	0.87100
135	0.87100
136	0.87100
137	0.87100
138	0.87100
139	0.87100
140	0.87100
141	0.87100
142	0.87100
143	0.87100
144	0.87100
145	0.87100
146	0.87100
147	0.87100
148	0.87100
149	0.87100
