0	0	0	0	0	0	
1	737	0	0	0	0	
2	720	0	0	0	0	
3	535	137	0	0	0	
4	5	415	116	0	0	
5	3	22	258	104	0	
6	1	14	107	109	64	
7	0	9	92	88	80	
8	0	8	88	85	78	
9	0	8	87	84	78	
10	0	8	87	84	78	
11	0	8	87	84	78	
12	0	8	87	84	78	
13	0	8	87	84	78	
14	0	8	87	84	78	
15	0	8	87	84	78	
16	0	8	87	84	78	
17	0	8	87	84	78	
18	0	8	87	84	78	
19	0	8	87	84	78	
20	0	8	87	84	78	
21	0	8	87	84	78	
22	0	8	87	84	78	
23	0	8	87	84	78	
24	0	8	87	84	78	
25	0	8	87	84	78	
26	0	8	87	84	78	
27	0	8	87	84	78	
28	0	8	87	84	78	
29	0	8	87	84	78	
30	0	8	87	84	78	
31	0	8	87	84	78	
32	0	8	87	84	78	
33	0	8	87	84	78	
34	0	8	87	84	78	
35	0	8	87	84	78	
36	0	8	87	84	78	
37	0	8	87	84	78	
38	0	8	87	84	78	
39	0	8	87	84	78	
40	0	8	87	84	78	
41	0	8	87	84	78	
42	0	8	87	84	78	
43	0	8	87	84	78	
44	0	8	87	84	78	
45	0	8	87	84	78	
46	0	8	87	84	78	
47	0	8	87	84	78	
48	0	8	87	84	78	
49	0	8	87	84	78	
50	0	8	87	84	78	
51	0	8	87	84	78	
52	0	8	87	84	78	
53	0	8	87	84	78	
54	0	8	87	84	78	
55	0	8	87	84	78	
56	0	8	87	84	78	
57	0	8	87	84	78	
58	0	8	87	84	78	
59	0	8	87	84	78	
60	0	8	87	84	78	
61	0	8	87	84	78	
62	0	8	87	84	78	
63	0	8	87	84	78	
64	0	8	87	84	78	
65	0	8	87	84	78	
66	0	8	87	84	78	
67	0	8	87	84	78	
68	0	8	87	84	78	
69	0	8	87	84	78	
70	0	8	87	84	78	
71	0	8	87	84	78	
72	0	8	87	84	78	
73	0	8	87	84	78	
74	0	8	87	84	78	
75	0	8	87	84	78	
76	0	8	87	84	78	
77	0	8	87	84	78	
78	0	8	87	84	78	
79	0	8	87	84	78	
80	0	8	87	84	78	
81	0	8	87	84	78	
82	0	8	87	84	78	
83	0	8	87	84	78	
84	0	8	87	84	78	
85	0	8	87	84	78	
86	0	8	87	84	78	
87	0	8	87	84	78	
88	0	8	87	84	78	
89	0	8	87	84	78	
90	0	8	87	84	78	
91	0	8	87	84	78	
92	0	8	87	84	78	
93	0	8	87	84	78	
94	0	8	87	84	78	
95	0	8	87	84	78	
96	0	8	87	84	78	
97	0	8	87	84	78	
98	0	8	87	84	78	
99	0	8	87	84	78	
100	0	8	87	84	78	
101	0	8	87	84	78	
102	0	8	87	84	78	
103	0	8	87	84	78	
104	0	8	87	84	78	
105	0	8	87	84	78	
106	0	8	87	84	78	
107	0	8	87	84	78	
108	0	8	87	84	78	
109	0	8	87	84	78	
110	0	8	87	84	78	
111	0	8	87	84	78	
112	0	8	87	84	78	
113	0	8	87	84	78	
114	0	8	87	84	78	
115	0	8	87	84	78	
116	0	8	87	84	78	
117	0	8	87	84	78	
118	0	8	87	84	78	
119	0	8	87	84	78	
120	0	8	87	84	78	
121	0	8	87	84	78	
122	0	8	87	84	78	
123	0	8	87	84	78	
124	0	8	87	84	78	
125	0	8	87	84	78	
126	0	8	87	84	78	
127	0	8	87	84	78	
128	0	8	87	84	78	
129	0	8	87	84	78	
130	0	8	87	84	78	
131	0	8	87	84	78	
132	0	8	87	84	78	
133	0	8	87	84	78	
134	0	8	87	84	78	
135	0	8	87	84	78	
136	0	8	87	84	78	
137	0	8	87	84	78	
138	0	8	87	84	78	
139	0	8	87	84	78	
140	0	8	87	84	78	
141	0	8	87	84	78	
142	0	8	87	84	78	
143	0	8	87	84	78	
144	0	8	87	84	78	
145	0	8	87	84	78	
146	0	8	87	84	78	
147	0	8	87	84	78	
148	0	8	87	84	78	
149	0	8	87	84	78	
