0	0.00000
1	0.00150
2	0.00200
3	0.00450
4	0.00900
5	0.01550
6	0.02300
7	0.03250
8	0.04550
9	0.05500
10	0.05900
11	0.06350
12	0.05850
13	0.05950
14	0.04950
15	0.04600
16	0.02850
17	0.02550
18	0.02350
19	0.01650
20	0.01900
21	0.00850
22	0.00700
23	0.01000
24	0.00450
25	0.00550
26	0.00250
27	0.00250
28	0.00250
29	0.00150
30	0.00250
31	0.00250
32	0.00100
33	0.00050
34	0.00100
35	0.00100
36	0.00000
37	0.00100
38	0.00050
39	0.00000
40	0.00000
41	0.00000
42	0.00050
43	0.00000
44	0.00000
45	0.00000
46	0.00000
47	0.00000
48	0.00050
49	0.00000
50	0.00000
51	0.00000
52	0.00000
53	0.00000
54	0.00000
55	0.00000
56	0.00000
57	0.00000
58	0.00000
59	0.00000
60	0.00000
61	0.00000
62	0.00000
63	0.00000
64	0.00000
65	0.00000
66	0.00000
67	0.00000
68	0.00000
69	0.00000
70	0.00000
71	0.00000
72	0.00000
73	0.00000
74	0.00000
75	0.00000
76	0.00000
77	0.00000
78	0.00000
79	0.00000
80	0.00000
81	0.00000
82	0.00000
83	0.00000
84	0.00000
85	0.00000
86	0.00000
87	0.00000
88	0.00000
89	0.00000
90	0.00000
91	0.00000
92	0.00000
93	0.00000
94	0.00000
95	0.00000
96	0.00000
97	0.00000
98	0.00000
99	0.00000
