0	0.00000
1	0.00000
2	0.00000
3	0.02114
4	0.05053
5	0.26685
6	0.61575
7	1.04029
8	1.32338
9	1.47853
10	1.42470
11	1.43556
12	1.37919
13	1.21626
14	1.01342
15	0.81475
16	0.62646
17	0.49274
18	0.36091
19	0.26607
20	0.20423
21	0.15837
22	0.12705
23	0.09729
24	0.07491
25	0.06542
26	0.05319
27	0.04602
28	0.03746
29	0.03171
30	0.02725
31	0.02319
32	0.01894
33	0.01773
34	0.01347
35	0.01156
36	0.01059
37	0.00973
38	0.00792
39	0.00622
40	0.00365
41	0.00237
42	0.00207
43	0.00103
44	0.00086
45	0.00085
46	0.00006
47	0.00000
48	0.00000
49	0.00000
50	0.00000
51	0.00000
52	0.00000
53	0.00000
54	0.00000
55	0.00000
56	0.00000
57	0.00000
58	0.00000
59	0.00000
60	0.00000
61	0.00000
62	0.00000
63	0.00000
64	0.00000
65	0.00000
66	0.00000
67	0.00000
68	0.00000
69	0.00000
70	0.00000
71	0.00000
72	0.00000
73	0.00000
74	0.00000
75	0.00000
76	0.00000
77	0.00000
78	0.00000
79	0.00000
80	0.00000
81	0.00000
82	0.00000
83	0.00000
84	0.00000
85	0.00000
86	0.00000
87	0.00000
88	0.00000
89	0.00000
90	0.00000
91	0.00000
92	0.00000
93	0.00000
94	0.00000
95	0.00000
96	0.00000
97	0.00000
98	0.00000
99	0.00000
