0	0.00000
1	0.00000
2	0.00000
3	0.02906
4	0.05515
5	0.18270
6	0.35357
7	0.65793
8	0.97657
9	1.23265
10	1.32528
11	1.41894
12	1.39717
13	1.25465
14	1.06537
15	0.86182
16	0.65730
17	0.51622
18	0.37739
19	0.27792
20	0.21335
21	0.16597
22	0.13372
23	0.10253
24	0.07759
25	0.06662
26	0.05434
27	0.04620
28	0.03651
29	0.02882
30	0.02495
31	0.02113
32	0.01685
33	0.01603
34	0.01222
35	0.01075
36	0.01028
37	0.00957
38	0.00819
39	0.00689
40	0.00470
41	0.00379
42	0.00336
43	0.00239
44	0.00207
45	0.00204
46	0.00080
47	0.00057
48	0.00058
49	0.00058
50	0.00101
51	0.00048
52	0.00048
53	0.00048
54	0.00048
55	0.00048
56	0.00048
57	0.00000
58	0.00000
59	0.00000
60	0.00000
61	0.00000
62	0.00000
63	0.00000
64	0.00000
65	0.00000
66	0.00000
67	0.00000
68	0.00000
69	0.00000
70	0.00000
71	0.00000
72	0.00000
73	0.00000
74	0.00000
75	0.00000
76	0.00000
77	0.00000
78	0.00000
79	0.00000
80	0.00000
81	0.00000
82	0.00000
83	0.00000
84	0.00000
85	0.00000
86	0.00000
87	0.00000
88	0.00000
89	0.00000
90	0.00000
91	0.00000
92	0.00000
93	0.00000
94	0.00000
95	0.00000
96	0.00000
97	0.00000
98	0.00000
99	0.00000
