0	0.01000
1	0.01800
2	0.02200
3	0.03100
4	0.05900
5	0.08700
6	0.12200
7	0.17000
8	0.22900
9	0.30700
10	0.37800
11	0.47500
12	0.56100
13	0.64300
14	0.71800
15	0.78700
16	0.81400
17	0.85000
18	0.87300
19	0.88500
20	0.89900
21	0.90500
22	0.90800
23	0.91300
24	0.91800
25	0.92600
26	0.93000
27	0.93200
28	0.93300
29	0.93400
30	0.93400
31	0.93400
32	0.93600
33	0.93600
34	0.93600
35	0.93700
36	0.93800
37	0.93900
38	0.93900
39	0.93900
40	0.93900
41	0.93900
42	0.93900
43	0.93900
44	0.93900
45	0.93900
46	0.93900
47	0.93900
48	0.93900
49	0.93900
50	0.93900
51	0.93900
52	0.93900
53	0.93900
54	0.93900
55	0.93900
56	0.93900
57	0.93900
58	0.93900
59	0.93900
60	0.93900
61	0.93900
62	0.93900
63	0.93900
64	0.93900
65	0.93900
66	0.94000
67	0.94000
68	0.94000
69	0.94000
70	0.94000
71	0.94000
72	0.94000
73	0.94000
74	0.94000
75	0.94000
76	0.94000
77	0.94000
78	0.94000
79	0.94000
80	0.94000
81	0.94000
82	0.94100
83	0.94100
84	0.94100
85	0.94100
86	0.94100
87	0.94100
88	0.94100
89	0.94100
90	0.94100
91	0.94100
92	0.94100
93	0.94100
94	0.94100
95	0.94100
96	0.94100
97	0.94100
98	0.94100
99	0.94100
100	0.94100
101	0.94100
102	0.94100
103	0.94100
104	0.94100
105	0.94100
106	0.94100
107	0.94100
108	0.94100
109	0.94100
110	0.94100
111	0.94100
112	0.94100
113	0.94100
114	0.94100
115	0.94100
116	0.94100
117	0.94100
118	0.94100
119	0.94100
120	0.94100
121	0.94100
122	0.94100
123	0.94100
124	0.94100
125	0.94100
126	0.94100
127	0.94100
128	0.94100
129	0.94100
130	0.94100
131	0.94100
132	0.94100
133	0.94100
134	0.94100
135	0.94100
136	0.94100
137	0.94100
138	0.94100
139	0.94100
140	0.94100
141	0.94100
142	0.94100
143	0.94100
144	0.94100
145	0.94100
146	0.94100
147	0.94100
148	0.94100
149	0.94100
150	0.94100
151	0.94100
152	0.94100
153	0.94100
154	0.94100
155	0.94100
156	0.94100
157	0.94100
158	0.94100
159	0.94100
160	0.94100
161	0.94100
162	0.94100
163	0.94100
164	0.94100
165	0.94100
166	0.94100
167	0.94100
168	0.94100
169	0.94100
170	0.94100
171	0.94100
172	0.94100
173	0.94100
174	0.94100
175	0.94100
176	0.94100
177	0.94100
178	0.94100
179	0.94100
180	0.94100
181	0.94100
182	0.94100
183	0.94100
184	0.94100
185	0.94100
186	0.94100
187	0.94100
188	0.94100
189	0.94100
190	0.94100
191	0.94100
192	0.94100
193	0.94100
194	0.94100
195	0.94100
196	0.94100
197	0.94100
198	0.94100
199	0.94100
