0	0	0	0	0	0	
1	747	0	0	0	0	
2	740	0	0	0	0	
3	732	4	0	0	0	
4	714	10	0	0	0	
5	430	267	6	0	0	
6	155	259	248	6	0	
7	67	90	241	240	6	
8	34	27	91	224	237	
9	22	6	28	89	449	
10	21	1	8	27	530	
11	18	0	4	7	550	
12	18	0	4	4	547	
13	16	0	3	4	544	
14	13	0	3	4	542	
15	12	0	3	4	542	
16	10	0	3	3	541	
17	8	0	3	3	540	
18	6	0	3	3	540	
19	5	0	3	3	539	
20	4	0	3	3	539	
21	4	0	3	3	538	
22	4	0	3	3	538	
23	4	0	3	3	537	
24	4	0	3	3	537	
25	4	0	3	3	537	
26	3	0	3	3	537	
27	3	0	3	3	537	
28	3	0	3	3	537	
29	2	0	3	3	537	
30	2	0	3	3	537	
31	1	0	3	3	537	
32	1	0	3	3	537	
33	1	0	3	3	537	
34	1	0	3	3	537	
35	1	0	3	3	537	
36	1	0	3	3	537	
37	1	0	3	3	537	
38	1	0	3	3	537	
39	1	0	3	3	537	
40	1	0	3	3	537	
41	1	0	3	3	537	
42	1	0	3	3	537	
43	1	0	3	3	537	
44	1	0	3	3	537	
45	1	0	3	3	537	
46	1	0	3	3	537	
47	1	0	3	3	537	
48	1	0	3	3	537	
49	1	0	3	3	537	
50	1	0	3	3	537	
51	1	0	3	3	537	
52	1	0	3	3	537	
53	1	0	3	3	537	
54	1	0	3	3	537	
55	1	0	3	3	537	
56	1	0	3	3	537	
57	1	0	3	3	537	
58	1	0	3	3	537	
59	1	0	3	3	537	
60	1	0	3	3	537	
61	1	0	3	3	537	
62	1	0	3	3	537	
63	1	0	3	3	537	
64	1	0	3	3	537	
65	1	0	3	3	537	
66	1	0	3	3	537	
67	1	0	3	3	537	
68	1	0	3	3	537	
69	1	0	3	3	537	
70	1	0	3	3	537	
71	1	0	3	3	537	
72	1	0	3	3	537	
73	1	0	3	3	537	
74	1	0	3	3	537	
75	1	0	3	3	537	
76	1	0	3	3	537	
77	1	0	3	3	537	
78	1	0	3	3	537	
79	1	0	3	3	537	
80	1	0	3	3	537	
81	1	0	3	3	537	
82	1	0	3	3	537	
83	1	0	3	3	537	
84	1	0	3	3	537	
85	1	0	3	3	537	
86	1	0	3	3	537	
87	1	0	3	3	537	
88	1	0	3	3	537	
89	1	0	3	3	537	
90	1	0	3	3	537	
91	1	0	3	3	537	
92	1	0	3	3	537	
93	1	0	3	3	537	
94	1	0	3	3	537	
95	1	0	3	3	537	
96	1	0	3	3	537	
97	1	0	3	3	537	
98	1	0	3	3	537	
99	1	0	3	3	537	
