0	0.00000
1	0.00000
2	0.00000
3	0.02156
4	0.29984
5	0.63964
6	0.96864
7	1.17237
8	1.25812
9	1.34139
10	1.26775
11	1.11256
12	1.01486
13	0.84877
14	0.64900
15	0.49832
16	0.38489
17	0.28832
18	0.23148
19	0.17909
20	0.14228
21	0.11527
22	0.09735
23	0.07852
24	0.06503
25	0.05303
26	0.04377
27	0.03589
28	0.03492
29	0.02856
30	0.02282
31	0.01799
32	0.01447
33	0.01134
34	0.00896
35	0.00203
36	0.00148
37	0.00097
38	0.00020
39	0.00020
40	0.00000
41	0.00054
42	0.00029
43	0.00022
44	0.00008
45	0.00008
46	0.00021
47	0.00021
48	0.00000
49	0.00000
50	0.00000
51	0.00000
52	0.00000
53	0.00000
54	0.00000
55	0.00000
56	0.00000
57	0.00000
58	0.00000
59	0.00000
60	0.00000
61	0.00000
62	0.00000
63	0.00000
64	0.00000
65	0.00000
66	0.00000
67	0.00000
68	0.00000
69	0.00000
70	0.00000
71	0.00000
72	0.00000
73	0.00000
74	0.00000
75	0.00000
76	0.00000
77	0.00000
78	0.00000
79	0.00000
80	0.00000
81	0.00000
82	0.00000
83	0.00000
84	0.00000
85	0.00000
86	0.00000
87	0.00000
88	0.00000
89	0.00000
90	0.00000
91	0.00000
92	0.00000
93	0.00000
94	0.00000
95	0.00000
96	0.00000
97	0.00000
98	0.00000
99	0.00000
