0	0.00500
1	0.00750
2	0.01250
3	0.02550
4	0.04600
5	0.07850
6	0.12300
7	0.18250
8	0.23600
9	0.28900
10	0.35750
11	0.41450
12	0.46150
13	0.50600
14	0.54750
15	0.57150
16	0.60400
17	0.62550
18	0.64250
19	0.65900
20	0.67350
21	0.68350
22	0.68950
23	0.69550
24	0.69950
25	0.70250
26	0.70800
27	0.70850
28	0.70950
29	0.71050
30	0.71050
31	0.71100
32	0.71100
33	0.71150
34	0.71200
35	0.71250
36	0.71250
37	0.71250
38	0.71250
39	0.71300
40	0.71350
41	0.71350
42	0.71400
43	0.71400
44	0.71450
45	0.71450
46	0.71450
47	0.71450
48	0.71450
49	0.71450
50	0.71450
51	0.71450
52	0.71450
53	0.71450
54	0.71450
55	0.71450
56	0.71450
57	0.71450
58	0.71450
59	0.71450
60	0.71450
61	0.71450
62	0.71450
63	0.71450
64	0.71450
65	0.71450
66	0.71450
67	0.71450
68	0.71450
69	0.71450
70	0.71450
71	0.71450
72	0.71450
73	0.71450
74	0.71500
75	0.71500
76	0.71500
77	0.71500
78	0.71500
79	0.71500
80	0.71500
81	0.71500
82	0.71500
83	0.71500
84	0.71500
85	0.71500
86	0.71500
87	0.71500
88	0.71500
89	0.71500
90	0.71500
91	0.71500
92	0.71500
93	0.71500
94	0.71500
95	0.71500
96	0.71500
97	0.71500
98	0.71500
99	0.71500
