0	0.00000
1	0.00000
2	0.00000
3	0.10822
4	0.51801
5	0.72567
6	0.97499
7	1.27912
8	1.39455
9	1.45770
10	1.36998
11	1.19387
12	0.90901
13	0.70505
14	0.50988
15	0.36728
16	0.25750
17	0.18546
18	0.13672
19	0.10685
20	0.08264
21	0.06611
22	0.05101
23	0.03906
24	0.03084
25	0.02516
26	0.02028
27	0.01391
28	0.00858
29	0.00610
30	0.00478
31	0.00235
32	0.00176
33	0.00044
34	0.00031
35	0.00032
36	0.00004
37	0.00000
38	0.00000
39	0.00000
40	0.00000
41	0.00000
42	0.00000
43	0.00000
44	0.00000
45	0.00000
46	0.00000
47	0.00000
48	0.00000
49	0.00000
50	0.00000
51	0.00000
52	0.00000
53	0.00000
54	0.00000
55	0.00000
56	0.00000
57	0.00000
58	0.00000
59	0.00000
60	0.00000
61	0.00000
62	0.00000
63	0.00000
64	0.00000
65	0.00000
66	0.00000
67	0.00000
68	0.00000
69	0.00000
70	0.00000
71	0.00000
72	0.00000
73	0.00000
74	0.00000
75	0.00000
76	0.00000
77	0.00000
78	0.00000
79	0.00000
80	0.00000
81	0.00000
82	0.00000
83	0.00000
84	0.00000
85	0.00000
86	0.00000
87	0.00000
88	0.00000
89	0.00000
90	0.00000
91	0.00000
92	0.00000
93	0.00000
94	0.00000
95	0.00000
96	0.00000
97	0.00000
98	0.00000
99	0.00000
