73	0.01100
74	0.01550
75	0.00850
76	0.00700
77	0.00900
78	0.00950
79	0.01400
80	0.00750
81	0.01000
82	0.00800
83	0.00750
84	0.00700
85	0.00250
86	0.01100
87	0.00550
88	0.00900
89	0.01050
90	0.00800
91	0.00350
92	0.00600
93	0.00600
94	0.00400
95	0.00800
96	0.00850
97	0.00350
98	0.00950
99	0.00400
100	0.00650
101	0.00350
102	0.00400
103	0.00300
104	0.00200
105	0.00100
106	0.00450
107	0.00300
108	0.00200
109	0.00350
110	0.00450
111	0.00250
112	0.00200
113	0.00300
114	0.00250
115	0.00400
116	0.00200
117	0.00350
118	0.00250
119	0.00150
120	0.00200
121	0.00100
122	0.00150
123	0.00300
124	0.00250
125	0.00150
126	0.00150
127	0.00100
128	0.00000
129	0.00150
130	0.00150
131	0.00100
132	0.00100
133	0.00000
134	0.00150
135	0.00100
136	0.00100
137	0.00100
138	0.00050
139	0.00100
140	0.00100
141	0.00100
142	0.00000
143	0.00000
144	0.00200
145	0.00050
146	0.00050
147	0.00000
148	0.00100
149	0.00050
