73	0.68500
74	0.70050
75	0.70900
76	0.71600
77	0.72500
78	0.73450
79	0.74850
80	0.75600
81	0.76600
82	0.77400
83	0.78150
84	0.78850
85	0.79100
86	0.80200
87	0.80750
88	0.81650
89	0.82700
90	0.83500
91	0.83850
92	0.84450
93	0.85050
94	0.85450
95	0.86250
96	0.87100
97	0.87450
98	0.88400
99	0.88800
100	0.89450
101	0.89800
102	0.90200
103	0.90500
104	0.90700
105	0.90800
106	0.91250
107	0.91550
108	0.91750
109	0.92100
110	0.92550
111	0.92800
112	0.93000
113	0.93300
114	0.93550
115	0.93950
116	0.94150
117	0.94500
118	0.94750
119	0.94900
120	0.95100
121	0.95200
122	0.95350
123	0.95650
124	0.95900
125	0.96050
126	0.96200
127	0.96300
128	0.96300
129	0.96450
130	0.96600
131	0.96700
132	0.96800
133	0.96800
134	0.96950
135	0.97050
136	0.97150
137	0.97250
138	0.97300
139	0.97400
140	0.97500
141	0.97600
142	0.97600
143	0.97600
144	0.97800
145	0.97850
146	0.97900
147	0.97900
148	0.98000
149	0.98050
