73	0.09433
74	0.08419
75	0.07389
76	0.07369
77	0.06654
78	0.06040
79	0.05468
80	0.05159
81	0.05288
82	0.05131
83	0.04975
84	0.04687
85	0.04863
86	0.04671
87	0.03945
88	0.04141
89	0.03719
90	0.03935
91	0.04477
92	0.04352
93	0.03948
94	0.04046
95	0.03553
96	0.03359
97	0.03129
98	0.03186
99	0.02882
100	0.03293
101	0.02911
102	0.03016
103	0.02856
104	0.02524
105	0.02184
106	0.01954
107	0.01471
108	0.01557
109	0.01390
110	0.01362
111	0.01359
112	0.01453
113	0.01564
114	0.01517
115	0.01618
116	0.01537
117	0.01633
118	0.01580
119	0.01471
120	0.01444
121	0.01438
122	0.00992
123	0.00760
124	0.00819
125	0.00931
126	0.01200
127	0.01249
128	0.01237
129	0.01008
130	0.00918
131	0.00893
132	0.00600
133	0.00423
134	0.00414
135	0.00307
136	0.00407
137	0.00429
138	0.00439
139	0.00622
140	0.00537
141	0.00554
142	0.00631
143	0.00658
144	0.00606
145	0.00442
146	0.00388
147	0.00401
148	0.00343
149	0.00260
