0	0.00500
1	0.00550
2	0.00600
3	0.00850
4	0.01550
5	0.02950
6	0.05150
7	0.08200
8	0.12400
9	0.17500
10	0.23000
11	0.28500
12	0.35150
13	0.41200
14	0.46200
15	0.51100
16	0.54700
17	0.58050
18	0.60150
19	0.62650
20	0.64050
21	0.65300
22	0.66250
23	0.66800
24	0.67500
25	0.67900
26	0.68300
27	0.68800
28	0.68950
29	0.69200
30	0.69350
31	0.69550
32	0.69700
33	0.69900
34	0.69950
35	0.70000
36	0.70000
37	0.70000
38	0.70100
39	0.70100
40	0.70100
41	0.70100
42	0.70100
43	0.70100
44	0.70100
45	0.70100
46	0.70100
47	0.70100
48	0.70100
49	0.70100
50	0.70100
51	0.70100
52	0.70100
53	0.70100
54	0.70100
55	0.70100
56	0.70100
57	0.70100
58	0.70100
59	0.70100
60	0.70100
61	0.70100
62	0.70100
63	0.70100
64	0.70100
65	0.70100
66	0.70100
67	0.70100
68	0.70100
69	0.70100
70	0.70100
71	0.70100
72	0.70100
73	0.70100
74	0.70100
75	0.70100
76	0.70100
77	0.70100
78	0.70100
79	0.70100
80	0.70100
81	0.70100
82	0.70100
83	0.70100
84	0.70100
85	0.70100
86	0.70100
87	0.70100
88	0.70100
89	0.70100
90	0.70100
91	0.70100
92	0.70100
93	0.70100
94	0.70100
95	0.70100
96	0.70100
97	0.70100
98	0.70100
99	0.70100
