0	0	0	0	0	0	
1	751	0	0	0	0	
2	750	0	0	0	0	
3	735	13	0	0	0	
4	716	11	13	0	0	
5	623	80	11	13	0	
6	399	211	77	11	13	
7	161	226	206	74	24	
8	65	91	217	200	95	
9	36	31	87	208	291	
10	19	14	30	83	492	
11	15	3	13	29	572	
12	14	1	3	13	598	
13	12	1	1	3	606	
14	9	1	1	1	606	
15	7	1	1	1	604	
16	6	0	1	1	602	
17	6	0	1	1	599	
18	4	0	1	1	598	
19	4	0	1	1	596	
20	3	0	1	1	596	
21	2	0	1	1	596	
22	2	0	1	1	596	
23	2	0	1	1	596	
24	1	0	1	1	596	
25	0	0	1	1	596	
26	0	0	1	1	596	
27	0	0	1	1	596	
28	0	0	1	1	596	
29	0	0	1	1	596	
30	0	0	1	1	596	
31	0	0	1	1	596	
32	0	0	1	1	596	
33	0	0	1	1	596	
34	0	0	1	1	596	
35	0	0	1	1	596	
36	0	0	1	1	596	
37	0	0	1	1	596	
38	0	0	1	1	596	
39	0	0	1	1	596	
40	0	0	1	1	596	
41	0	0	1	1	596	
42	0	0	1	1	596	
43	0	0	1	1	596	
44	0	0	1	1	596	
45	0	0	1	1	596	
46	0	0	1	1	596	
47	0	0	1	1	596	
48	0	0	1	1	596	
49	0	0	1	1	596	
50	0	0	1	1	596	
51	0	0	1	1	596	
52	0	0	1	1	596	
53	0	0	1	1	596	
54	0	0	1	1	596	
55	0	0	1	1	596	
56	0	0	1	1	596	
57	0	0	1	1	596	
58	0	0	1	1	596	
59	0	0	1	1	596	
60	0	0	1	1	596	
61	0	0	1	1	596	
62	0	0	1	1	596	
63	0	0	1	1	596	
64	0	0	1	1	596	
65	0	0	1	1	596	
66	0	0	1	1	596	
67	0	0	1	1	596	
68	0	0	1	1	596	
69	0	0	1	1	596	
70	0	0	1	1	596	
71	0	0	1	1	596	
72	0	0	1	1	596	
73	0	0	1	1	596	
74	0	0	1	1	596	
75	0	0	1	1	596	
76	0	0	1	1	596	
77	0	0	1	1	596	
78	0	0	1	1	596	
79	0	0	1	1	596	
80	0	0	1	1	596	
81	0	0	1	1	596	
82	0	0	1	1	596	
83	0	0	1	1	596	
84	0	0	1	1	596	
85	0	0	1	1	596	
86	0	0	1	1	596	
87	0	0	1	1	596	
88	0	0	1	1	596	
89	0	0	1	1	596	
90	0	0	1	1	596	
91	0	0	1	1	596	
92	0	0	1	1	596	
93	0	0	1	1	596	
94	0	0	1	1	596	
95	0	0	1	1	596	
96	0	0	1	1	596	
97	0	0	1	1	596	
98	0	0	1	1	596	
99	0	0	1	1	596	
