0	0	0	0	0	0	
1	4746	0	0	0	0	
2	4740	0	0	0	0	
3	4726	0	0	0	0	
4	4706	0	0	0	0	
5	0	4677	0	0	0	
6	0	0	4636	0	0	
7	0	0	0	4608	0	
8	0	0	0	0	4593	
9	0	0	0	0	4592	
10	0	0	0	0	4589	
11	0	0	0	0	4585	
12	0	0	0	0	4583	
13	0	0	0	0	4579	
14	0	0	0	0	4576	
15	0	0	0	0	4570	
16	0	0	0	0	4566	
17	0	0	0	0	4563	
18	0	0	0	0	4560	
19	0	0	0	0	4556	
20	0	0	0	0	4553	
21	0	0	0	0	4552	
22	0	0	0	0	4549	
23	0	0	0	0	4545	
24	0	0	0	0	4540	
25	0	0	0	0	4538	
26	0	0	0	0	4536	
27	0	0	0	0	4534	
28	0	0	0	0	4530	
29	0	0	0	0	4527	
30	0	0	0	0	4526	
31	0	0	0	0	4522	
32	0	0	0	0	4516	
33	0	0	0	0	4513	
34	0	0	0	0	4509	
35	0	0	0	0	4504	
36	0	0	0	0	4501	
37	0	0	0	0	4498	
38	0	0	0	0	4494	
39	0	0	0	0	4489	
40	0	0	0	0	4483	
41	0	0	0	0	4480	
42	0	0	0	0	4474	
43	0	0	0	0	4474	
44	0	0	0	0	4471	
45	0	0	0	0	4468	
46	0	0	0	0	4466	
47	0	0	0	0	4464	
48	0	0	0	0	4462	
49	0	0	0	0	4460	
50	0	0	0	0	4458	
51	0	0	0	0	4454	
52	0	0	0	0	4454	
53	0	0	0	0	4453	
54	0	0	0	0	4451	
55	0	0	0	0	4450	
56	0	0	0	0	4448	
57	0	0	0	0	4447	
58	0	0	0	0	4445	
59	0	0	0	0	4442	
60	0	0	0	0	4440	
61	0	0	0	0	4438	
62	0	0	0	0	4438	
63	0	0	0	0	4436	
64	0	0	0	0	4436	
65	0	0	0	0	4436	
66	0	0	0	0	4435	
67	0	0	0	0	4434	
68	0	0	0	0	4434	
69	0	0	0	0	4430	
70	0	0	0	0	4429	
71	0	0	0	0	4429	
72	0	0	0	0	4428	
73	0	0	0	0	4428	
74	0	0	0	0	4426	
75	0	0	0	0	4426	
76	0	0	0	0	4426	
77	0	0	0	0	4426	
78	0	0	0	0	4426	
79	0	0	0	0	4426	
80	0	0	0	0	4426	
81	0	0	0	0	4426	
82	0	0	0	0	4426	
83	0	0	0	0	4426	
84	0	0	0	0	4424	
85	0	0	0	0	4423	
86	0	0	0	0	4421	
87	0	0	0	0	4420	
88	0	0	0	0	4420	
89	0	0	0	0	4420	
90	0	0	0	0	4420	
91	0	0	0	0	4420	
92	0	0	0	0	4420	
93	0	0	0	0	4420	
94	0	0	0	0	4420	
95	0	0	0	0	4420	
96	0	0	0	0	4419	
97	0	0	0	0	4419	
98	0	0	0	0	4419	
99	0	0	0	0	4419	
100	0	0	0	0	4419	
101	0	0	0	0	4419	
102	0	0	0	0	4419	
103	0	0	0	0	4419	
104	0	0	0	0	4418	
105	0	0	0	0	4418	
106	0	0	0	0	4418	
107	0	0	0	0	4418	
108	0	0	0	0	4418	
109	0	0	0	0	4418	
110	0	0	0	0	4418	
111	0	0	0	0	4418	
112	0	0	0	0	4418	
113	0	0	0	0	4418	
114	0	0	0	0	4418	
115	0	0	0	0	4417	
116	0	0	0	0	4417	
117	0	0	0	0	4417	
118	0	0	0	0	4417	
119	0	0	0	0	4417	
120	0	0	0	0	4417	
121	0	0	0	0	4417	
122	0	0	0	0	4417	
123	0	0	0	0	4417	
124	0	0	0	0	4417	
125	0	0	0	0	4417	
126	0	0	0	0	4417	
127	0	0	0	0	4417	
128	0	0	0	0	4417	
129	0	0	0	0	4417	
130	0	0	0	0	4417	
131	0	0	0	0	4417	
132	0	0	0	0	4417	
133	0	0	0	0	4417	
134	0	0	0	0	4417	
135	0	0	0	0	4417	
136	0	0	0	0	4417	
137	0	0	0	0	4417	
138	0	0	0	0	4417	
139	0	0	0	0	4417	
140	0	0	0	0	4417	
141	0	0	0	0	4417	
142	0	0	0	0	4417	
143	0	0	0	0	4417	
144	0	0	0	0	4417	
145	0	0	0	0	4417	
146	0	0	0	0	4417	
147	0	0	0	0	4417	
148	0	0	0	0	4417	
149	0	0	0	0	4417	
