0	0.00000
1	0.00000
2	0.00000
3	0.03034
4	0.11927
5	0.47731
6	0.89655
7	1.18575
8	1.41046
9	1.53057
10	1.48669
11	1.38151
12	1.17958
13	0.98995
14	0.81229
15	0.62791
16	0.47250
17	0.35837
18	0.26049
19	0.20592
20	0.15366
21	0.11704
22	0.09266
23	0.07465
24	0.06288
25	0.05174
26	0.04200
27	0.03599
28	0.02988
29	0.02313
30	0.01797
31	0.01520
32	0.01225
33	0.00749
34	0.00654
35	0.00401
36	0.00562
37	0.00465
38	0.00253
39	0.00214
40	0.00217
41	0.00191
42	0.00165
43	0.00061
44	0.00025
45	0.00058
46	0.00015
47	0.00000
48	0.00000
49	0.00000
50	0.00000
51	0.00000
52	0.00000
53	0.00000
54	0.00000
55	0.00000
56	0.00000
57	0.00000
58	0.00000
59	0.00000
60	0.00000
61	0.00000
62	0.00000
63	0.00000
64	0.00000
65	0.00000
66	0.00000
67	0.00000
68	0.00000
69	0.00000
70	0.00000
71	0.00000
72	0.00000
73	0.00000
74	0.00000
75	0.00000
76	0.00000
77	0.00000
78	0.00000
79	0.00000
80	0.00000
81	0.00000
82	0.00000
83	0.00000
84	0.00000
85	0.00000
86	0.00000
87	0.00000
88	0.00000
89	0.00000
90	0.00000
91	0.00000
92	0.00000
93	0.00000
94	0.00000
95	0.00000
96	0.00000
97	0.00000
98	0.00000
99	0.00000
