0	0.00500
1	0.00900
2	0.01300
3	0.01950
4	0.03300
5	0.06100
6	0.09500
7	0.14450
8	0.19850
9	0.26450
10	0.32100
11	0.37900
12	0.44200
13	0.49050
14	0.53400
15	0.56850
16	0.58850
17	0.61700
18	0.63350
19	0.64650
20	0.65950
21	0.66800
22	0.67500
23	0.67950
24	0.68400
25	0.68550
26	0.68800
27	0.68850
28	0.68950
29	0.69200
30	0.69350
31	0.69400
32	0.69500
33	0.69550
34	0.69700
35	0.69750
36	0.69750
37	0.69800
38	0.69850
39	0.69900
40	0.69900
41	0.69900
42	0.69900
43	0.69950
44	0.69950
45	0.69950
46	0.69950
47	0.69950
48	0.69950
49	0.69950
50	0.69950
51	0.69950
52	0.69950
53	0.69950
54	0.69950
55	0.69950
56	0.69950
57	0.69950
58	0.69950
59	0.69950
60	0.69950
61	0.69950
62	0.69950
63	0.69950
64	0.69950
65	0.69950
66	0.69950
67	0.69950
68	0.69950
69	0.69950
70	0.69950
71	0.69950
72	0.69950
73	0.69950
74	0.69950
75	0.69950
76	0.69950
77	0.69950
78	0.69950
79	0.69950
80	0.69950
81	0.69950
82	0.69950
83	0.69950
84	0.69950
85	0.69950
86	0.69950
87	0.69950
88	0.69950
89	0.69950
90	0.69950
91	0.69950
92	0.69950
93	0.69950
94	0.69950
95	0.69950
96	0.69950
97	0.69950
98	0.69950
99	0.69950
