0	0.00000
1	0.00000
2	0.00000
3	0.03559
4	0.08713
5	0.26837
6	0.52970
7	0.85794
8	1.18002
9	1.38553
10	1.40447
11	1.35230
12	1.19223
13	1.02495
14	0.84882
15	0.65823
16	0.49676
17	0.37370
18	0.27058
19	0.21484
20	0.15893
21	0.12185
22	0.09557
23	0.07760
24	0.06438
25	0.05246
26	0.04143
27	0.03361
28	0.02800
29	0.02088
30	0.01665
31	0.01452
32	0.01188
33	0.00842
34	0.00763
35	0.00578
36	0.00664
37	0.00598
38	0.00404
39	0.00365
40	0.00349
41	0.00304
42	0.00276
43	0.00151
44	0.00106
45	0.00141
46	0.00097
47	0.00071
48	0.00036
49	0.00036
50	0.00036
51	0.00036
52	0.00000
53	0.00000
54	0.00000
55	0.00000
56	0.00000
57	0.00000
58	0.00000
59	0.00000
60	0.00000
61	0.00000
62	0.00000
63	0.00000
64	0.00000
65	0.00000
66	0.00000
67	0.00000
68	0.00000
69	0.00000
70	0.00000
71	0.00000
72	0.00000
73	0.00000
74	0.00000
75	0.00000
76	0.00000
77	0.00000
78	0.00000
79	0.00000
80	0.00000
81	0.00000
82	0.00000
83	0.00000
84	0.00000
85	0.00000
86	0.00000
87	0.00000
88	0.00000
89	0.00000
90	0.00000
91	0.00000
92	0.00000
93	0.00000
94	0.00000
95	0.00000
96	0.00000
97	0.00000
98	0.00000
99	0.00000
