0	0.00500
1	0.02100
2	0.08200
3	0.26700
4	0.63250
5	0.83000
6	0.85600
7	0.85750
8	0.85750
9	0.85750
10	0.85750
11	0.85750
12	0.85750
13	0.85750
14	0.85750
15	0.85750
16	0.85750
17	0.85750
18	0.85750
19	0.85750
20	0.85750
21	0.85750
22	0.85750
23	0.85750
24	0.85750
25	0.85750
26	0.85750
27	0.85750
28	0.85750
29	0.85750
30	0.85750
31	0.85750
32	0.85750
33	0.85750
34	0.85750
35	0.85750
36	0.85750
37	0.85750
38	0.85750
39	0.85750
40	0.85750
41	0.85750
42	0.85750
43	0.85750
44	0.85750
45	0.85750
46	0.85750
47	0.85750
48	0.85750
49	0.85750
50	0.85750
51	0.85750
52	0.85750
53	0.85750
54	0.85750
55	0.85750
56	0.85750
57	0.85750
58	0.85750
59	0.85750
60	0.85750
61	0.85750
62	0.85750
63	0.85750
64	0.85750
65	0.85750
66	0.85750
67	0.85750
68	0.85750
69	0.85750
70	0.85750
71	0.85750
72	0.85750
73	0.85750
74	0.85750
75	0.85750
76	0.85750
77	0.85750
78	0.85750
79	0.85750
80	0.85750
81	0.85750
82	0.85750
83	0.85750
84	0.85750
85	0.85750
86	0.85750
87	0.85750
88	0.85750
89	0.85750
90	0.85750
91	0.85750
92	0.85750
93	0.85750
94	0.85750
95	0.85750
96	0.85750
97	0.85750
98	0.85750
99	0.85750
