0	0.00500
1	0.00550
2	0.00550
3	0.00600
4	0.00650
5	0.00750
6	0.00750
7	0.00750
8	0.00750
9	0.00850
10	0.00950
11	0.01100
12	0.01200
13	0.01300
14	0.01400
15	0.01450
16	0.01600
17	0.01800
18	0.01850
19	0.02050
20	0.02350
21	0.02600
22	0.03250
23	0.03500
24	0.03950
25	0.04250
26	0.04650
27	0.05150
28	0.06050
29	0.06600
30	0.07200
31	0.07800
32	0.08400
33	0.09000
34	0.09650
35	0.10850
36	0.11800
37	0.13000
38	0.14050
39	0.15150
40	0.16800
41	0.18200
42	0.19150
43	0.20500
44	0.21900
45	0.23300
46	0.25050
47	0.26350
48	0.28050
49	0.30150
50	0.32550
51	0.34150
52	0.36050
53	0.38200
54	0.40400
55	0.42500
56	0.43950
57	0.45350
58	0.47150
59	0.48700
60	0.50550
61	0.52550
62	0.54050
63	0.55850
64	0.57800
65	0.59500
66	0.61550
67	0.63000
68	0.64250
69	0.65450
70	0.66900
71	0.67950
72	0.69650
73	0.70850
74	0.72250
75	0.73450
76	0.74550
77	0.75400
78	0.76450
79	0.77350
80	0.77850
81	0.78800
82	0.79300
83	0.79950
84	0.80800
85	0.81900
86	0.82700
87	0.83350
88	0.83900
89	0.84550
90	0.85250
91	0.85850
92	0.86250
93	0.86800
94	0.87550
95	0.87900
96	0.88400
97	0.89250
98	0.89750
99	0.90000
100	0.90300
101	0.90700
102	0.91000
103	0.91400
104	0.91750
105	0.92100
106	0.92550
107	0.93000
108	0.93150
109	0.93400
110	0.93850
111	0.93950
112	0.94200
113	0.94600
114	0.94850
115	0.94950
116	0.95050
117	0.95250
118	0.95400
119	0.95600
120	0.95850
121	0.95950
122	0.96000
123	0.96050
124	0.96250
125	0.96450
126	0.96700
127	0.96850
128	0.96900
129	0.97000
130	0.97000
131	0.97100
132	0.97150
133	0.97300
134	0.97400
135	0.97400
136	0.97500
137	0.97700
138	0.97950
139	0.98000
140	0.98050
141	0.98200
142	0.98250
143	0.98300
144	0.98350
145	0.98400
146	0.98500
147	0.98500
148	0.98550
149	0.98650
150	0.98650
151	0.98650
152	0.98750
153	0.98850
154	0.98850
155	0.98900
156	0.98900
157	0.98900
158	0.98900
159	0.98950
160	0.98950
161	0.98950
162	0.99000
163	0.99050
164	0.99100
165	0.99100
166	0.99250
167	0.99250
168	0.99300
169	0.99300
170	0.99350
171	0.99350
172	0.99350
173	0.99350
174	0.99350
175	0.99350
176	0.99400
177	0.99400
178	0.99400
179	0.99400
