0	0.00000
1	0.00000
2	0.00000
3	0.00763
4	0.00763
5	0.05596
6	0.07830
7	0.10109
8	0.09295
9	0.08728
10	0.07990
11	0.09671
12	0.06694
13	0.10835
14	0.15415
15	0.19559
16	0.19400
17	0.17718
18	0.19103
19	0.22935
20	0.18045
21	0.21262
22	0.27423
23	0.31183
24	0.51410
25	0.51937
26	0.56117
27	0.50120
28	0.53450
29	0.57407
30	0.65656
31	0.62804
32	0.70394
33	0.62542
34	0.55848
35	0.52335
36	0.47530
37	0.52815
38	0.49423
39	0.48231
40	0.47592
41	0.45083
42	0.47339
43	0.42878
44	0.35676
45	0.35328
46	0.33954
47	0.32586
48	0.31777
49	0.29170
50	0.27221
51	0.27759
52	0.27741
53	0.25637
54	0.24997
55	0.23136
56	0.21556
57	0.21080
58	0.18348
59	0.16908
60	0.15917
61	0.14772
62	0.13671
63	0.13117
64	0.11982
65	0.12226
66	0.12308
67	0.11869
68	0.11830
69	0.10815
70	0.09929
71	0.09080
72	0.08661
73	0.07818
74	0.07749
75	0.07270
76	0.07154
77	0.06863
78	0.06518
79	0.06058
80	0.05561
81	0.05176
82	0.04511
83	0.04381
84	0.03914
85	0.03747
86	0.03670
87	0.04251
88	0.04018
89	0.03816
90	0.03554
91	0.03523
92	0.03460
93	0.03349
94	0.03058
95	0.02779
96	0.03010
97	0.02634
98	0.02603
99	0.02711
100	0.02544
101	0.02293
102	0.02119
103	0.02050
104	0.01906
105	0.02138
106	0.02030
107	0.01862
108	0.01960
109	0.01998
110	0.01740
111	0.01542
112	0.01401
113	0.01127
114	0.00980
115	0.00793
116	0.00605
117	0.00681
118	0.00734
119	0.00646
120	0.00675
121	0.00725
122	0.00607
123	0.00558
124	0.00470
125	0.00343
126	0.00375
127	0.00710
128	0.00829
129	0.00816
130	0.00694
131	0.00790
132	0.00658
133	0.00380
134	0.00213
135	0.00238
136	0.00292
137	0.00239
138	0.00170
139	0.00412
140	0.00794
141	0.00851
142	0.00980
143	0.00943
144	0.00734
145	0.00850
146	0.00607
147	0.00329
148	0.00352
149	0.00137
150	0.00137
151	0.00204
152	0.00087
153	0.00095
154	0.00095
155	0.00165
156	0.00081
157	0.00250
158	0.00250
159	0.00261
160	0.00261
161	0.00261
162	0.00185
163	0.00195
164	0.00000
165	0.00000
166	0.00000
167	0.00000
168	0.00051
169	0.00051
170	0.00055
171	0.00027
172	0.00027
173	0.00027
174	0.00027
175	0.00000
176	0.00000
177	0.00000
178	0.00000
179	0.00000
