0	0	0	0	0	0	
1	501	0	0	0	0	
2	501	0	0	0	0	
3	501	0	0	0	0	
4	501	0	0	0	0	
5	499	0	0	0	0	
6	499	0	0	0	0	
7	499	0	0	0	0	
8	499	0	0	0	0	
9	499	0	0	0	0	
10	498	0	0	0	0	
11	497	0	0	0	0	
12	496	0	0	0	0	
13	496	0	0	0	0	
14	496	0	0	0	0	
15	496	0	0	0	0	
16	496	0	0	0	0	
17	495	0	0	0	0	
18	494	0	0	0	0	
19	494	0	0	0	0	
20	493	0	0	0	0	
21	493	0	0	0	0	
22	492	0	0	0	0	
23	491	0	0	0	0	
24	487	0	0	0	0	
25	485	1	0	0	0	
26	482	0	1	0	0	
27	477	1	0	1	0	
28	473	0	1	0	1	
29	472	0	0	1	1	
30	472	0	0	0	2	
31	468	0	0	0	2	
32	464	0	0	0	2	
33	463	0	0	0	2	
34	459	0	0	0	2	
35	449	0	0	0	2	
36	445	0	0	0	2	
37	436	0	0	0	2	
38	431	0	0	0	2	
39	427	0	0	0	2	
40	416	0	0	0	2	
41	409	0	0	0	2	
42	406	0	0	0	2	
43	400	0	0	0	2	
44	392	0	0	0	2	
45	386	0	0	0	2	
46	376	0	0	0	2	
47	372	0	0	0	2	
48	368	0	0	0	2	
49	360	0	0	0	2	
50	348	0	0	0	2	
51	345	0	0	0	2	
52	333	0	0	0	2	
53	326	0	0	0	2	
54	319	0	0	0	2	
55	307	0	0	0	2	
56	301	0	0	0	2	
57	291	0	0	0	2	
58	285	0	0	0	2	
59	278	0	0	0	2	
60	265	0	0	0	2	
61	253	0	0	0	2	
62	244	0	0	0	2	
63	233	0	0	0	2	
64	220	0	0	0	2	
65	210	0	0	0	2	
66	202	0	0	0	2	
67	191	0	0	0	2	
68	185	0	0	0	2	
69	177	0	0	0	2	
70	169	0	0	0	2	
71	165	0	0	0	2	
72	154	0	0	0	2	
73	148	0	0	0	2	
74	140	0	0	0	2	
75	137	0	0	0	2	
76	127	0	0	0	2	
77	122	0	0	0	2	
78	119	0	0	0	2	
79	116	0	0	0	2	
80	113	0	0	0	2	
81	110	0	0	0	2	
82	105	0	0	0	2	
83	102	0	0	0	2	
84	97	0	0	0	2	
85	90	0	0	0	2	
86	85	0	0	0	2	
87	84	0	0	0	2	
88	82	0	0	0	2	
89	79	0	0	0	2	
90	73	0	0	0	2	
91	70	0	0	0	2	
92	67	0	0	0	2	
93	65	0	0	0	2	
94	59	0	0	0	2	
95	57	0	0	0	2	
96	54	0	0	0	2	
97	50	0	0	0	2	
98	46	0	0	0	2	
99	45	0	0	0	2	
100	43	0	0	0	2	
101	43	0	0	0	2	
102	43	0	0	0	2	
103	42	0	0	0	2	
104	40	0	0	0	2	
105	39	0	0	0	2	
106	37	0	0	0	2	
107	36	0	0	0	2	
108	35	0	0	0	2	
109	35	0	0	0	2	
110	32	0	0	0	2	
111	32	0	0	0	2	
112	32	0	0	0	2	
113	29	0	0	0	2	
114	27	0	0	0	2	
115	26	0	0	0	2	
116	25	0	0	0	2	
117	24	0	0	0	2	
118	23	0	0	0	2	
119	22	0	0	0	2	
120	20	0	0	0	2	
121	20	0	0	0	2	
122	20	0	0	0	2	
123	20	0	0	0	2	
124	17	0	0	0	2	
125	17	0	0	0	2	
126	16	0	0	0	2	
127	15	0	0	0	2	
128	14	0	0	0	2	
129	14	0	0	0	2	
130	14	0	0	0	2	
131	13	0	0	0	2	
132	13	0	0	0	2	
133	12	0	0	0	2	
134	12	0	0	0	2	
135	12	0	0	0	2	
136	12	0	0	0	2	
137	11	0	0	0	2	
138	11	0	0	0	2	
139	11	0	0	0	2	
140	11	0	0	0	2	
141	11	0	0	0	2	
142	11	0	0	0	2	
143	10	0	0	0	2	
144	10	0	0	0	2	
145	9	0	0	0	2	
146	8	0	0	0	2	
147	8	0	0	0	2	
148	8	0	0	0	2	
149	8	0	0	0	2	
150	8	0	0	0	2	
151	8	0	0	0	2	
152	8	0	0	0	2	
153	8	0	0	0	2	
154	8	0	0	0	2	
155	7	0	0	0	2	
156	7	0	0	0	2	
157	7	0	0	0	2	
158	7	0	0	0	2	
159	6	0	0	0	2	
160	6	0	0	0	2	
161	6	0	0	0	2	
162	5	0	0	0	2	
163	5	0	0	0	2	
164	5	0	0	0	2	
165	5	0	0	0	2	
166	5	0	0	0	2	
167	5	0	0	0	2	
168	5	0	0	0	2	
169	5	0	0	0	2	
170	5	0	0	0	2	
171	5	0	0	0	2	
172	5	0	0	0	2	
173	5	0	0	0	2	
174	5	0	0	0	2	
175	5	0	0	0	2	
176	5	0	0	0	2	
177	5	0	0	0	2	
178	5	0	0	0	2	
179	5	0	0	0	2	
