0	0.00500
1	0.00850
2	0.01350
3	0.02350
4	0.04550
5	0.08000
6	0.12950
7	0.19400
8	0.27000
9	0.34700
10	0.41800
11	0.47850
12	0.53400
13	0.58350
14	0.61750
15	0.64850
16	0.67700
17	0.69600
18	0.70950
19	0.71850
20	0.73000
21	0.73200
22	0.73700
23	0.74100
24	0.74300
25	0.74450
26	0.74650
27	0.74750
28	0.74850
29	0.74850
30	0.74900
31	0.74900
32	0.74950
33	0.75050
34	0.75050
35	0.75050
36	0.75050
37	0.75050
38	0.75050
39	0.75100
40	0.75100
41	0.75100
42	0.75100
43	0.75100
44	0.75100
45	0.75100
46	0.75100
47	0.75100
48	0.75100
49	0.75100
50	0.75100
51	0.75150
52	0.75150
53	0.75150
54	0.75150
55	0.75150
56	0.75150
57	0.75150
58	0.75150
59	0.75150
60	0.75150
61	0.75150
62	0.75150
63	0.75150
64	0.75150
65	0.75150
66	0.75150
67	0.75150
68	0.75150
69	0.75150
70	0.75150
71	0.75150
72	0.75150
73	0.75150
74	0.75150
75	0.75150
76	0.75150
77	0.75150
78	0.75150
79	0.75150
80	0.75150
81	0.75150
82	0.75150
83	0.75150
84	0.75150
85	0.75150
86	0.75150
87	0.75150
88	0.75150
89	0.75150
90	0.75150
91	0.75150
92	0.75150
93	0.75150
94	0.75150
95	0.75150
96	0.75150
97	0.75150
98	0.75150
99	0.75150
