0	0.00000
1	0.00000
2	0.00000
3	0.00000
4	0.00000
5	0.00000
6	0.00000
7	0.00000
8	0.00000
9	0.00000
10	0.00213
11	0.00170
12	0.00158
13	0.00183
14	0.00175
15	0.00351
16	0.00502
17	0.01326
18	0.03620
19	0.03683
20	0.04026
21	0.05321
22	0.06982
23	0.06518
24	0.07197
25	0.06828
26	0.07178
27	0.07845
28	0.06761
29	0.07142
30	0.06827
31	0.06526
32	0.06240
33	0.05138
34	0.06086
35	0.06563
36	0.06019
37	0.06178
38	0.06154
39	0.05460
40	0.04828
41	0.04596
42	0.04535
43	0.04662
44	0.04196
45	0.04115
46	0.04420
47	0.04300
48	0.03938
49	0.03733
50	0.03452
51	0.03441
52	0.03342
53	0.02941
54	0.03052
55	0.02922
56	0.02754
57	0.02810
58	0.02500
59	0.02326
60	0.02161
61	0.02115
62	0.01938
63	0.01904
64	0.01702
65	0.01708
66	0.01510
67	0.01593
68	0.01586
69	0.01587
70	0.01553
71	0.01691
72	0.01390
73	0.01385
74	0.01285
75	0.01278
76	0.01221
77	0.01188
78	0.01182
79	0.01069
80	0.01032
81	0.00926
82	0.00892
83	0.00817
84	0.00771
85	0.00690
86	0.00664
87	0.00681
88	0.00556
89	0.00513
90	0.00488
91	0.00455
92	0.00491
93	0.00543
94	0.00563
95	0.00519
96	0.00478
97	0.00398
98	0.00363
99	0.00317
100	0.00270
101	0.00260
102	0.00218
103	0.00235
104	0.00227
105	0.00188
106	0.00194
107	0.00183
108	0.00181
109	0.00153
110	0.00114
111	0.00207
112	0.00188
113	0.00179
114	0.00151
115	0.00164
116	0.00129
117	0.00059
118	0.00064
119	0.00036
120	0.00035
121	0.00037
122	0.00035
123	0.00037
124	0.00033
125	0.00035
126	0.00031
127	0.00038
128	0.00022
129	0.00021
130	0.00019
131	0.00019
132	0.00018
133	0.00000
134	0.00000
135	0.00000
136	0.00015
137	0.00000
138	0.00000
139	0.00000
140	0.00000
141	0.00000
142	0.00000
143	0.00000
144	0.00000
145	0.00000
146	0.00000
147	0.00000
148	0.00000
149	0.00000
150	0.00000
151	0.00000
152	0.00000
153	0.00000
154	0.00000
155	0.00000
156	0.00000
157	0.00000
158	0.00000
159	0.00000
160	0.00000
161	0.00000
162	0.00000
163	0.00000
164	0.00000
165	0.00000
166	0.00000
167	0.00000
168	0.00000
169	0.00000
170	0.00000
171	0.00000
172	0.00000
173	0.00000
174	0.00000
175	0.00000
176	0.00000
177	0.00000
178	0.00000
179	0.00000
