0	0	0	0	0	0	
1	499	0	0	0	0	
2	499	0	0	0	0	
3	498	0	0	0	0	
4	497	0	0	0	0	
5	497	0	0	0	0	
6	497	0	0	0	0	
7	497	0	0	0	0	
8	497	0	0	0	0	
9	497	0	0	0	0	
10	495	1	0	0	0	
11	495	0	1	0	0	
12	495	0	0	1	0	
13	495	0	0	0	1	
14	495	0	0	0	1	
15	494	1	0	0	1	
16	491	1	1	0	1	
17	487	4	1	1	1	
18	476	9	4	1	2	
19	471	4	8	4	3	
20	467	2	4	8	7	
21	458	8	2	4	15	
22	450	6	8	2	19	
23	449	1	6	8	21	
24	446	2	1	6	29	
25	442	3	2	1	35	
26	433	5	3	3	35	
27	427	5	5	3	38	
28	426	0	5	5	41	
29	420	3	1	4	46	
30	418	0	4	0	50	
31	416	1	1	3	50	
32	413	1	2	0	53	
33	409	1	1	1	53	
34	404	4	1	0	54	
35	402	0	5	0	54	
36	396	0	3	2	54	
37	394	0	1	1	55	
38	389	0	1	1	55	
39	387	0	1	1	55	
40	384	1	1	1	55	
41	382	0	2	0	55	
42	380	0	1	1	55	
43	375	0	1	1	55	
44	371	0	1	1	55	
45	366	0	1	1	55	
46	360	0	1	1	55	
47	356	0	1	1	55	
48	351	0	1	1	55	
49	346	0	1	1	55	
50	338	0	1	1	55	
51	333	0	1	1	55	
52	326	0	1	1	55	
53	320	0	1	1	55	
54	315	0	1	1	55	
55	305	0	1	1	55	
56	298	0	1	1	55	
57	290	0	1	1	55	
58	281	0	1	1	55	
59	278	0	1	1	55	
60	273	0	1	1	55	
61	262	0	1	1	55	
62	254	0	1	1	55	
63	246	0	1	1	55	
64	239	0	1	1	55	
65	230	0	1	1	55	
66	224	0	1	1	55	
67	217	0	1	1	55	
68	207	0	1	1	55	
69	197	0	1	1	55	
70	195	0	1	1	55	
71	190	0	1	1	55	
72	189	0	1	1	55	
73	184	0	1	1	55	
74	180	0	1	1	55	
75	176	0	1	1	55	
76	170	0	1	1	55	
77	161	0	1	1	55	
78	155	0	1	1	55	
79	148	0	1	1	55	
80	145	0	1	1	55	
81	142	0	1	1	55	
82	137	0	1	1	55	
83	134	0	1	1	55	
84	130	0	1	1	55	
85	126	0	1	1	55	
86	123	0	1	1	55	
87	118	0	1	1	55	
88	114	0	1	1	55	
89	111	0	1	1	55	
90	102	0	1	1	55	
91	97	0	1	1	55	
92	92	0	1	1	55	
93	89	0	1	1	55	
94	86	0	1	1	55	
95	84	0	1	1	55	
96	84	0	1	1	55	
97	82	0	1	1	55	
98	81	0	0	1	55	
99	78	0	0	1	55	
100	77	0	0	1	55	
101	76	0	0	1	55	
102	74	0	0	1	55	
103	69	0	0	1	55	
104	65	0	0	1	55	
105	62	0	0	1	55	
106	60	0	0	1	55	
107	58	0	0	1	55	
108	56	0	0	1	55	
109	54	0	0	0	55	
110	52	0	0	0	55	
111	51	0	0	0	55	
112	47	0	0	0	55	
113	45	0	0	0	55	
114	44	0	0	0	55	
115	43	0	0	0	55	
116	40	0	0	0	55	
117	38	0	0	0	55	
118	37	0	0	0	55	
119	36	0	0	0	55	
120	34	0	0	0	55	
121	32	0	0	0	55	
122	31	0	0	0	55	
123	30	0	0	0	55	
124	29	0	0	0	55	
125	27	0	0	0	55	
126	26	0	0	0	55	
127	26	0	0	0	55	
128	25	0	0	0	55	
129	25	0	0	0	55	
130	23	0	0	0	55	
131	22	0	0	0	55	
132	20	0	0	0	55	
133	20	0	0	0	55	
134	17	0	0	0	55	
135	17	0	0	0	55	
136	17	0	0	0	55	
137	16	0	0	0	55	
138	15	0	0	0	55	
139	15	0	0	0	55	
140	15	0	0	0	55	
141	15	0	0	0	55	
142	15	0	0	0	55	
143	14	0	0	0	55	
144	13	0	0	0	55	
145	13	0	0	0	55	
146	13	0	0	0	55	
147	13	0	0	0	55	
148	13	0	0	0	55	
149	13	0	0	0	55	
150	13	0	0	0	55	
151	12	0	0	0	55	
152	12	0	0	0	55	
153	12	0	0	0	55	
154	12	0	0	0	55	
155	10	0	0	0	55	
156	10	0	0	0	55	
157	10	0	0	0	55	
158	10	0	0	0	55	
159	10	0	0	0	55	
160	10	0	0	0	55	
161	10	0	0	0	55	
162	10	0	0	0	55	
163	10	0	0	0	55	
164	10	0	0	0	55	
165	9	0	0	0	55	
166	9	0	0	0	55	
167	9	0	0	0	55	
168	9	0	0	0	55	
169	9	0	0	0	55	
170	8	0	0	0	55	
171	8	0	0	0	55	
172	8	0	0	0	55	
173	8	0	0	0	55	
174	8	0	0	0	55	
175	8	0	0	0	55	
176	8	0	0	0	55	
177	8	0	0	0	55	
178	8	0	0	0	55	
179	7	0	0	0	55	
