0	0.00000
1	0.00000
2	0.00000
3	0.00000
4	0.00000
5	0.00000
6	0.00000
7	0.00000
8	0.00000
9	0.00000
10	0.00000
11	0.00000
12	0.00000
13	0.00000
14	0.00747
15	0.00664
16	0.00572
17	0.00700
18	0.01223
19	0.01198
20	0.00923
21	0.01519
22	0.01635
23	0.02218
24	0.04722
25	0.03537
26	0.05513
27	0.07284
28	0.06080
29	0.06074
30	0.05368
31	0.04907
32	0.06251
33	0.06243
34	0.05612
35	0.05528
36	0.06030
37	0.05751
38	0.05483
39	0.06107
40	0.05549
41	0.05454
42	0.05326
43	0.05659
44	0.04990
45	0.04460
46	0.03891
47	0.03673
48	0.03363
49	0.03216
50	0.02940
51	0.02811
52	0.02934
53	0.03177
54	0.03475
55	0.02998
56	0.02720
57	0.02553
58	0.02387
59	0.02256
60	0.01970
61	0.01823
62	0.01711
63	0.01491
64	0.01459
65	0.01421
66	0.01251
67	0.01210
68	0.00998
69	0.01087
70	0.01147
71	0.01082
72	0.01046
73	0.00903
74	0.00908
75	0.00894
76	0.00861
77	0.00722
78	0.00711
79	0.00625
80	0.00548
81	0.00541
82	0.00610
83	0.00584
84	0.00498
85	0.00542
86	0.00507
87	0.00393
88	0.00418
89	0.00413
90	0.00418
91	0.00395
92	0.00388
93	0.00323
94	0.00314
95	0.00297
96	0.00308
97	0.00299
98	0.00300
99	0.00263
100	0.00262
101	0.00246
102	0.00241
103	0.00242
104	0.00232
105	0.00211
106	0.00159
107	0.00148
108	0.00147
109	0.00142
110	0.00109
111	0.00107
112	0.00150
113	0.00096
114	0.00076
115	0.00063
116	0.00024
117	0.00022
118	0.00024
119	0.00000
120	0.00000
121	0.00017
122	0.00000
123	0.00000
124	0.00000
125	0.00000
126	0.00000
127	0.00000
128	0.00000
129	0.00000
130	0.00000
131	0.00000
132	0.00000
133	0.00041
134	0.00039
135	0.00000
136	0.00000
137	0.00000
138	0.00000
139	0.00000
140	0.00000
141	0.00000
142	0.00000
143	0.00000
144	0.00000
145	0.00000
146	0.00000
147	0.00000
148	0.00000
149	0.00000
150	0.00000
151	0.00000
152	0.00000
153	0.00000
154	0.00000
155	0.00000
156	0.00000
157	0.00000
158	0.00000
159	0.00000
160	0.00000
161	0.00000
162	0.00000
163	0.00000
164	0.00000
165	0.00000
166	0.00000
167	0.00000
168	0.00000
169	0.00000
170	0.00000
171	0.00000
172	0.00000
173	0.00000
174	0.00000
175	0.00000
176	0.00000
177	0.00000
178	0.00000
179	0.00000
