0	0.01000
1	0.01500
2	0.02100
3	0.02900
4	0.03800
5	0.04900
6	0.06600
7	0.09300
8	0.13900
9	0.17900
10	0.24100
11	0.32300
12	0.41400
13	0.50100
14	0.58700
15	0.64500
16	0.70200
17	0.75700
18	0.80900
19	0.84700
20	0.87600
21	0.89000
22	0.89900
23	0.90200
24	0.91000
25	0.91400
26	0.91700
27	0.92400
28	0.92600
29	0.92700
30	0.92800
31	0.93000
32	0.93100
33	0.93400
34	0.93400
35	0.93400
36	0.93400
37	0.93400
38	0.93400
39	0.93500
40	0.93500
41	0.93500
42	0.93500
43	0.93500
44	0.93500
45	0.93500
46	0.93500
47	0.93500
48	0.93500
49	0.93500
50	0.93500
51	0.93500
52	0.93500
53	0.93500
54	0.93500
55	0.93500
56	0.93500
57	0.93600
58	0.93600
59	0.93600
60	0.93600
61	0.93600
62	0.93600
63	0.93600
64	0.93600
65	0.93600
66	0.93600
67	0.93600
68	0.93600
69	0.93600
70	0.93600
71	0.93600
72	0.93600
73	0.93600
74	0.93600
75	0.93600
76	0.93600
77	0.93600
78	0.93600
79	0.93600
80	0.93600
81	0.93600
82	0.93600
83	0.93600
84	0.93600
85	0.93600
86	0.93600
87	0.93600
88	0.93600
89	0.93600
90	0.93600
91	0.93600
92	0.93600
93	0.93600
94	0.93600
95	0.93600
96	0.93600
97	0.93600
98	0.93600
99	0.93600
100	0.93600
101	0.93600
102	0.93700
103	0.93700
104	0.93700
105	0.93700
106	0.93700
107	0.93700
108	0.93700
109	0.93700
110	0.93700
111	0.93700
112	0.93700
113	0.93800
114	0.93800
115	0.93800
116	0.93800
117	0.93800
118	0.93800
119	0.93800
120	0.93800
121	0.93800
122	0.93800
123	0.93800
124	0.93800
125	0.93800
126	0.93900
127	0.93900
128	0.93900
129	0.93900
130	0.93900
131	0.93900
132	0.93900
133	0.93900
134	0.93900
135	0.93900
136	0.93900
137	0.93900
138	0.93900
139	0.93900
140	0.93900
141	0.93900
142	0.93900
143	0.93900
144	0.93900
145	0.93900
146	0.93900
147	0.93900
148	0.93900
149	0.93900
150	0.93900
151	0.93900
152	0.93900
153	0.93900
154	0.93900
155	0.93900
156	0.93900
157	0.93900
158	0.93900
159	0.93900
160	0.93900
161	0.93900
162	0.93900
163	0.93900
164	0.93900
165	0.93900
166	0.93900
167	0.93900
168	0.93900
169	0.93900
170	0.93900
171	0.93900
172	0.93900
173	0.93900
174	0.93900
175	0.93900
176	0.93900
177	0.93900
178	0.93900
179	0.93900
180	0.93900
181	0.93900
182	0.93900
183	0.93900
184	0.93900
185	0.93900
186	0.93900
187	0.93900
188	0.93900
189	0.93900
190	0.93900
191	0.93900
192	0.93900
193	0.93900
194	0.93900
195	0.93900
196	0.93900
197	0.93900
198	0.93900
199	0.93900
