0	0.00500
1	0.01500
2	0.03600
3	0.09350
4	0.23950
5	0.46000
6	0.68550
7	0.80650
8	0.86100
9	0.87650
10	0.88050
11	0.88050
12	0.88100
13	0.88100
14	0.88100
15	0.88100
16	0.88100
17	0.88100
18	0.88100
19	0.88100
20	0.88100
21	0.88100
22	0.88100
23	0.88100
24	0.88100
25	0.88100
26	0.88100
27	0.88100
28	0.88100
29	0.88100
30	0.88100
31	0.88100
32	0.88100
33	0.88100
34	0.88100
35	0.88100
36	0.88100
37	0.88100
38	0.88100
39	0.88100
40	0.88100
41	0.88100
42	0.88100
43	0.88100
44	0.88100
45	0.88100
46	0.88100
47	0.88100
48	0.88100
49	0.88100
50	0.88100
51	0.88100
52	0.88100
53	0.88100
54	0.88100
55	0.88100
56	0.88100
57	0.88100
58	0.88100
59	0.88100
60	0.88100
61	0.88100
62	0.88100
63	0.88100
64	0.88100
65	0.88100
66	0.88100
67	0.88100
68	0.88100
69	0.88100
70	0.88100
71	0.88100
72	0.88100
73	0.88100
74	0.88100
75	0.88100
76	0.88100
77	0.88100
78	0.88100
79	0.88100
80	0.88100
81	0.88100
82	0.88100
83	0.88100
84	0.88100
85	0.88100
86	0.88100
87	0.88100
88	0.88100
89	0.88100
90	0.88100
91	0.88100
92	0.88100
93	0.88100
94	0.88100
95	0.88100
96	0.88100
97	0.88100
98	0.88100
99	0.88100
100	0.88100
101	0.88100
102	0.88100
103	0.88100
104	0.88100
105	0.88100
106	0.88100
107	0.88100
108	0.88100
109	0.88100
110	0.88100
111	0.88100
112	0.88100
113	0.88100
114	0.88100
115	0.88100
116	0.88100
117	0.88100
118	0.88100
119	0.88100
120	0.88100
121	0.88100
122	0.88100
123	0.88100
124	0.88100
125	0.88100
126	0.88100
127	0.88100
128	0.88100
129	0.88100
130	0.88100
131	0.88100
132	0.88100
133	0.88100
134	0.88100
135	0.88100
136	0.88100
137	0.88100
138	0.88100
139	0.88100
140	0.88100
141	0.88100
142	0.88100
143	0.88100
144	0.88100
145	0.88100
146	0.88100
147	0.88100
148	0.88100
149	0.88100
150	0.88100
