0	0.00000
1	0.00000
2	0.00000
3	0.00050
4	0.00100
5	0.00150
6	0.00150
7	0.00100
8	0.00100
9	0.00050
10	0.00150
11	0.00200
12	0.00250
13	0.00350
14	0.00050
15	0.00150
16	0.00200
17	0.00200
18	0.00400
19	0.00250
20	0.00350
21	0.00300
22	0.00450
23	0.00450
24	0.00450
25	0.00600
26	0.00800
27	0.01250
28	0.00600
29	0.00850
30	0.01050
31	0.00800
32	0.01350
33	0.00750
34	0.01550
35	0.01300
36	0.01800
37	0.01350
38	0.02150
39	0.01550
40	0.01800
41	0.01050
42	0.01900
43	0.01450
44	0.01800
45	0.01150
46	0.01600
47	0.02050
48	0.01850
49	0.01950
50	0.02100
51	0.01700
52	0.01200
53	0.01600
54	0.00750
55	0.01300
56	0.01250
57	0.01000
58	0.01100
59	0.01000
60	0.00650
61	0.00850
62	0.00750
63	0.00800
64	0.00550
65	0.00400
66	0.00500
67	0.00100
68	0.00250
69	0.00550
70	0.00400
71	0.00250
72	0.00200
73	0.00250
74	0.00050
75	0.00150
76	0.00050
77	0.00100
78	0.00000
79	0.00100
80	0.00050
81	0.00000
82	0.00150
83	0.00150
84	0.00000
85	0.00000
86	0.00000
87	0.00000
88	0.00050
89	0.00100
90	0.00000
91	0.00050
92	0.00050
93	0.00050
94	0.00050
95	0.00000
96	0.00000
97	0.00050
98	0.00050
99	0.00000
