0	0.00000
1	0.00000
2	0.00000
3	0.00000
4	0.00000
5	0.10000
6	0.30000
7	0.45455
8	0.46154
9	0.40000
10	0.35294
11	0.26316
12	0.28571
13	0.29167
14	0.33333
15	0.43333
16	0.29412
17	0.23684
18	0.21429
19	0.19565
20	0.26000
21	0.25926
22	0.27119
23	0.24615
24	0.25000
25	0.25316
26	0.25581
27	0.26316
28	0.29524
29	0.35294
30	0.31061
31	0.28378
32	0.27879
33	0.24044
34	0.25743
35	0.22273
36	0.24481
37	0.23485
38	0.25260
39	0.23101
40	0.24855
41	0.22487
42	0.21411
43	0.17117
44	0.17227
45	0.15324
46	0.15157
47	0.12937
48	0.12625
49	0.13228
50	0.13174
51	0.13248
52	0.13415
53	0.12242
54	0.10222
55	0.09574
56	0.07412
57	0.06843
58	0.06545
59	0.05962
60	0.05720
61	0.05395
62	0.04501
63	0.04227
64	0.03872
65	0.03717
66	0.03300
67	0.02715
68	0.02415
69	0.01684
70	0.01319
71	0.01661
72	0.01649
73	0.01467
74	0.01375
75	0.01196
76	0.00850
77	0.00677
78	0.00507
79	0.00421
80	0.00252
81	0.00336
82	0.00252
83	0.00168
84	0.00335
85	0.00502
86	0.00334
87	0.00250
88	0.00167
89	0.00083
90	0.00083
91	0.00250
92	0.00166
93	0.00250
94	0.00249
95	0.00249
96	0.00249
97	0.00166
98	0.00083
99	0.00166
