0	0.00000
1	0.00000
2	0.00000
3	0.00000
4	0.00000
5	0.00000
6	0.00000
7	0.00000
8	0.00000
9	0.00000
10	0.00000
11	0.01795
12	0.01804
13	0.01804
14	0.03368
15	0.03368
16	0.04922
17	0.04922
18	0.02344
19	0.02344
20	0.04974
21	0.03947
22	0.07584
23	0.11817
24	0.14991
25	0.12346
26	0.11082
27	0.08688
28	0.12145
29	0.09752
30	0.06183
31	0.03226
32	0.11413
33	0.11475
34	0.16667
35	0.17942
36	0.15938
37	0.15110
38	0.15110
39	0.13720
40	0.12661
41	0.09213
42	0.04944
43	0.06262
44	0.23776
45	0.23324
46	0.19864
47	0.29216
48	0.36292
49	0.38788
50	0.38434
51	0.48160
52	0.43291
53	0.44809
54	0.49473
55	0.49495
56	0.46892
57	0.36189
58	0.33438
59	0.36894
60	0.34063
61	0.33229
62	0.31485
63	0.24586
64	0.21376
65	0.23734
66	0.22629
67	0.28266
68	0.24676
69	0.28838
70	0.33599
71	0.31550
72	0.30675
73	0.37208
74	0.30379
75	0.31068
76	0.26011
77	0.22918
78	0.22056
79	0.23163
80	0.22789
81	0.21691
82	0.19911
83	0.17034
84	0.18696
85	0.17537
86	0.18448
87	0.16317
88	0.14589
89	0.13440
90	0.10679
91	0.12653
92	0.12227
93	0.10632
94	0.10274
95	0.11545
96	0.12217
97	0.11366
98	0.09449
99	0.07749
100	0.05099
101	0.05109
102	0.06669
103	0.06018
104	0.06233
105	0.09392
106	0.08443
107	0.09049
108	0.09049
109	0.08199
110	0.08195
111	0.07881
112	0.05947
113	0.06696
114	0.05980
115	0.05846
116	0.04249
117	0.03532
118	0.03558
119	0.02712
120	0.02355
121	0.02078
122	0.02078
123	0.01877
124	0.01982
125	0.00943
126	0.00513
127	0.00592
128	0.00000
129	0.00926
130	0.01659
131	0.01825
132	0.02734
133	0.03644
134	0.03644
135	0.02814
136	0.02814
137	0.02020
138	0.02020
139	0.01010
140	0.00000
141	0.00000
142	0.00000
143	0.00000
144	0.00000
145	0.00000
146	0.00694
147	0.00694
148	0.00694
149	0.00694
150	0.00794
151	0.00794
152	0.02381
153	0.01587
154	0.01587
155	0.01587
156	0.01587
157	0.01587
158	0.01587
159	0.00000
160	0.00000
161	0.00000
162	0.00000
163	0.00000
164	0.00000
165	0.00000
166	0.00000
167	0.01190
168	0.01190
169	0.01190
170	0.01190
171	0.01190
172	0.01190
173	0.01190
174	0.00000
175	0.00000
176	0.00000
177	0.00000
178	0.00000
179	0.00000
180	0.00000
181	0.00000
182	0.00000
183	0.00000
184	0.00000
185	0.00000
186	0.00000
187	0.00000
188	0.00000
189	0.00000
190	0.00000
191	0.00000
192	0.00000
193	0.00000
194	0.00000
195	0.00000
196	0.00000
197	0.00000
198	0.00000
199	0.00000
200	0.00000
201	0.00000
202	0.00000
203	0.00000
204	0.00000
205	0.00000
206	0.00000
207	0.00000
208	0.00000
209	0.00000
210	0.00000
211	0.00000
212	0.00000
213	0.00000
214	0.00000
215	0.00000
216	0.00000
217	0.00000
218	0.00000
219	0.00000
220	0.00000
221	0.00000
222	0.00000
223	0.00000
224	0.00000
225	0.00000
226	0.00000
227	0.00000
228	0.00000
229	0.00000
230	0.00000
231	0.00000
232	0.00000
233	0.00000
234	0.00000
235	0.00000
236	0.00000
237	0.00000
238	0.00000
239	0.00000
240	0.00000
241	0.00000
242	0.00000
243	0.00000
244	0.00000
245	0.00000
246	0.00000
247	0.00000
248	0.00000
249	0.00000
250	0.00000
251	0.00000
252	0.00000
253	0.00000
254	0.00000
255	0.00000
256	0.00000
257	0.00000
258	0.00000
259	0.00000
260	0.00000
261	0.00000
262	0.00000
263	0.00000
264	0.00000
265	0.00000
266	0.00000
267	0.00000
268	0.00000
269	0.00000
270	0.00000
271	0.00000
272	0.00000
273	0.00000
274	0.00000
275	0.00000
276	0.00000
277	0.00000
278	0.00000
279	0.00000
280	0.00000
281	0.00000
282	0.00000
283	0.00000
284	0.00000
285	0.00000
286	0.00000
287	0.00000
288	0.00000
289	0.00000
290	0.00000
291	0.00000
292	0.00000
293	0.00000
294	0.00000
295	0.00000
296	0.00000
297	0.00000
298	0.00000
299	0.00000
300	0.00000
301	0.00000
302	0.00000
303	0.00000
304	0.00000
305	0.00000
306	0.00000
307	0.00000
308	0.00000
309	0.00000
310	0.00000
311	0.00000
312	0.00000
313	0.00000
314	0.00000
315	0.00000
316	0.00000
317	0.00000
318	0.00000
319	0.00000
320	0.00000
321	0.00000
322	0.00000
323	0.00000
324	0.00000
325	0.00000
326	0.00000
327	0.00000
328	0.00000
329	0.00000
330	0.00000
331	0.00000
332	0.00000
333	0.00000
334	0.00000
335	0.00000
336	0.00000
337	0.00000
338	0.00000
339	0.00000
340	0.00000
341	0.00000
342	0.00000
343	0.00000
344	0.00000
345	0.00000
346	0.00000
347	0.00000
348	0.00000
349	0.00000
350	0.00000
351	0.00000
352	0.00000
353	0.00000
354	0.00000
355	0.00000
356	0.00000
357	0.00000
358	0.00000
359	0.00000
360	0.00000
361	0.00000
362	0.00000
363	0.00000
364	0.00000
365	0.00000
366	0.00000
367	0.00000
368	0.00000
369	0.00000
370	0.00000
371	0.00000
372	0.00000
373	0.00000
374	0.00000
375	0.00000
376	0.00000
377	0.00000
378	0.00000
379	0.00000
380	0.00000
381	0.00000
382	0.00000
383	0.00000
384	0.00000
385	0.00000
386	0.00000
387	0.00000
388	0.00000
389	0.00000
390	0.00000
391	0.00000
392	0.00000
393	0.00000
394	0.00000
395	0.00000
396	0.00000
397	0.00000
398	0.00000
399	0.00000
400	0.00000
401	0.00000
402	0.00000
403	0.00000
404	0.00000
405	0.00000
406	0.00000
407	0.00000
408	0.00000
409	0.00000
410	0.00000
411	0.00000
412	0.00000
413	0.00000
414	0.00000
415	0.00000
416	0.00000
417	0.00000
418	0.00000
419	0.00000
420	0.00000
421	0.00000
422	0.00000
423	0.00000
424	0.00000
425	0.00000
426	0.00000
427	0.00000
428	0.00000
429	0.00000
430	0.00000
431	0.00000
432	0.00000
433	0.00000
434	0.00000
435	0.00000
436	0.00000
437	0.00000
438	0.00000
439	0.00000
440	0.00000
441	0.00000
442	0.00000
443	0.00000
444	0.00000
445	0.00000
446	0.00000
447	0.00000
448	0.00000
449	0.00000
450	0.00000
451	0.00000
452	0.00000
453	0.00000
454	0.00000
455	0.00000
456	0.00000
457	0.00000
458	0.00000
459	0.00000
460	0.00000
461	0.00000
462	0.00000
463	0.00000
464	0.00000
465	0.00000
466	0.00000
467	0.00000
468	0.00000
469	0.00000
470	0.00000
471	0.00000
472	0.00000
473	0.00000
474	0.00000
475	0.00000
476	0.00000
477	0.00000
478	0.00000
479	0.00000
480	0.00000
481	0.00000
482	0.00000
483	0.00000
484	0.00000
485	0.00000
486	0.00000
487	0.00000
488	0.00000
489	0.00000
490	0.00000
491	0.00000
492	0.00000
493	0.00000
494	0.00000
495	0.00000
496	0.00000
497	0.00000
498	0.00000
499	0.00000
