0	0.00000
1	0.00150
2	0.00300
3	0.00000
4	0.00050
5	0.00200
6	0.00100
7	0.00200
8	0.00150
9	0.00150
10	0.00150
11	0.00300
12	0.00250
13	0.00200
14	0.00300
15	0.00150
16	0.00150
17	0.00350
18	0.00300
19	0.00450
20	0.00750
21	0.00400
22	0.00450
23	0.00650
24	0.00400
25	0.00850
26	0.00500
27	0.01050
28	0.00750
29	0.00650
30	0.00950
31	0.00700
32	0.01150
33	0.00950
34	0.01050
35	0.01150
36	0.01300
37	0.01200
38	0.01050
39	0.01300
40	0.01350
41	0.01600
42	0.01450
43	0.01400
44	0.01600
45	0.01500
46	0.01400
47	0.02000
48	0.01900
49	0.01500
50	0.01350
51	0.01800
52	0.01300
53	0.01600
54	0.01850
55	0.01250
56	0.01450
57	0.01950
58	0.01700
59	0.00950
60	0.01350
61	0.01200
62	0.01250
63	0.01900
64	0.00850
65	0.01700
66	0.01400
67	0.01300
68	0.01500
69	0.01650
70	0.00750
71	0.00800
72	0.01200
73	0.01500
74	0.01150
75	0.01050
76	0.01150
77	0.00950
78	0.00400
79	0.01550
80	0.00800
81	0.00600
82	0.00700
83	0.00600
84	0.00650
85	0.01000
86	0.00600
87	0.00800
88	0.00650
89	0.00900
90	0.00650
91	0.00450
92	0.00650
93	0.00700
94	0.00350
95	0.00450
96	0.00500
97	0.00700
98	0.00350
99	0.00600
100	0.00600
101	0.00200
102	0.00100
103	0.00350
104	0.00350
105	0.00200
106	0.00450
107	0.00350
108	0.00150
109	0.00300
110	0.00150
111	0.00350
112	0.00350
113	0.00350
114	0.00100
115	0.00150
116	0.00150
117	0.00200
118	0.00200
119	0.00150
120	0.00100
121	0.00250
122	0.00100
123	0.00150
124	0.00200
125	0.00150
126	0.00200
127	0.00100
128	0.00100
129	0.00000
130	0.00200
131	0.00200
132	0.00150
133	0.00100
134	0.00050
135	0.00200
136	0.00000
137	0.00150
138	0.00050
139	0.00050
140	0.00000
141	0.00050
142	0.00100
143	0.00200
144	0.00050
145	0.00000
146	0.00050
147	0.00100
148	0.00100
149	0.00200
150	0.00050
151	0.00000
152	0.00000
153	0.00050
154	0.00000
155	0.00000
156	0.00000
157	0.00000
158	0.00000
159	0.00050
160	0.00050
161	0.00100
162	0.00000
163	0.00100
164	0.00000
165	0.00050
166	0.00050
167	0.00000
168	0.00000
169	0.00000
170	0.00000
171	0.00000
172	0.00000
173	0.00050
174	0.00000
175	0.00050
176	0.00100
177	0.00000
178	0.00050
179	0.00000
