0	0.00000
1	0.00000
2	0.00000
3	0.04232
4	0.15299
5	0.12370
6	0.13602
7	0.19049
8	0.19787
9	0.22093
10	0.25949
11	0.21675
12	0.21226
13	0.33504
14	0.36355
15	0.33955
16	0.36050
17	0.32671
18	0.29119
19	0.35384
20	0.41658
21	0.51720
22	0.60323
23	0.59697
24	0.58595
25	0.58754
26	0.56145
27	0.57275
28	0.48607
29	0.54511
30	0.48168
31	0.48218
32	0.49611
33	0.45198
34	0.42934
35	0.41199
36	0.38916
37	0.37393
38	0.34022
39	0.32281
40	0.30189
41	0.29656
42	0.28172
43	0.29114
44	0.28530
45	0.25940
46	0.24826
47	0.23996
48	0.22131
49	0.21559
50	0.21670
51	0.21281
52	0.20361
53	0.18807
54	0.16715
55	0.15865
56	0.15288
57	0.14022
58	0.13239
59	0.13635
60	0.13102
61	0.11540
62	0.11646
63	0.10899
64	0.10175
65	0.10974
66	0.09431
67	0.09263
68	0.09088
69	0.08736
70	0.08788
71	0.08737
72	0.07820
73	0.07168
74	0.06915
75	0.06843
76	0.06436
77	0.05928
78	0.05918
79	0.05814
80	0.05022
81	0.05346
82	0.05011
83	0.04604
84	0.04631
85	0.04256
86	0.03898
87	0.04459
88	0.04239
89	0.04234
90	0.04109
91	0.03969
92	0.03977
93	0.03610
94	0.03400
95	0.03320
96	0.02951
97	0.02613
98	0.02521
99	0.02540
100	0.02221
101	0.02250
102	0.02328
103	0.02297
104	0.02013
105	0.01839
106	0.01593
107	0.01584
108	0.01520
109	0.01440
110	0.01169
111	0.01282
112	0.01235
113	0.01494
114	0.01512
115	0.01657
116	0.01343
117	0.01373
118	0.01088
119	0.00960
120	0.00842
121	0.00949
122	0.00766
123	0.00949
124	0.00957
125	0.00808
126	0.00857
127	0.00921
128	0.00934
129	0.00885
130	0.00858
131	0.00653
132	0.00758
133	0.00641
134	0.00480
135	0.00400
136	0.00349
137	0.00318
138	0.00304
139	0.00358
140	0.00417
141	0.00481
142	0.00479
143	0.00461
144	0.00539
145	0.00478
146	0.00222
147	0.00129
148	0.00132
149	0.00064
150	0.00112
151	0.00450
152	0.00425
153	0.00439
154	0.00426
155	0.00426
156	0.00426
157	0.00378
158	0.00000
159	0.00000
160	0.00000
161	0.00175
162	0.00217
163	0.00251
164	0.00251
165	0.00284
166	0.00297
167	0.00336
168	0.00133
169	0.00083
170	0.00083
171	0.00083
172	0.00059
173	0.00062
174	0.00021
175	0.00028
176	0.00032
177	0.00032
178	0.00139
179	0.00139
