0	0	0	0	0	0	
1	500	0	0	0	0	
2	500	0	0	0	0	
3	500	0	0	0	0	
4	500	0	0	0	0	
5	500	0	0	0	0	
6	500	0	0	0	0	
7	500	0	0	0	0	
8	499	0	0	0	0	
9	499	0	0	0	0	
10	496	0	0	0	0	
11	495	0	0	0	0	
12	493	0	0	0	0	
13	491	1	0	0	0	
14	490	0	1	0	0	
15	489	0	0	1	0	
16	489	0	0	0	1	
17	486	0	0	0	1	
18	485	0	0	0	1	
19	483	0	0	0	1	
20	480	0	0	0	1	
21	475	2	0	0	1	
22	472	1	2	0	1	
23	466	2	1	2	1	
24	465	0	2	1	3	
25	461	1	0	2	4	
26	458	0	1	0	6	
27	452	0	0	1	6	
28	450	0	0	1	6	
29	445	0	0	0	7	
30	437	2	0	0	7	
31	432	0	2	0	7	
32	427	0	0	2	7	
33	421	0	0	0	9	
34	416	0	0	0	9	
35	411	0	0	0	9	
36	404	0	0	0	9	
37	400	0	0	0	9	
38	394	0	0	0	9	
39	391	0	0	0	9	
40	386	0	0	0	9	
41	376	0	0	0	9	
42	371	0	0	0	9	
43	365	0	0	0	9	
44	359	0	0	0	9	
45	354	0	0	0	9	
46	346	0	0	0	9	
47	335	0	0	0	9	
48	322	0	0	0	9	
49	315	0	0	0	9	
50	306	0	0	0	9	
51	295	0	0	0	9	
52	287	0	0	0	9	
53	275	0	0	0	9	
54	268	0	0	0	9	
55	261	0	0	0	9	
56	256	0	0	0	9	
57	243	0	0	0	9	
58	236	0	0	0	9	
59	230	0	0	0	9	
60	219	0	0	0	9	
61	216	0	0	0	9	
62	206	0	0	0	9	
63	201	0	0	0	9	
64	197	0	0	0	9	
65	190	0	0	0	9	
66	187	0	0	0	9	
67	181	0	0	0	9	
68	173	0	0	0	9	
69	164	0	0	0	9	
70	160	0	0	0	9	
71	155	0	0	0	9	
72	150	0	0	0	9	
73	146	0	0	0	9	
74	142	0	0	0	9	
75	138	0	0	0	9	
76	133	0	0	0	9	
77	127	0	0	0	9	
78	122	0	0	0	9	
79	116	0	0	0	9	
80	114	0	0	0	9	
81	112	0	0	0	9	
82	109	0	0	0	9	
83	107	0	0	0	9	
84	103	0	0	0	9	
85	98	0	0	0	9	
86	95	0	0	0	9	
87	94	0	0	0	9	
88	91	0	0	0	9	
89	85	0	0	0	9	
90	83	0	0	0	9	
91	80	0	0	0	9	
92	76	0	0	0	9	
93	72	0	0	0	9	
94	71	0	0	0	9	
95	68	0	0	0	9	
96	67	0	0	0	9	
97	65	0	0	0	9	
98	64	0	0	0	9	
99	61	0	0	0	9	
100	56	0	0	0	9	
101	54	0	0	0	9	
102	53	0	0	0	9	
103	50	0	0	0	9	
104	50	0	0	0	9	
105	49	0	0	0	9	
106	45	0	0	0	9	
107	44	0	0	0	9	
108	44	0	0	0	9	
109	43	0	0	0	9	
110	42	0	0	0	9	
111	40	0	0	0	9	
112	37	0	0	0	9	
113	35	0	0	0	9	
114	35	0	0	0	9	
115	34	0	0	0	9	
116	34	0	0	0	9	
117	32	0	0	0	9	
118	30	0	0	0	9	
119	30	0	0	0	9	
120	30	0	0	0	9	
121	27	0	0	0	9	
122	25	0	0	0	9	
123	24	0	0	0	9	
124	24	0	0	0	9	
125	22	0	0	0	9	
126	22	0	0	0	9	
127	22	0	0	0	9	
128	21	0	0	0	9	
129	21	0	0	0	9	
130	19	0	0	0	9	
131	17	0	0	0	9	
132	16	0	0	0	9	
133	16	0	0	0	9	
134	15	0	0	0	9	
135	14	0	0	0	9	
136	14	0	0	0	9	
137	14	0	0	0	9	
138	14	0	0	0	9	
139	14	0	0	0	9	
140	14	0	0	0	9	
141	13	0	0	0	9	
142	13	0	0	0	9	
143	10	0	0	0	9	
144	10	0	0	0	9	
145	10	0	0	0	9	
146	9	0	0	0	9	
147	8	0	0	0	9	
148	8	0	0	0	9	
149	6	0	0	0	9	
150	5	0	0	0	9	
151	5	0	0	0	9	
152	5	0	0	0	9	
153	5	0	0	0	9	
154	5	0	0	0	9	
155	5	0	0	0	9	
156	5	0	0	0	9	
157	5	0	0	0	9	
158	5	0	0	0	9	
159	5	0	0	0	9	
160	5	0	0	0	9	
161	4	0	0	0	9	
162	4	0	0	0	9	
163	4	0	0	0	9	
164	4	0	0	0	9	
165	4	0	0	0	9	
166	4	0	0	0	9	
167	4	0	0	0	9	
168	4	0	0	0	9	
169	4	0	0	0	9	
170	4	0	0	0	9	
171	4	0	0	0	9	
172	4	0	0	0	9	
173	4	0	0	0	9	
174	4	0	0	0	9	
175	4	0	0	0	9	
176	3	0	0	0	9	
177	3	0	0	0	9	
178	2	0	0	0	9	
179	2	0	0	0	9	
