0	0	0	0	0	0	
1	3993	0	0	0	0	
2	3986	0	0	0	0	
3	3973	0	0	0	0	
4	0	3953	0	0	0	
5	0	0	3927	0	0	
6	0	0	0	3907	0	
7	0	0	0	0	3896	
8	0	0	0	0	3893	
9	0	0	0	0	3892	
10	0	0	0	0	3887	
11	0	0	0	0	3886	
12	0	0	0	0	3883	
13	0	0	0	0	3879	
14	0	0	0	0	3877	
15	0	0	0	0	3869	
16	0	0	0	0	3865	
17	0	0	0	0	3863	
18	0	0	0	0	3861	
19	0	0	0	0	3855	
20	0	0	0	0	3852	
21	0	0	0	0	3847	
22	0	0	0	0	3841	
23	0	0	0	0	3836	
24	0	0	0	0	3831	
25	0	0	0	0	3826	
26	0	0	0	0	3820	
27	0	0	0	0	3816	
28	0	0	0	0	3811	
29	0	0	0	0	3803	
30	0	0	0	0	3801	
31	0	0	0	0	3798	
32	0	0	0	0	3793	
33	0	0	0	0	3789	
34	0	0	0	0	3786	
35	0	0	0	0	3785	
36	0	0	0	0	3783	
37	0	0	0	0	3780	
38	0	0	0	0	3780	
39	0	0	0	0	3778	
40	0	0	0	0	3775	
41	0	0	0	0	3772	
42	0	0	0	0	3770	
43	0	0	0	0	3767	
44	0	0	0	0	3766	
45	0	0	0	0	3764	
46	0	0	0	0	3763	
47	0	0	0	0	3761	
48	0	0	0	0	3760	
49	0	0	0	0	3760	
50	0	0	0	0	3759	
51	0	0	0	0	3759	
52	0	0	0	0	3759	
53	0	0	0	0	3759	
54	0	0	0	0	3758	
55	0	0	0	0	3758	
56	0	0	0	0	3756	
57	0	0	0	0	3755	
58	0	0	0	0	3754	
59	0	0	0	0	3754	
60	0	0	0	0	3753	
61	0	0	0	0	3752	
62	0	0	0	0	3752	
63	0	0	0	0	3752	
64	0	0	0	0	3752	
65	0	0	0	0	3752	
66	0	0	0	0	3752	
67	0	0	0	0	3752	
68	0	0	0	0	3752	
69	0	0	0	0	3752	
70	0	0	0	0	3752	
71	0	0	0	0	3752	
72	0	0	0	0	3752	
73	0	0	0	0	3752	
74	0	0	0	0	3752	
75	0	0	0	0	3752	
76	0	0	0	0	3752	
77	0	0	0	0	3752	
78	0	0	0	0	3752	
79	0	0	0	0	3752	
80	0	0	0	0	3752	
81	0	0	0	0	3752	
82	0	0	0	0	3752	
83	0	0	0	0	3752	
84	0	0	0	0	3752	
85	0	0	0	0	3752	
86	0	0	0	0	3752	
87	0	0	0	0	3752	
88	0	0	0	0	3752	
89	0	0	0	0	3752	
90	0	0	0	0	3752	
91	0	0	0	0	3752	
92	0	0	0	0	3752	
93	0	0	0	0	3752	
94	0	0	0	0	3752	
95	0	0	0	0	3752	
96	0	0	0	0	3752	
97	0	0	0	0	3752	
98	0	0	0	0	3752	
99	0	0	0	0	3752	
100	0	0	0	0	3752	
101	0	0	0	0	3752	
102	0	0	0	0	3752	
103	0	0	0	0	3752	
104	0	0	0	0	3752	
105	0	0	0	0	3752	
106	0	0	0	0	3752	
107	0	0	0	0	3752	
108	0	0	0	0	3752	
109	0	0	0	0	3752	
110	0	0	0	0	3752	
111	0	0	0	0	3752	
112	0	0	0	0	3752	
113	0	0	0	0	3752	
114	0	0	0	0	3752	
115	0	0	0	0	3752	
116	0	0	0	0	3752	
117	0	0	0	0	3752	
118	0	0	0	0	3752	
119	0	0	0	0	3752	
120	0	0	0	0	3752	
121	0	0	0	0	3752	
122	0	0	0	0	3752	
123	0	0	0	0	3752	
124	0	0	0	0	3752	
125	0	0	0	0	3752	
126	0	0	0	0	3752	
127	0	0	0	0	3752	
128	0	0	0	0	3752	
129	0	0	0	0	3752	
130	0	0	0	0	3752	
131	0	0	0	0	3752	
132	0	0	0	0	3752	
133	0	0	0	0	3752	
134	0	0	0	0	3752	
135	0	0	0	0	3752	
136	0	0	0	0	3752	
137	0	0	0	0	3752	
138	0	0	0	0	3752	
139	0	0	0	0	3752	
140	0	0	0	0	3752	
141	0	0	0	0	3752	
142	0	0	0	0	3752	
143	0	0	0	0	3752	
144	0	0	0	0	3752	
145	0	0	0	0	3752	
146	0	0	0	0	3752	
147	0	0	0	0	3752	
148	0	0	0	0	3752	
149	0	0	0	0	3752	
