0	0.00000
1	0.00000
2	0.00000
3	0.04118
4	0.10402
5	0.22878
6	0.55703
7	0.89394
8	1.11833
9	1.23968
10	1.29076
11	1.27491
12	1.19566
13	1.04477
14	0.85075
15	0.66163
16	0.50341
17	0.38537
18	0.29571
19	0.21515
20	0.16262
21	0.13323
22	0.10421
23	0.08266
24	0.06822
25	0.05568
26	0.04620
27	0.03704
28	0.02879
29	0.02345
30	0.01902
31	0.01669
32	0.01341
33	0.01076
34	0.00957
35	0.00794
36	0.00681
37	0.00625
38	0.00359
39	0.00275
40	0.00235
41	0.00195
42	0.00139
43	0.00139
44	0.00031
45	0.00031
46	0.00017
47	0.00017
48	0.00017
49	0.00067
50	0.00067
51	0.00067
52	0.00067
53	0.00050
54	0.00050
55	0.00050
56	0.00000
57	0.00000
58	0.00000
59	0.00000
60	0.00000
61	0.00000
62	0.00000
63	0.00000
64	0.00000
65	0.00000
66	0.00000
67	0.00000
68	0.00000
69	0.00000
70	0.00000
71	0.00000
72	0.00000
73	0.00000
74	0.00000
75	0.00000
76	0.00000
77	0.00000
78	0.00000
79	0.00000
80	0.00000
81	0.00000
82	0.00000
83	0.00000
84	0.00000
85	0.00000
86	0.00000
87	0.00000
88	0.00000
89	0.00000
90	0.00000
91	0.00000
92	0.00000
93	0.00000
94	0.00000
95	0.00000
96	0.00000
97	0.00000
98	0.00000
99	0.00000
