0	0	0	0	0	0	
1	748	0	0	0	0	
2	744	0	0	0	0	
3	698	42	0	0	0	
4	560	129	39	0	0	
5	409	139	124	37	0	
6	176	216	137	121	35	
7	61	111	206	128	154	
8	28	31	101	201	280	
9	21	7	28	99	478	
10	15	5	5	28	570	
11	13	3	3	7	592	
12	10	3	2	5	593	
13	8	3	1	4	593	
14	4	2	1	4	593	
15	3	1	1	4	592	
16	3	0	1	4	591	
17	3	0	1	4	591	
18	3	0	1	4	591	
19	3	0	0	4	591	
20	3	0	0	4	590	
21	2	0	0	4	590	
22	2	0	0	4	590	
23	2	0	0	4	590	
24	2	0	0	4	590	
25	2	0	0	4	590	
26	2	0	0	4	590	
27	2	0	0	4	590	
28	2	0	0	4	590	
29	1	0	0	4	590	
30	1	0	0	4	590	
31	1	0	0	4	590	
32	1	0	0	4	590	
33	1	0	0	4	589	
34	1	0	0	4	589	
35	1	0	0	4	589	
36	1	0	0	4	589	
37	1	0	0	4	589	
38	1	0	0	4	589	
39	1	0	0	4	589	
40	1	0	0	4	589	
41	1	0	0	4	589	
42	1	0	0	4	589	
43	1	0	0	4	589	
44	0	0	0	4	589	
45	0	0	0	4	589	
46	0	0	0	4	589	
47	0	0	0	4	589	
48	0	0	0	4	589	
49	0	0	0	4	589	
50	0	0	0	4	589	
51	0	0	0	4	589	
52	0	0	0	4	589	
53	0	0	0	4	589	
54	0	0	0	4	589	
55	0	0	0	4	589	
56	0	0	0	4	589	
57	0	0	0	4	589	
58	0	0	0	4	589	
59	0	0	0	4	589	
60	0	0	0	4	589	
61	0	0	0	4	589	
62	0	0	0	4	589	
63	0	0	0	4	589	
64	0	0	0	4	589	
65	0	0	0	4	589	
66	0	0	0	4	589	
67	0	0	0	4	589	
68	0	0	0	4	589	
69	0	0	0	4	589	
70	0	0	0	4	589	
71	0	0	0	4	589	
72	0	0	0	4	589	
73	0	0	0	4	589	
74	0	0	0	4	589	
75	0	0	0	4	589	
76	0	0	0	4	589	
77	0	0	0	4	589	
78	0	0	0	4	589	
79	0	0	0	4	589	
80	0	0	0	4	589	
81	0	0	0	4	589	
82	0	0	0	4	589	
83	0	0	0	4	589	
84	0	0	0	4	589	
85	0	0	0	4	589	
86	0	0	0	4	589	
87	0	0	0	4	589	
88	0	0	0	4	589	
89	0	0	0	4	589	
90	0	0	0	4	589	
91	0	0	0	4	589	
92	0	0	0	4	589	
93	0	0	0	4	589	
94	0	0	0	4	589	
95	0	0	0	4	589	
96	0	0	0	4	589	
97	0	0	0	4	589	
98	0	0	0	4	589	
99	0	0	0	4	589	
