0	0.00000
1	0.00000
2	0.00000
3	0.03897
4	0.16954
5	0.39721
6	0.66564
7	0.89908
8	1.25855
9	1.59507
10	1.64412
11	1.47422
12	1.23004
13	0.99209
14	0.73469
15	0.52367
16	0.36800
17	0.25726
18	0.18369
19	0.13800
20	0.10107
21	0.07861
22	0.06093
23	0.05041
24	0.04016
25	0.03144
26	0.02690
27	0.02157
28	0.01669
29	0.01339
30	0.00904
31	0.00606
32	0.00526
33	0.00285
34	0.00170
35	0.00087
36	0.00055
37	0.00055
38	0.00055
39	0.00000
40	0.00000
41	0.00000
42	0.00000
43	0.00000
44	0.00000
45	0.00000
46	0.00000
47	0.00000
48	0.00000
49	0.00000
50	0.00000
51	0.00000
52	0.00000
53	0.00000
54	0.00000
55	0.00000
56	0.00000
57	0.00000
58	0.00000
59	0.00000
60	0.00000
61	0.00000
62	0.00000
63	0.00000
64	0.00000
65	0.00000
66	0.00000
67	0.00000
68	0.00000
69	0.00000
70	0.00000
71	0.00000
72	0.00000
73	0.00000
74	0.00000
75	0.00000
76	0.00000
77	0.00000
78	0.00000
79	0.00000
80	0.00000
81	0.00000
82	0.00000
83	0.00000
84	0.00000
85	0.00000
86	0.00000
87	0.00000
88	0.00000
89	0.00000
90	0.00000
91	0.00000
92	0.00000
93	0.00000
94	0.00000
95	0.00000
96	0.00000
97	0.00000
98	0.00000
99	0.00000
