0	0.00000
1	0.00000
2	0.00000
3	0.07687
4	0.52285
5	0.82986
6	0.99302
7	1.21796
8	1.28552
9	1.34853
10	1.30675
11	1.22869
12	1.01865
13	0.81595
14	0.64139
15	0.50361
16	0.37120
17	0.29638
18	0.22626
19	0.17531
20	0.13564
21	0.10779
22	0.07885
23	0.06312
24	0.05247
25	0.04371
26	0.04062
27	0.03592
28	0.03084
29	0.02805
30	0.02404
31	0.02165
32	0.01880
33	0.01543
34	0.01290
35	0.01155
36	0.00958
37	0.00848
38	0.00526
39	0.00414
40	0.00337
41	0.00156
42	0.00071
43	0.00025
44	0.00006
45	0.00000
46	0.00000
47	0.00000
48	0.00000
49	0.00000
50	0.00000
51	0.00000
52	0.00000
53	0.00000
54	0.00000
55	0.00000
56	0.00000
57	0.00000
58	0.00000
59	0.00000
60	0.00000
61	0.00000
62	0.00000
63	0.00000
64	0.00000
65	0.00000
66	0.00000
67	0.00000
68	0.00000
69	0.00000
70	0.00000
71	0.00000
72	0.00000
73	0.00000
74	0.00000
75	0.00000
76	0.00000
77	0.00000
78	0.00000
79	0.00000
80	0.00000
81	0.00000
82	0.00000
83	0.00000
84	0.00000
85	0.00000
86	0.00000
87	0.00000
88	0.00000
89	0.00000
90	0.00000
91	0.00000
92	0.00000
93	0.00000
94	0.00000
95	0.00000
96	0.00000
97	0.00000
98	0.00000
99	0.00000
