0	0.00500
1	0.00750
2	0.01850
3	0.03200
4	0.05250
5	0.08600
6	0.12800
7	0.18100
8	0.23850
9	0.30250
10	0.35950
11	0.41500
12	0.46550
13	0.51350
14	0.54250
15	0.58100
16	0.60250
17	0.62200
18	0.63650
19	0.64750
20	0.65100
21	0.65800
22	0.66600
23	0.67000
24	0.67800
25	0.68150
26	0.68350
27	0.68600
28	0.68700
29	0.68950
30	0.69050
31	0.69250
32	0.69350
33	0.69450
34	0.69550
35	0.69600
36	0.69650
37	0.69650
38	0.69750
39	0.69750
40	0.69750
41	0.69750
42	0.69750
43	0.69750
44	0.69750
45	0.69750
46	0.69750
47	0.69750
48	0.69750
49	0.69750
50	0.69750
51	0.69750
52	0.69750
53	0.69750
54	0.69750
55	0.69750
56	0.69750
57	0.69750
58	0.69750
59	0.69750
60	0.69750
61	0.69750
62	0.69750
63	0.69750
64	0.69750
65	0.69750
66	0.69750
67	0.69750
68	0.69750
69	0.69750
70	0.69750
71	0.69750
72	0.69750
73	0.69750
74	0.69750
75	0.69750
76	0.69750
77	0.69750
78	0.69750
79	0.69750
80	0.69750
81	0.69750
82	0.69750
83	0.69750
84	0.69750
85	0.69750
86	0.69750
87	0.69750
88	0.69750
89	0.69750
90	0.69750
91	0.69750
92	0.69750
93	0.69750
94	0.69750
95	0.69750
96	0.69750
97	0.69750
98	0.69750
99	0.69750
