0	0	0	0	0	0	
1	750	0	0	0	0	
2	745	0	0	0	0	
3	658	77	0	0	0	
4	361	289	73	0	0	
5	94	256	278	69	0	
6	47	49	239	273	67	
7	27	22	42	232	337	
8	20	8	17	41	566	
9	17	3	6	17	600	
10	16	2	1	7	611	
11	13	0	0	2	615	
12	10	0	0	1	612	
13	6	0	0	1	612	
14	6	0	0	1	612	
15	6	0	0	1	611	
16	6	0	0	1	610	
17	4	0	0	1	609	
18	4	0	0	1	608	
19	3	0	0	1	606	
20	3	0	0	1	606	
21	3	0	0	1	606	
22	1	0	0	1	605	
23	1	0	0	1	605	
24	1	0	0	1	605	
25	1	0	0	1	605	
26	1	0	0	1	605	
27	1	0	0	1	605	
28	1	0	0	1	605	
29	1	0	0	1	604	
30	1	0	0	1	604	
31	1	0	0	1	604	
32	1	0	0	1	604	
33	1	0	0	1	604	
34	1	0	0	1	604	
35	1	0	0	1	603	
36	1	0	0	1	602	
37	1	0	0	1	602	
38	1	0	0	1	602	
39	1	0	0	1	602	
40	1	0	0	1	602	
41	1	0	0	1	602	
42	1	0	0	1	602	
43	1	0	0	1	602	
44	1	0	0	1	602	
45	1	0	0	1	602	
46	1	0	0	1	602	
47	1	0	0	1	602	
48	1	0	0	1	602	
49	1	0	0	1	602	
50	1	0	0	1	602	
51	1	0	0	1	602	
52	1	0	0	1	602	
53	1	0	0	1	602	
54	1	0	0	1	602	
55	1	0	0	1	602	
56	1	0	0	1	602	
57	1	0	0	1	602	
58	1	0	0	1	602	
59	1	0	0	1	602	
60	1	0	0	1	602	
61	1	0	0	1	602	
62	1	0	0	1	602	
63	1	0	0	1	602	
64	1	0	0	1	602	
65	1	0	0	1	602	
66	1	0	0	1	602	
67	1	0	0	1	602	
68	1	0	0	1	602	
69	1	0	0	1	602	
70	1	0	0	1	602	
71	1	0	0	1	602	
72	1	0	0	1	602	
73	1	0	0	1	602	
74	1	0	0	1	602	
75	1	0	0	1	602	
76	1	0	0	1	602	
77	1	0	0	1	602	
78	1	0	0	1	602	
79	1	0	0	1	602	
80	1	0	0	1	602	
81	1	0	0	1	602	
82	1	0	0	1	602	
83	1	0	0	1	602	
84	1	0	0	1	602	
85	1	0	0	1	602	
86	1	0	0	1	602	
87	1	0	0	1	602	
88	1	0	0	1	602	
89	1	0	0	1	602	
90	1	0	0	1	602	
91	1	0	0	1	602	
92	1	0	0	1	602	
93	1	0	0	1	602	
94	1	0	0	1	602	
95	1	0	0	1	602	
96	1	0	0	1	602	
97	1	0	0	1	602	
98	1	0	0	1	602	
99	1	0	0	1	602	
