0	0.00500
1	0.00650
2	0.01100
3	0.01800
4	0.03100
5	0.05600
6	0.09450
7	0.15350
8	0.23400
9	0.32100
10	0.42900
11	0.52200
12	0.60200
13	0.66300
14	0.70100
15	0.73000
16	0.75600
17	0.78050
18	0.78950
19	0.79700
20	0.80500
21	0.81500
22	0.82000
23	0.82500
24	0.82700
25	0.82950
26	0.83150
27	0.83150
28	0.83250
29	0.83250
30	0.83250
31	0.83300
32	0.83350
33	0.83450
34	0.83450
35	0.83500
36	0.83500
37	0.83500
38	0.83500
39	0.83500
40	0.83500
41	0.83500
42	0.83500
43	0.83500
44	0.83500
45	0.83500
46	0.83500
47	0.83500
48	0.83500
49	0.83500
50	0.83500
51	0.83500
52	0.83500
53	0.83500
54	0.83500
55	0.83500
56	0.83500
57	0.83500
58	0.83500
59	0.83500
60	0.83500
61	0.83500
62	0.83500
63	0.83500
64	0.83500
65	0.83500
66	0.83500
67	0.83500
68	0.83500
69	0.83500
70	0.83500
71	0.83500
72	0.83500
73	0.83500
74	0.83500
75	0.83500
76	0.83500
77	0.83500
78	0.83500
79	0.83500
80	0.83500
81	0.83500
82	0.83500
83	0.83500
84	0.83500
85	0.83500
86	0.83500
87	0.83500
88	0.83500
89	0.83500
90	0.83500
91	0.83500
92	0.83500
93	0.83500
94	0.83500
95	0.83500
96	0.83500
97	0.83500
98	0.83500
99	0.83500
