0	0.00000
1	0.00000
2	0.00000
3	0.02478
4	0.10071
5	0.23276
6	0.47578
7	0.79751
8	1.19477
9	1.50662
10	1.58603
11	1.51561
12	1.37513
13	1.14576
14	0.89285
15	0.66630
16	0.46052
17	0.32097
18	0.22924
19	0.16677
20	0.11875
21	0.08643
22	0.06785
23	0.05635
24	0.04720
25	0.03663
26	0.02876
27	0.02529
28	0.02085
29	0.01556
30	0.01092
31	0.00730
32	0.00494
33	0.00378
34	0.00269
35	0.00249
36	0.00249
37	0.00190
38	0.00190
39	0.00190
40	0.00137
41	0.00101
42	0.00046
43	0.00046
44	0.00000
45	0.00000
46	0.00000
47	0.00000
48	0.00000
49	0.00000
50	0.00000
51	0.00000
52	0.00000
53	0.00000
54	0.00000
55	0.00000
56	0.00000
57	0.00000
58	0.00000
59	0.00000
60	0.00000
61	0.00000
62	0.00000
63	0.00000
64	0.00000
65	0.00000
66	0.00000
67	0.00000
68	0.00000
69	0.00000
70	0.00000
71	0.00000
72	0.00000
73	0.00000
74	0.00000
75	0.00000
76	0.00000
77	0.00000
78	0.00000
79	0.00000
80	0.00000
81	0.00000
82	0.00000
83	0.00000
84	0.00000
85	0.00000
86	0.00000
87	0.00000
88	0.00000
89	0.00000
90	0.00000
91	0.00000
92	0.00000
93	0.00000
94	0.00000
95	0.00000
96	0.00000
97	0.00000
98	0.00000
99	0.00000
