0	0	0	0	0	0	
1	751	0	0	0	0	
2	750	0	0	0	0	
3	747	0	0	0	0	
4	735	0	0	0	0	
5	713	8	0	0	0	
6	600	89	2	0	0	
7	475	143	31	1	0	
8	251	215	102	25	1	
9	112	133	179	90	24	
10	65	51	122	138	98	
11	49	25	61	97	207	
12	36	17	46	61	245	
13	31	12	42	59	244	
14	27	10	38	59	244	
15	23	10	33	59	243	
16	16	8	31	59	243	
17	11	7	30	58	243	
18	9	7	29	58	241	
19	8	7	29	58	241	
20	7	5	28	58	241	
21	5	3	28	58	241	
22	5	3	27	57	241	
23	2	3	27	57	241	
24	2	3	27	57	241	
25	2	3	27	57	241	
26	1	3	27	57	241	
27	1	3	27	57	241	
28	1	3	27	57	241	
29	1	3	27	57	241	
30	1	3	27	57	241	
31	1	3	27	57	241	
32	1	3	27	57	241	
33	1	3	27	57	241	
34	1	3	27	57	241	
35	1	3	27	57	241	
36	1	3	27	57	241	
37	1	3	27	57	241	
38	1	3	27	57	241	
39	1	3	27	57	241	
40	1	3	27	57	241	
41	1	3	27	57	241	
42	1	3	27	57	241	
43	1	3	27	57	241	
44	1	3	27	57	241	
45	1	3	27	57	241	
46	1	3	27	57	241	
47	1	3	27	57	241	
48	1	3	27	57	241	
49	1	3	27	57	241	
50	1	3	27	57	241	
51	1	3	27	57	241	
52	1	3	27	57	241	
53	1	3	27	57	241	
54	1	3	27	57	241	
55	1	3	27	57	241	
56	1	3	27	57	241	
57	1	3	27	57	241	
58	1	3	27	57	241	
59	1	3	27	57	241	
60	1	3	27	57	241	
61	1	3	27	57	241	
62	1	3	27	57	241	
63	1	3	27	57	241	
64	1	3	27	57	241	
65	1	3	27	57	241	
66	1	3	27	57	241	
67	1	3	27	57	241	
68	1	3	27	57	241	
69	1	3	27	57	241	
70	1	3	27	57	241	
71	1	3	27	57	241	
72	1	3	27	57	241	
73	1	3	27	57	241	
74	1	3	27	57	241	
75	1	3	27	57	241	
76	1	3	27	57	241	
77	1	3	27	57	241	
78	1	3	27	57	241	
79	1	3	27	57	241	
80	1	3	27	57	241	
81	1	3	27	57	241	
82	1	3	27	57	241	
83	1	3	27	57	241	
84	1	3	27	57	241	
85	1	3	27	57	241	
86	1	3	27	57	241	
87	1	3	27	57	241	
88	1	3	27	57	241	
89	1	3	27	57	241	
90	1	3	27	57	241	
91	1	3	27	57	241	
92	1	3	27	57	241	
93	1	3	27	57	241	
94	1	3	27	57	241	
95	1	3	27	57	241	
96	1	3	27	57	241	
97	1	3	27	57	241	
98	1	3	27	57	241	
99	1	3	27	57	241	
