0	0.00500
1	0.00650
2	0.00900
3	0.01500
4	0.02600
5	0.04400
6	0.07400
7	0.11450
8	0.17600
9	0.26200
10	0.35350
11	0.44750
12	0.51750
13	0.58500
14	0.64750
15	0.69200
16	0.72500
17	0.74400
18	0.75900
19	0.77450
20	0.78450
21	0.79250
22	0.79600
23	0.80150
24	0.80500
25	0.80650
26	0.80700
27	0.80850
28	0.81050
29	0.81100
30	0.81100
31	0.81200
32	0.81200
33	0.81200
34	0.81200
35	0.81200
36	0.81200
37	0.81200
38	0.81200
39	0.81200
40	0.81200
41	0.81200
42	0.81200
43	0.81200
44	0.81200
45	0.81200
46	0.81200
47	0.81200
48	0.81200
49	0.81200
50	0.81200
51	0.81200
52	0.81200
53	0.81200
54	0.81200
55	0.81200
56	0.81200
57	0.81200
58	0.81200
59	0.81200
60	0.81200
61	0.81200
62	0.81200
63	0.81200
64	0.81200
65	0.81200
66	0.81200
67	0.81200
68	0.81200
69	0.81200
70	0.81200
71	0.81200
72	0.81200
73	0.81200
74	0.81200
75	0.81200
76	0.81200
77	0.81200
78	0.81200
79	0.81200
80	0.81200
81	0.81200
82	0.81200
83	0.81200
84	0.81200
85	0.81200
86	0.81200
87	0.81200
88	0.81200
89	0.81200
90	0.81200
91	0.81200
92	0.81200
93	0.81200
94	0.81200
95	0.81200
96	0.81200
97	0.81200
98	0.81200
99	0.81200
