0	0.00000
1	0.00000
2	0.00000
3	0.00500
4	0.00000
5	0.00000
6	0.00000
7	0.00000
8	0.00000
9	0.00000
10	0.00000
11	0.00000
12	0.00000
13	0.00000
14	0.00000
15	0.00000
16	0.00000
17	0.00000
18	0.00000
19	0.00500
20	0.00000
21	0.00000
22	0.00000
23	0.00000
24	0.00000
25	0.00000
26	0.00500
27	0.01000
28	0.00000
29	0.00500
30	0.00500
31	0.00000
32	0.00500
33	0.00000
34	0.00000
35	0.00000
36	0.00500
37	0.00500
38	0.00000
39	0.00000
40	0.00000
41	0.00000
42	0.00000
43	0.00000
44	0.00000
45	0.00500
46	0.00000
47	0.00500
48	0.00000
49	0.00000
50	0.00500
51	0.00500
52	0.00000
53	0.01500
54	0.00000
55	0.00000
56	0.00000
57	0.00000
58	0.00000
59	0.00000
60	0.00500
61	0.01000
62	0.00500
63	0.00500
64	0.01000
65	0.00000
66	0.00500
67	0.00000
68	0.00500
69	0.01000
70	0.00000
71	0.00500
72	0.00500
73	0.00500
74	0.01000
75	0.00500
76	0.00000
77	0.00000
78	0.00500
79	0.00500
80	0.01000
81	0.01000
82	0.00500
83	0.00000
84	0.01000
85	0.01000
86	0.00000
87	0.01000
88	0.00500
89	0.00500
90	0.00000
91	0.00000
92	0.00000
93	0.00000
94	0.01500
95	0.01000
96	0.00000
97	0.01000
98	0.00000
99	0.01000
100	0.00000
101	0.00500
102	0.00500
103	0.00500
104	0.00500
105	0.00000
106	0.00500
107	0.01000
108	0.00500
109	0.00000
110	0.00500
111	0.00000
112	0.00000
113	0.00000
114	0.01000
115	0.00500
116	0.00500
117	0.01000
118	0.01000
119	0.00500
120	0.01000
121	0.00000
122	0.01000
123	0.00500
124	0.01000
125	0.00500
126	0.01000
127	0.01000
128	0.00000
129	0.00000
130	0.00000
131	0.00500
132	0.00500
133	0.00000
134	0.00000
135	0.01500
136	0.00000
137	0.00500
138	0.00500
139	0.00000
140	0.01000
141	0.01000
142	0.01000
143	0.00500
144	0.00000
145	0.00000
146	0.00000
147	0.01000
148	0.01500
149	0.00000
150	0.00500
151	0.00000
152	0.00000
153	0.00000
154	0.01000
155	0.00500
156	0.00000
157	0.00000
158	0.00500
159	0.00500
160	0.00500
161	0.00000
162	0.00000
163	0.00500
164	0.00500
165	0.00000
166	0.00500
167	0.01000
168	0.00000
169	0.00000
170	0.00000
171	0.00000
172	0.00000
173	0.00500
174	0.00500
175	0.00000
176	0.00000
177	0.00000
178	0.00000
179	0.00000
180	0.00000
181	0.00000
182	0.00000
183	0.00500
184	0.00000
185	0.00000
186	0.00500
187	0.00000
188	0.00500
189	0.00000
190	0.00000
191	0.00000
192	0.00500
193	0.00000
194	0.00000
195	0.00500
196	0.00000
197	0.00000
198	0.00000
199	0.00500
