0	0.00000
1	0.00000
2	0.00000
3	0.00000
4	0.00000
5	0.40722
6	0.40722
7	0.40722
8	0.40722
9	0.40722
10	0.40722
11	0.40722
12	0.40722
13	0.40722
14	0.40722
15	0.40722
16	0.40722
17	0.40722
18	0.40722
19	0.40933
20	0.40933
21	0.50540
22	0.50540
23	0.50540
24	0.50540
25	0.50540
26	0.46115
27	0.46601
28	0.58816
29	0.85961
30	0.85887
31	0.86303
32	0.88788
33	0.85887
34	0.98935
35	0.92090
36	0.92137
37	0.91842
38	1.00921
39	1.03504
40	1.03504
41	1.03504
42	1.01486
43	1.01486
44	1.01486
45	0.93314
46	0.93314
47	0.98599
48	0.98599
49	1.01113
50	0.97658
51	0.98922
52	1.06728
53	1.09464
54	1.07958
55	1.24718
56	1.24718
57	1.19657
58	1.19657
59	1.16563
60	1.14080
61	1.13398
62	1.16623
63	1.21625
64	1.24299
65	1.32687
66	1.42409
67	1.35345
68	1.40567
69	1.36910
70	1.37587
71	1.41044
72	1.38954
73	1.41271
74	1.39922
75	1.42813
76	1.47064
77	1.50323
78	1.45206
79	1.44694
80	1.46759
81	1.47214
82	1.57881
83	1.68848
84	1.72382
85	1.66361
86	1.68936
87	1.62106
88	1.55560
89	1.64186
90	1.59163
91	1.56380
92	1.47579
93	1.45532
94	1.45989
95	1.43469
96	1.55287
97	1.65310
98	1.60922
99	1.66034
100	1.60247
101	1.64779
102	1.60347
103	1.59793
104	1.59957
105	1.60836
106	1.58642
107	1.55523
108	1.57732
109	1.58137
110	1.58884
111	1.54686
112	1.56292
113	1.50740
114	1.47857
115	1.44004
116	1.47796
117	1.36645
118	1.36389
119	1.38932
120	1.48816
121	1.46948
122	1.54636
123	1.51434
124	1.54280
125	1.53083
126	1.58720
127	1.57304
128	1.61051
129	1.69195
130	1.65464
131	1.59844
132	1.52241
133	1.50253
134	1.51382
135	1.43007
136	1.38700
137	1.42045
138	1.40484
139	1.36727
140	1.37001
141	1.35392
142	1.34308
143	1.37652
144	1.40093
145	1.36479
146	1.30405
147	1.29308
148	1.28465
149	1.30438
150	1.33915
151	1.32308
152	1.31669
153	1.28156
154	1.22316
155	1.21285
156	1.26140
157	1.26908
158	1.25799
159	1.23635
160	1.25356
161	1.27047
162	1.27921
163	1.27068
164	1.22381
165	1.24268
166	1.23133
167	1.22542
168	1.24053
169	1.23720
170	1.22314
171	1.20563
172	1.17324
173	1.14461
174	1.12111
175	1.16526
176	1.18071
177	1.14672
178	1.11664
179	1.11081
180	1.09354
181	1.08986
182	1.07404
183	1.06616
184	1.05641
185	1.02913
186	0.99613
187	0.98872
188	1.01529
189	1.00382
190	0.94855
191	0.94305
192	0.93200
193	0.90741
194	0.92916
195	0.89041
196	0.89041
197	0.90233
198	0.89733
199	0.88535
