0	0.02000
1	0.02000
2	0.02000
3	0.02500
4	0.02500
5	0.02500
6	0.02500
7	0.02500
8	0.02500
9	0.02500
10	0.02500
11	0.02500
12	0.02500
13	0.02500
14	0.02500
15	0.02500
16	0.02500
17	0.02500
18	0.02500
19	0.03000
20	0.03000
21	0.03000
22	0.03000
23	0.03000
24	0.03000
25	0.03000
26	0.03500
27	0.04500
28	0.04500
29	0.05000
30	0.05500
31	0.05500
32	0.06000
33	0.06000
34	0.06000
35	0.06000
36	0.06500
37	0.07000
38	0.07000
39	0.07000
40	0.07000
41	0.07000
42	0.07000
43	0.07000
44	0.07000
45	0.07500
46	0.07500
47	0.08000
48	0.08000
49	0.08000
50	0.08500
51	0.09000
52	0.09000
53	0.10500
54	0.10500
55	0.10500
56	0.10500
57	0.10500
58	0.10500
59	0.10500
60	0.11000
61	0.12000
62	0.12500
63	0.13000
64	0.14000
65	0.14000
66	0.14500
67	0.14500
68	0.15000
69	0.16000
70	0.16000
71	0.16500
72	0.17000
73	0.17500
74	0.18500
75	0.19000
76	0.19000
77	0.19000
78	0.19500
79	0.20000
80	0.21000
81	0.22000
82	0.22500
83	0.22500
84	0.23500
85	0.24500
86	0.24500
87	0.25500
88	0.26000
89	0.26500
90	0.26500
91	0.26500
92	0.26500
93	0.26500
94	0.28000
95	0.29000
96	0.29000
97	0.30000
98	0.30000
99	0.31000
100	0.31000
101	0.31500
102	0.32000
103	0.32500
104	0.33000
105	0.33000
106	0.33500
107	0.34500
108	0.35000
109	0.35000
110	0.35500
111	0.35500
112	0.35500
113	0.35500
114	0.36500
115	0.37000
116	0.37500
117	0.38500
118	0.39500
119	0.40000
120	0.41000
121	0.41000
122	0.42000
123	0.42500
124	0.43500
125	0.44000
126	0.45000
127	0.46000
128	0.46000
129	0.46000
130	0.46000
131	0.46500
132	0.47000
133	0.47000
134	0.47000
135	0.48500
136	0.48500
137	0.49000
138	0.49500
139	0.49500
140	0.50500
141	0.51500
142	0.52500
143	0.53000
144	0.53000
145	0.53000
146	0.53000
147	0.54000
148	0.55500
149	0.55500
150	0.56000
151	0.56000
152	0.56000
153	0.56000
154	0.57000
155	0.57500
156	0.57500
157	0.57500
158	0.58000
159	0.58500
160	0.59000
161	0.59000
162	0.59000
163	0.59500
164	0.60000
165	0.60000
166	0.60500
167	0.61500
168	0.61500
169	0.61500
170	0.61500
171	0.61500
172	0.61500
173	0.62000
174	0.62500
175	0.62500
176	0.62500
177	0.62500
178	0.62500
179	0.62500
180	0.62500
181	0.62500
182	0.62500
183	0.63000
184	0.63000
185	0.63000
186	0.63500
187	0.63500
188	0.64000
189	0.64000
190	0.64000
191	0.64000
192	0.64500
193	0.64500
194	0.64500
195	0.65000
196	0.65000
197	0.65000
198	0.65000
199	0.65500
