0	0.00000
1	0.00000
2	0.00000
3	0.00000
4	0.00000
5	0.03077
6	0.03077
7	0.03077
8	0.03077
9	0.03077
10	0.03077
11	0.03077
12	0.03077
13	0.03077
14	0.03077
15	0.03077
16	0.03077
17	0.03077
18	0.03077
19	0.03093
20	0.03093
21	0.03866
22	0.03866
23	0.03866
24	0.03866
25	0.03866
26	0.03368
27	0.03403
28	0.05236
29	0.09737
30	0.09788
31	0.10847
32	0.13830
33	0.13032
34	0.16755
35	0.15957
36	0.16043
37	0.15591
38	0.19086
39	0.23656
40	0.23656
41	0.23656
42	0.23297
43	0.23297
44	0.23297
45	0.22342
46	0.22342
47	0.25725
48	0.25725
49	0.30344
50	0.29144
51	0.28388
52	0.33608
53	0.34730
54	0.34730
55	0.53911
56	0.53911
57	0.51397
58	0.51397
59	0.50559
60	0.48876
61	0.47917
62	0.51048
63	0.59674
64	0.65310
65	0.71415
66	0.86160
67	0.82359
68	0.89020
69	0.85317
70	0.91865
71	0.98603
72	0.96787
73	1.00707
74	1.01636
75	1.05658
76	1.13169
77	1.19650
78	1.15942
79	1.15417
80	1.18460
81	1.20513
82	1.34301
83	1.47312
84	1.52832
85	1.44702
86	1.52870
87	1.49888
88	1.43243
89	1.49830
90	1.46145
91	1.42630
92	1.34807
93	1.32653
94	1.32407
95	1.28709
96	1.39977
97	1.52333
98	1.49476
99	1.55628
100	1.50556
101	1.54939
102	1.52218
103	1.52852
104	1.53246
105	1.54303
106	1.53772
107	1.52112
108	1.52000
109	1.53474
110	1.54535
111	1.50659
112	1.52339
113	1.46589
114	1.44829
115	1.41151
116	1.43747
117	1.35244
118	1.34614
119	1.38361
120	1.46511
121	1.45876
122	1.52845
123	1.49101
124	1.51431
125	1.51042
126	1.55288
127	1.54012
128	1.56096
129	1.63657
130	1.60725
131	1.54751
132	1.48113
133	1.47280
134	1.48459
135	1.41133
136	1.36602
137	1.42582
138	1.39472
139	1.35875
140	1.36667
141	1.35017
142	1.36930
143	1.37447
144	1.38989
145	1.35106
146	1.29876
147	1.29475
148	1.26854
149	1.30318
150	1.34129
151	1.33087
152	1.31921
153	1.28474
154	1.23167
155	1.22067
156	1.27902
157	1.28521
158	1.26083
159	1.24389
160	1.25816
161	1.28002
162	1.27706
163	1.27102
164	1.24432
165	1.25786
166	1.23876
167	1.22016
168	1.24202
169	1.23462
170	1.22194
171	1.20787
172	1.17627
173	1.13780
174	1.12611
175	1.16656
176	1.18367
177	1.15500
178	1.13944
179	1.13627
180	1.12294
181	1.11894
182	1.09183
183	1.07955
184	1.06807
185	1.05008
186	1.00942
187	0.99797
188	1.01035
189	0.99885
190	0.95768
191	0.95438
192	0.93554
193	0.92615
194	0.94800
195	0.91219
196	0.91219
197	0.92338
198	0.91695
199	0.90947
