0	0	0	0	0	0	
1	195	0	0	0	0	
2	195	0	0	0	0	
3	194	0	0	0	0	
4	194	0	0	0	0	
5	115	79	0	0	0	
6	115	79	0	0	0	
7	115	79	0	0	0	
8	115	79	0	0	0	
9	115	79	0	0	0	
10	115	79	0	0	0	
11	115	79	0	0	0	
12	115	79	0	0	0	
13	115	79	0	0	0	
14	115	79	0	0	0	
15	115	79	0	0	0	
16	115	79	0	0	0	
17	115	79	0	0	0	
18	115	79	0	0	0	
19	114	79	0	0	0	
20	114	79	0	0	0	
21	90	103	0	0	0	
22	90	103	0	0	0	
23	90	103	0	0	0	
24	90	103	0	0	0	
25	90	103	0	0	0	
26	89	103	0	0	0	
27	88	102	0	0	0	
28	60	130	0	0	0	
29	26	163	0	0	0	
30	26	162	0	0	0	
31	25	163	0	0	0	
32	18	169	0	0	0	
33	18	169	0	0	0	
34	11	176	0	0	0	
35	11	176	0	0	0	
36	11	175	0	0	0	
37	11	174	0	0	0	
38	9	176	0	0	0	
39	8	177	0	0	0	
40	8	177	0	0	0	
41	8	177	0	0	0	
42	8	177	0	0	0	
43	8	177	0	0	0	
44	8	177	0	0	0	
45	8	176	0	0	0	
46	8	176	0	0	0	
47	8	175	0	0	0	
48	8	175	0	0	0	
49	4	179	0	0	0	
50	4	178	0	0	0	
51	4	177	0	0	0	
52	3	178	0	0	0	
53	2	176	0	0	0	
54	2	176	0	0	0	
55	1	177	0	0	0	
56	1	177	0	0	0	
57	1	177	0	0	0	
58	1	177	0	0	0	
59	1	177	0	0	0	
60	1	176	0	0	0	
61	1	174	0	0	0	
62	1	173	0	0	0	
63	1	172	0	0	0	
64	1	170	0	0	0	
65	1	170	0	0	0	
66	1	169	0	0	0	
67	1	169	0	0	0	
68	1	168	0	0	0	
69	1	166	0	0	0	
70	0	167	0	0	0	
71	0	166	0	0	0	
72	0	165	0	0	0	
73	0	164	0	0	0	
74	0	162	0	0	0	
75	0	161	0	0	0	
76	0	161	0	0	0	
77	0	161	0	0	0	
78	0	160	0	0	0	
79	0	159	0	0	0	
80	0	158	0	0	0	
81	0	156	0	0	0	
82	0	155	0	0	0	
83	0	155	0	0	0	
84	0	153	0	0	0	
85	0	151	0	0	0	
86	0	151	0	0	0	
87	0	149	0	0	0	
88	0	148	0	0	0	
89	0	147	0	0	0	
90	0	147	0	0	0	
91	0	147	0	0	0	
92	0	147	0	0	0	
93	0	147	0	0	0	
94	0	144	0	0	0	
95	0	142	0	0	0	
96	0	142	0	0	0	
97	0	140	0	0	0	
98	0	140	0	0	0	
99	0	138	0	0	0	
100	0	138	0	0	0	
101	0	137	0	0	0	
102	0	136	0	0	0	
103	0	135	0	0	0	
104	0	134	0	0	0	
105	0	134	0	0	0	
106	0	133	0	0	0	
107	0	131	0	0	0	
108	0	130	0	0	0	
109	0	130	0	0	0	
110	0	129	0	0	0	
111	0	129	0	0	0	
112	0	129	0	0	0	
113	0	129	0	0	0	
114	0	127	0	0	0	
115	0	126	0	0	0	
116	0	125	0	0	0	
117	0	123	0	0	0	
118	0	121	0	0	0	
119	0	120	0	0	0	
120	0	118	0	0	0	
121	0	118	0	0	0	
122	0	116	0	0	0	
123	0	115	0	0	0	
124	0	113	0	0	0	
125	0	112	0	0	0	
126	0	110	0	0	0	
127	0	108	0	0	0	
128	0	108	0	0	0	
129	0	108	0	0	0	
130	0	108	0	0	0	
131	0	107	0	0	0	
132	0	106	0	0	0	
133	0	106	0	0	0	
134	0	106	0	0	0	
135	0	103	0	0	0	
136	0	103	0	0	0	
137	0	102	0	0	0	
138	0	101	0	0	0	
139	0	101	0	0	0	
140	0	99	0	0	0	
141	0	97	0	0	0	
142	0	95	0	0	0	
143	0	94	0	0	0	
144	0	94	0	0	0	
145	0	94	0	0	0	
146	0	94	0	0	0	
147	0	92	0	0	0	
148	0	89	0	0	0	
149	0	89	0	0	0	
150	0	88	0	0	0	
151	0	88	0	0	0	
152	0	88	0	0	0	
153	0	88	0	0	0	
154	0	86	0	0	0	
155	0	85	0	0	0	
156	0	85	0	0	0	
157	0	85	0	0	0	
158	0	84	0	0	0	
159	0	83	0	0	0	
160	0	82	0	0	0	
161	0	82	0	0	0	
162	0	82	0	0	0	
163	0	81	0	0	0	
164	0	80	0	0	0	
165	0	80	0	0	0	
166	0	79	0	0	0	
167	0	77	0	0	0	
168	0	77	0	0	0	
169	0	77	0	0	0	
170	0	77	0	0	0	
171	0	77	0	0	0	
172	0	77	0	0	0	
173	0	76	0	0	0	
174	0	75	0	0	0	
175	0	75	0	0	0	
176	0	75	0	0	0	
177	0	75	0	0	0	
178	0	75	0	0	0	
179	0	75	0	0	0	
180	0	75	0	0	0	
181	0	75	0	0	0	
182	0	75	0	0	0	
183	0	74	0	0	0	
184	0	74	0	0	0	
185	0	74	0	0	0	
186	0	73	0	0	0	
187	0	73	0	0	0	
188	0	72	0	0	0	
189	0	72	0	0	0	
190	0	72	0	0	0	
191	0	72	0	0	0	
192	0	71	0	0	0	
193	0	71	0	0	0	
194	0	71	0	0	0	
195	0	70	0	0	0	
196	0	70	0	0	0	
197	0	70	0	0	0	
198	0	70	0	0	0	
199	0	69	0	0	0	
