0	0.02000
1	0.02000
2	0.02000
3	0.02000
4	0.02000
5	0.02000
6	0.02000
7	0.02000
8	0.02000
9	0.02000
10	0.02000
11	0.02000
12	0.02000
13	0.02000
14	0.02000
15	0.02000
16	0.02000
17	0.02000
18	0.02000
19	0.02000
20	0.02000
21	0.02000
22	0.02500
23	0.02500
24	0.02500
25	0.02500
26	0.03000
27	0.03000
28	0.03000
29	0.03000
30	0.03000
31	0.03000
32	0.03000
33	0.03000
34	0.03000
35	0.03000
36	0.03000
37	0.03000
38	0.03000
39	0.03000
40	0.03000
41	0.04000
42	0.04000
43	0.04000
44	0.04000
45	0.04000
46	0.04000
47	0.04000
48	0.04000
49	0.04000
50	0.04000
51	0.04000
52	0.04500
53	0.05000
54	0.05500
55	0.05500
56	0.05500
57	0.05500
58	0.05500
59	0.05500
60	0.05500
61	0.05500
62	0.05500
63	0.05500
64	0.06000
65	0.06000
66	0.06000
67	0.06000
68	0.07000
69	0.07000
70	0.07000
71	0.07000
72	0.07000
73	0.07500
74	0.07500
75	0.07500
76	0.07500
77	0.07500
78	0.07500
79	0.07500
80	0.07500
81	0.07500
82	0.07500
83	0.07500
84	0.07500
85	0.07500
86	0.07500
87	0.07500
88	0.07500
89	0.07500
90	0.07500
91	0.08000
92	0.08000
93	0.08500
94	0.08500
95	0.08500
96	0.09000
97	0.09000
98	0.10000
99	0.10000
100	0.10000
101	0.10500
102	0.10500
103	0.10500
104	0.10500
105	0.11000
106	0.11500
107	0.11500
108	0.11500
109	0.11500
110	0.11500
111	0.12000
112	0.12000
113	0.12500
114	0.12500
115	0.12500
116	0.12500
117	0.13000
118	0.13500
119	0.13500
120	0.14000
121	0.14000
122	0.14000
123	0.14500
124	0.15000
125	0.15500
126	0.16000
127	0.16500
128	0.17000
129	0.17500
130	0.18500
131	0.18500
132	0.19000
133	0.19500
134	0.19500
135	0.20500
136	0.20500
137	0.22000
138	0.22000
139	0.22000
140	0.22000
141	0.22000
142	0.23000
143	0.23000
144	0.23000
145	0.24000
146	0.24000
147	0.24000
148	0.24000
149	0.24000
