0	0.00000
1	0.00000
2	0.00000
3	0.00000
4	0.00000
5	0.00000
6	0.00000
7	0.00000
8	0.00000
9	0.00000
10	0.00000
11	0.00000
12	0.00000
13	0.00000
14	0.00000
15	0.00000
16	0.00000
17	0.00000
18	0.00000
19	0.00000
20	0.00000
21	0.00000
22	0.00000
23	0.00000
24	0.03846
25	0.03846
26	0.03866
27	0.03866
28	0.07990
29	0.07990
30	0.07990
31	0.04124
32	0.04124
33	0.04124
34	0.04124
35	0.00000
36	0.00000
37	0.00000
38	0.00000
39	0.00000
40	0.00000
41	0.00000
42	0.00000
43	0.03646
44	0.03646
45	0.03646
46	0.03646
47	0.03646
48	0.03646
49	0.03646
50	0.00000
51	0.00000
52	0.00000
53	0.00000
54	0.02381
55	0.06614
56	0.12169
57	0.11111
58	0.11111
59	0.11111
60	0.10758
61	0.08907
62	0.05203
63	0.00000
64	0.00000
65	0.00000
66	0.02305
67	0.02305
68	0.02330
69	0.02330
70	0.08961
71	0.08961
72	0.08961
73	0.06126
74	0.06126
75	0.11441
76	0.10631
77	0.05045
78	0.05045
79	0.05045
80	0.05045
81	0.05045
82	0.00000
83	0.00000
84	0.00000
85	0.00000
86	0.00000
87	0.00000
88	0.00000
89	0.00000
90	0.00000
91	0.00000
92	0.00000
93	0.02960
94	0.02960
95	0.06694
96	0.06181
97	0.06181
98	0.08796
99	0.08796
100	0.11250
101	0.09730
102	0.07588
103	0.11313
104	0.11080
105	0.07772
106	0.07815
107	0.05979
108	0.09699
109	0.09699
110	0.06827
111	0.06676
112	0.06676
113	0.09571
114	0.07571
115	0.06381
116	0.06381
117	0.06178
118	0.06214
119	0.09827
120	0.09060
121	0.08672
122	0.08963
123	0.09016
124	0.08716
125	0.10710
126	0.10794
127	0.11617
128	0.16245
129	0.18521
130	0.23697
131	0.26049
132	0.28401
133	0.21642
134	0.20058
135	0.17962
136	0.15824
137	0.14424
138	0.12554
139	0.19236
140	0.18420
141	0.15610
142	0.13107
143	0.13107
144	0.16163
145	0.13967
146	0.05667
147	0.13602
148	0.13602
149	0.11760
