0	0.00500
1	0.00750
2	0.00900
3	0.01450
4	0.02050
5	0.03850
6	0.07200
7	0.11400
8	0.17100
9	0.23200
10	0.29100
11	0.34350
12	0.39500
13	0.45200
14	0.49850
15	0.54050
16	0.57150
17	0.60500
18	0.62550
19	0.63850
20	0.64700
21	0.65800
22	0.66750
23	0.67550
24	0.68000
25	0.68350
26	0.68550
27	0.68700
28	0.69150
29	0.69200
30	0.69500
31	0.69650
32	0.69700
33	0.69900
34	0.69900
35	0.69900
36	0.69900
37	0.69900
38	0.69900
39	0.69900
40	0.69900
41	0.69900
42	0.69900
43	0.69900
44	0.69900
45	0.69900
46	0.69900
47	0.69900
48	0.69900
49	0.69900
50	0.69900
51	0.69900
52	0.69900
53	0.69900
54	0.69900
55	0.69900
56	0.69900
57	0.69900
58	0.69900
59	0.69900
60	0.69900
61	0.69900
62	0.69900
63	0.69900
64	0.69900
65	0.69900
66	0.69900
67	0.69900
68	0.69900
69	0.69900
70	0.69900
71	0.69900
72	0.69900
73	0.69900
74	0.69900
75	0.69900
76	0.69900
77	0.69900
78	0.69900
79	0.69900
80	0.69900
81	0.69900
82	0.69900
83	0.69900
84	0.69900
85	0.69900
86	0.69900
87	0.69900
88	0.69900
89	0.69900
90	0.69900
91	0.69900
92	0.69900
93	0.69900
94	0.69900
95	0.69900
96	0.69900
97	0.69900
98	0.69900
99	0.69900
