77	0.01050
78	0.00900
79	0.00900
80	0.01300
81	0.01200
82	0.01150
83	0.00600
84	0.00850
85	0.00600
86	0.00750
87	0.00700
88	0.00900
89	0.00550
90	0.00650
91	0.00700
92	0.00750
93	0.00800
94	0.00700
95	0.00550
96	0.00850
97	0.00700
98	0.00350
99	0.00600
100	0.00800
101	0.00600
102	0.00400
103	0.00600
104	0.00500
105	0.00450
106	0.00450
107	0.00350
108	0.00350
109	0.00100
110	0.00450
111	0.00300
112	0.00500
113	0.00200
114	0.00200
115	0.00050
116	0.00300
117	0.00250
118	0.00200
119	0.00550
120	0.00350
121	0.00250
122	0.00150
123	0.00350
124	0.00200
125	0.00100
126	0.00100
127	0.00100
128	0.00250
129	0.00150
130	0.00250
131	0.00150
132	0.00100
133	0.00000
134	0.00000
135	0.00150
136	0.00150
137	0.00050
138	0.00000
139	0.00150
140	0.00150
141	0.00050
142	0.00100
143	0.00100
144	0.00050
145	0.00050
146	0.00100
147	0.00150
148	0.00150
149	0.00000
