77	0.69400
78	0.70300
79	0.71200
80	0.72500
81	0.73700
82	0.74850
83	0.75450
84	0.76300
85	0.76900
86	0.77650
87	0.78350
88	0.79250
89	0.79800
90	0.80450
91	0.81150
92	0.81900
93	0.82700
94	0.83400
95	0.83950
96	0.84800
97	0.85500
98	0.85850
99	0.86450
100	0.87250
101	0.87850
102	0.88250
103	0.88850
104	0.89350
105	0.89800
106	0.90250
107	0.90600
108	0.90950
109	0.91050
110	0.91500
111	0.91800
112	0.92300
113	0.92500
114	0.92700
115	0.92750
116	0.93050
117	0.93300
118	0.93500
119	0.94050
120	0.94400
121	0.94650
122	0.94800
123	0.95150
124	0.95350
125	0.95450
126	0.95550
127	0.95650
128	0.95900
129	0.96050
130	0.96300
131	0.96450
132	0.96550
133	0.96550
134	0.96550
135	0.96700
136	0.96850
137	0.96900
138	0.96900
139	0.97050
140	0.97200
141	0.97250
142	0.97350
143	0.97450
144	0.97500
145	0.97550
146	0.97650
147	0.97800
148	0.97950
149	0.97950
