77	0.06233
78	0.05947
79	0.05869
80	0.05551
81	0.05160
82	0.05586
83	0.05681
84	0.05655
85	0.05043
86	0.04821
87	0.04468
88	0.04193
89	0.03811
90	0.03785
91	0.03469
92	0.03417
93	0.03312
94	0.03121
95	0.03427
96	0.03374
97	0.03232
98	0.03410
99	0.03383
100	0.03011
101	0.02891
102	0.03209
103	0.02958
104	0.02977
105	0.02800
106	0.02796
107	0.02763
108	0.02245
109	0.02044
110	0.01931
111	0.01611
112	0.01616
113	0.01382
114	0.01520
115	0.01501
116	0.01466
117	0.01157
118	0.01287
119	0.01130
120	0.01053
121	0.01131
122	0.01285
123	0.01362
124	0.01276
125	0.00976
126	0.01013
127	0.00919
128	0.00761
129	0.00539
130	0.00753
131	0.00716
132	0.00801
133	0.00667
134	0.00663
135	0.00606
136	0.00571
137	0.00375
138	0.00433
139	0.00351
140	0.00242
141	0.00339
142	0.00341
143	0.00273
144	0.00221
145	0.00332
146	0.00304
147	0.00254
148	0.00072
149	0.00236
