77	58	0	0	0	11	
78	57	0	0	0	11	
79	55	0	0	0	11	
80	52	0	0	0	11	
81	49	0	0	0	11	
82	47	0	0	0	11	
83	46	0	0	0	11	
84	43	0	0	0	11	
85	42	0	0	0	11	
86	40	0	0	0	11	
87	40	0	0	0	11	
88	38	0	0	0	11	
89	38	0	0	0	11	
90	37	0	0	0	11	
91	36	0	0	0	11	
92	33	0	0	0	11	
93	32	0	0	0	11	
94	31	0	0	0	11	
95	30	0	0	0	11	
96	27	0	0	0	11	
97	26	0	0	0	11	
98	26	0	0	0	11	
99	24	0	0	0	11	
100	23	0	0	0	11	
101	22	0	0	0	11	
102	20	0	0	0	11	
103	20	0	0	0	11	
104	16	0	0	0	11	
105	15	0	0	0	11	
106	15	0	0	0	11	
107	15	0	0	0	11	
108	14	0	0	0	11	
109	14	0	0	0	11	
110	14	0	0	0	11	
111	14	0	0	0	11	
112	13	0	0	0	11	
113	12	0	0	0	11	
114	12	0	0	0	11	
115	12	0	0	0	11	
116	12	0	0	0	11	
117	12	0	0	0	11	
118	12	0	0	0	11	
119	11	0	0	0	11	
120	11	0	0	0	11	
121	10	0	0	0	11	
122	10	0	0	0	11	
123	10	0	0	0	11	
124	8	0	0	0	11	
125	8	0	0	0	11	
126	8	0	0	0	11	
127	8	0	0	0	11	
128	8	0	0	0	11	
129	7	0	0	0	11	
130	7	0	0	0	11	
131	7	0	0	0	11	
132	7	0	0	0	11	
133	7	0	0	0	11	
134	7	0	0	0	11	
135	6	0	0	0	11	
136	6	0	0	0	11	
137	6	0	0	0	11	
138	6	0	0	0	11	
139	6	0	0	0	11	
140	6	0	0	0	11	
141	6	0	0	0	11	
142	6	0	0	0	11	
143	6	0	0	0	11	
144	6	0	0	0	11	
145	6	0	0	0	11	
146	6	0	0	0	11	
147	6	0	0	0	11	
148	6	0	0	0	11	
149	6	0	0	0	11	
