0	0.00000
1	0.00000
2	0.00000
3	0.00000
4	0.00000
5	0.00000
6	0.00000
7	0.00000
8	0.00000
9	0.00000
10	0.00000
11	0.00000
12	0.00000
13	0.02051
14	0.02062
15	0.02073
16	0.03646
17	0.06283
18	0.06316
19	0.10526
20	0.17105
21	0.17105
22	0.16402
23	0.16402
24	0.21164
25	0.20370
26	0.19947
27	0.20053
28	0.23387
29	0.27688
30	0.31989
31	0.29369
32	0.29144
33	0.31330
34	0.40185
35	0.39074
36	0.55744
37	0.54520
38	0.70810
39	0.69962
40	0.66951
41	0.66098
42	0.69048
43	0.66667
44	0.71484
45	0.73796
46	0.80347
47	0.77519
48	0.72353
49	0.78578
50	0.83777
51	0.78571
52	0.79464
53	0.84639
54	0.84343
55	0.94444
56	0.98817
57	1.13095
58	1.06573
59	1.04917
60	1.01501
61	0.99319
62	0.97851
63	1.06698
64	1.02795
65	1.04512
66	0.99735
67	0.98355
68	0.95108
69	0.95669
70	1.00603
71	1.12667
72	1.09396
73	1.18046
74	1.21839
75	1.41019
76	1.32071
77	1.33285
78	1.38297
79	1.34380
80	1.36185
81	1.33246
82	1.38947
83	1.39148
84	1.35795
85	1.41525
86	1.44344
87	1.47520
88	1.50440
89	1.53889
90	1.49270
91	1.46736
92	1.41181
93	1.36931
94	1.36359
95	1.35413
96	1.36391
97	1.42412
98	1.49524
99	1.50673
100	1.52368
101	1.58698
102	1.62270
103	1.65302
104	1.57196
105	1.53367
106	1.58833
107	1.66769
108	1.56823
109	1.51823
110	1.54789
111	1.47895
112	1.44561
113	1.40476
114	1.36664
115	1.37596
116	1.32471
117	1.34514
118	1.33111
119	1.29794
120	1.33358
121	1.31738
122	1.29267
123	1.26875
124	1.27115
125	1.30414
126	1.32279
127	1.33210
128	1.29815
129	1.25750
130	1.21792
131	1.23284
132	1.18519
133	1.20924
134	1.21616
135	1.16050
136	1.14597
137	1.12157
138	1.11631
139	1.12764
140	1.10418
141	1.09039
142	1.07723
143	1.07329
144	1.03338
145	1.02160
146	1.01658
147	1.01433
148	1.01122
149	1.00232
150	1.02299
151	1.02555
152	1.01231
153	1.04431
154	1.04092
155	1.05169
156	1.03792
157	1.01111
158	0.99605
159	0.98399
160	0.97371
161	0.96743
162	0.95004
163	0.93486
164	0.93474
165	0.91599
166	0.90500
167	0.92024
168	0.92082
169	0.90550
170	0.90550
171	0.89143
172	0.87335
173	0.87335
174	0.85408
175	0.84636
176	0.83465
177	0.82981
178	0.83419
179	0.83419
180	0.84372
181	0.84372
182	0.84372
183	0.82877
184	0.82424
185	0.81601
186	0.80733
187	0.83479
188	0.82588
189	0.80479
190	0.82912
191	0.82912
192	0.81606
193	0.79991
194	0.78364
195	0.78364
196	0.78364
197	0.77918
198	0.77918
199	0.77085
