0	0.00000
1	0.00100
2	0.00000
3	0.00100
4	0.00050
5	0.00050
6	0.00100
7	0.00150
8	0.00000
9	0.00150
10	0.00250
11	0.00150
12	0.00100
13	0.00000
14	0.00200
15	0.00100
16	0.00100
17	0.00100
18	0.00250
19	0.00300
20	0.00100
21	0.00100
22	0.00250
23	0.00350
24	0.00150
25	0.00200
26	0.00500
27	0.00500
28	0.00150
29	0.00400
30	0.00400
31	0.00500
32	0.00400
33	0.00650
34	0.00450
35	0.00550
36	0.00400
37	0.00550
38	0.00400
39	0.00900
40	0.00800
41	0.00750
42	0.00550
43	0.00850
44	0.00950
45	0.00950
46	0.01050
47	0.00950
48	0.00550
49	0.01050
50	0.01200
51	0.01000
52	0.00950
53	0.01100
54	0.00900
55	0.01300
56	0.01050
57	0.00700
58	0.01150
59	0.01700
60	0.01450
61	0.01150
62	0.01200
63	0.01050
64	0.01300
65	0.01050
66	0.01250
67	0.01200
68	0.01400
69	0.01450
70	0.01150
71	0.01250
72	0.01100
73	0.01050
74	0.00900
75	0.00700
76	0.00750
77	0.00750
78	0.00600
79	0.00950
80	0.00650
81	0.00600
82	0.00500
83	0.00950
84	0.00750
85	0.00850
86	0.00800
87	0.00750
88	0.00350
89	0.00600
90	0.00400
91	0.00350
92	0.00450
93	0.00400
94	0.00400
95	0.00350
96	0.00200
97	0.00100
98	0.00150
99	0.00200
100	0.00200
101	0.00100
102	0.00200
103	0.00100
104	0.00150
105	0.00200
106	0.00050
107	0.00150
108	0.00200
109	0.00000
110	0.00100
111	0.00050
112	0.00000
113	0.00100
114	0.00100
115	0.00000
116	0.00050
117	0.00000
118	0.00150
119	0.00100
120	0.00050
121	0.00050
122	0.00050
123	0.00000
124	0.00050
125	0.00000
126	0.00000
127	0.00000
128	0.00000
129	0.00000
130	0.00000
131	0.00000
132	0.00000
133	0.00000
134	0.00100
135	0.00000
136	0.00000
137	0.00000
138	0.00000
139	0.00000
140	0.00000
141	0.00000
142	0.00000
143	0.00000
144	0.00000
145	0.00000
146	0.00000
147	0.00000
148	0.00000
149	0.00000
