0	0.00000
1	0.00000
2	0.00000
3	0.20739
4	0.20766
5	0.62829
6	0.76074
7	0.81930
8	0.88411
9	0.98054
10	0.91025
11	0.96839
12	1.07012
13	1.02407
14	0.96417
15	0.83199
16	0.87384
17	0.82533
18	0.77433
19	0.69873
20	0.73208
21	0.77251
22	0.71203
23	0.66129
24	0.68156
25	0.71070
26	0.62365
27	0.57316
28	0.63679
29	0.65370
30	0.56986
31	0.56249
32	0.53398
33	0.53669
34	0.49208
35	0.50371
36	0.46462
37	0.44489
38	0.40546
39	0.39167
40	0.35517
41	0.38778
42	0.38651
43	0.38331
44	0.35105
45	0.35231
46	0.35424
47	0.35560
48	0.36098
49	0.35112
50	0.30537
51	0.30226
52	0.30365
53	0.29457
54	0.27631
55	0.26796
56	0.24893
57	0.25258
58	0.24299
59	0.21980
60	0.21643
61	0.23105
62	0.23315
63	0.22321
64	0.21514
65	0.20291
66	0.19688
67	0.18602
68	0.17936
69	0.17032
70	0.16788
71	0.16728
72	0.15987
73	0.15732
74	0.14764
75	0.13930
76	0.12929
77	0.11544
78	0.10552
79	0.09612
80	0.08671
81	0.08599
82	0.08004
83	0.07365
84	0.06769
85	0.07119
86	0.07034
87	0.07074
88	0.07030
89	0.06951
90	0.06208
91	0.05951
92	0.05455
93	0.04917
94	0.04554
95	0.04223
96	0.03986
97	0.03771
98	0.03369
99	0.02911
100	0.02563
101	0.02376
102	0.02244
103	0.01988
104	0.01959
105	0.01827
106	0.01815
107	0.01847
108	0.01694
109	0.01720
110	0.01733
111	0.01541
112	0.01500
113	0.01431
114	0.01298
115	0.01341
116	0.01392
117	0.01240
118	0.01235
119	0.01203
120	0.01308
121	0.01371
122	0.01369
123	0.01329
124	0.01307
125	0.01240
126	0.01238
127	0.01170
128	0.01128
129	0.01083
130	0.01075
131	0.01038
132	0.00858
133	0.00273
134	0.00268
135	0.00000
136	0.00883
137	0.00883
138	0.00883
139	0.00883
140	0.00856
141	0.00856
142	0.00856
143	0.00856
144	0.00856
145	0.00000
146	0.00000
147	0.00000
148	0.00000
149	0.00000
