0	0.00500
1	0.00600
2	0.00600
3	0.00700
4	0.00750
5	0.00800
6	0.00900
7	0.01050
8	0.01050
9	0.01200
10	0.01450
11	0.01600
12	0.01700
13	0.01700
14	0.01900
15	0.02000
16	0.02100
17	0.02200
18	0.02450
19	0.02750
20	0.02850
21	0.02950
22	0.03200
23	0.03550
24	0.03700
25	0.03900
26	0.04400
27	0.04900
28	0.05050
29	0.05450
30	0.05850
31	0.06350
32	0.06750
33	0.07400
34	0.07850
35	0.08400
36	0.08800
37	0.09350
38	0.09750
39	0.10650
40	0.11450
41	0.12200
42	0.12750
43	0.13600
44	0.14550
45	0.15500
46	0.16550
47	0.17500
48	0.18050
49	0.19100
50	0.20300
51	0.21300
52	0.22250
53	0.23350
54	0.24250
55	0.25550
56	0.26600
57	0.27300
58	0.28450
59	0.30150
60	0.31600
61	0.32750
62	0.33950
63	0.35000
64	0.36300
65	0.37350
66	0.38600
67	0.39800
68	0.41200
69	0.42650
70	0.43800
71	0.45050
72	0.46150
73	0.47200
74	0.48100
75	0.48800
76	0.49550
77	0.50300
78	0.50900
79	0.51850
80	0.52500
81	0.53100
82	0.53600
83	0.54550
84	0.55300
85	0.56150
86	0.56950
87	0.57700
88	0.58050
89	0.58650
90	0.59050
91	0.59400
92	0.59850
93	0.60250
94	0.60650
95	0.61000
96	0.61200
97	0.61300
98	0.61450
99	0.61650
100	0.61850
101	0.61950
102	0.62150
103	0.62250
104	0.62400
105	0.62600
106	0.62650
107	0.62800
108	0.63000
109	0.63000
110	0.63100
111	0.63150
112	0.63150
113	0.63250
114	0.63350
115	0.63350
116	0.63400
117	0.63400
118	0.63550
119	0.63650
120	0.63700
121	0.63750
122	0.63800
123	0.63800
124	0.63850
125	0.63850
126	0.63850
127	0.63850
128	0.63850
129	0.63850
130	0.63850
131	0.63850
132	0.63850
133	0.63850
134	0.63950
135	0.63950
136	0.63950
137	0.63950
138	0.63950
139	0.63950
140	0.63950
141	0.63950
142	0.63950
143	0.63950
144	0.63950
145	0.63950
146	0.63950
147	0.63950
148	0.63950
149	0.63950
