0	0.00000
1	0.00000
2	0.00000
3	0.06265
4	0.06268
5	0.11765
6	0.15317
7	0.19168
8	0.25905
9	0.35671
10	0.33538
11	0.43894
12	0.59626
13	0.64200
14	0.62319
15	0.53824
16	0.61772
17	0.58194
18	0.54818
19	0.54377
20	0.60031
21	0.66932
22	0.61316
23	0.56559
24	0.60588
25	0.65443
26	0.59034
27	0.55214
28	0.62716
29	0.65421
30	0.55794
31	0.55591
32	0.53738
33	0.53015
34	0.49514
35	0.51222
36	0.47166
37	0.45099
38	0.40837
39	0.39717
40	0.36166
41	0.39658
42	0.39714
43	0.39206
44	0.35926
45	0.35835
46	0.36249
47	0.36246
48	0.36467
49	0.35114
50	0.30469
51	0.30130
52	0.30310
53	0.29259
54	0.27512
55	0.26658
56	0.24788
57	0.25160
58	0.24324
59	0.21876
60	0.21474
61	0.23122
62	0.23259
63	0.22365
64	0.21585
65	0.20320
66	0.19814
67	0.18584
68	0.18011
69	0.17217
70	0.16925
71	0.16841
72	0.16039
73	0.15679
74	0.14784
75	0.13974
76	0.12979
77	0.11619
78	0.10614
79	0.09707
80	0.08714
81	0.08625
82	0.08035
83	0.07409
84	0.06764
85	0.07106
86	0.07068
87	0.07096
88	0.07048
89	0.06962
90	0.06219
91	0.05975
92	0.05470
93	0.04950
94	0.04577
95	0.04224
96	0.03994
97	0.03758
98	0.03342
99	0.02898
100	0.02546
101	0.02343
102	0.02219
103	0.01917
104	0.01868
105	0.01672
106	0.01610
107	0.01660
108	0.01512
109	0.01520
110	0.01516
111	0.01263
112	0.01228
113	0.01113
114	0.00948
115	0.00949
116	0.00928
117	0.00807
118	0.00737
119	0.00576
120	0.00780
121	0.00837
122	0.00829
123	0.00837
124	0.00781
125	0.00651
126	0.00712
127	0.00628
128	0.00603
129	0.00437
130	0.00316
131	0.00238
132	0.00177
133	0.00102
134	0.00100
135	0.00000
136	0.00175
137	0.00175
138	0.00175
139	0.00175
140	0.00171
141	0.00171
142	0.00171
143	0.00171
144	0.00171
145	0.00000
146	0.00000
147	0.00000
148	0.00000
149	0.00000
