0	0	0	0	0	0	
1	751	0	0	0	0	
2	751	0	0	0	0	
3	541	210	0	0	0	
4	540	0	210	0	0	
5	126	414	0	210	0	
6	37	89	413	0	210	
7	8	29	89	412	210	
8	2	6	29	89	622	
9	0	2	6	29	711	
10	0	0	2	6	740	
11	0	0	0	2	746	
12	0	0	0	0	748	
13	0	0	0	0	748	
14	0	0	0	0	748	
15	0	0	0	0	748	
16	0	0	0	0	748	
17	0	0	0	0	748	
18	0	0	0	0	748	
19	0	0	0	0	748	
20	0	0	0	0	748	
21	0	0	0	0	748	
22	0	0	0	0	747	
23	0	0	0	0	747	
24	0	0	0	0	747	
25	0	0	0	0	747	
26	0	0	0	0	747	
27	0	0	0	0	746	
28	0	0	0	0	746	
29	0	0	0	0	746	
30	0	0	0	0	746	
31	0	0	0	0	746	
32	0	0	0	0	746	
33	0	0	0	0	746	
34	0	0	0	0	746	
35	0	0	0	0	746	
36	0	0	0	0	746	
37	0	0	0	0	745	
38	0	0	0	0	745	
39	0	0	0	0	745	
40	0	0	0	0	744	
41	0	0	0	0	743	
42	0	0	0	0	742	
43	0	0	0	0	741	
44	0	0	0	0	741	
45	0	0	0	0	741	
46	0	0	0	0	739	
47	0	0	0	0	738	
48	0	0	0	0	737	
49	0	0	0	0	737	
50	0	0	0	0	735	
51	0	0	0	0	734	
52	0	0	0	0	732	
53	0	0	0	0	732	
54	0	0	0	0	732	
55	0	0	0	0	731	
56	0	0	0	0	731	
57	0	0	0	0	731	
58	0	0	0	0	730	
59	0	0	0	0	729	
60	0	0	0	0	729	
61	0	0	0	0	729	
62	0	0	0	0	727	
63	0	0	0	0	727	
64	0	0	0	0	726	
65	0	0	0	0	726	
66	0	0	0	0	726	
67	0	0	0	0	725	
68	0	0	0	0	724	
69	0	0	0	0	724	
70	0	0	0	0	723	
71	0	0	0	0	723	
72	0	0	0	0	723	
73	0	0	0	0	723	
74	0	0	0	0	723	
75	0	0	0	0	723	
76	0	0	0	0	723	
77	0	0	0	0	723	
78	0	0	0	0	722	
79	0	0	0	0	721	
80	0	0	0	0	721	
81	0	0	0	0	721	
82	0	0	0	0	721	
83	0	0	0	0	721	
84	0	0	0	0	720	
85	0	0	0	0	720	
86	0	0	0	0	720	
87	0	0	0	0	720	
88	0	0	0	0	720	
89	0	0	0	0	720	
90	0	0	0	0	719	
91	0	0	0	0	719	
92	0	0	0	0	719	
93	0	0	0	0	719	
94	0	0	0	0	719	
95	0	0	0	0	719	
96	0	0	0	0	719	
97	0	0	0	0	719	
98	0	0	0	0	718	
99	0	0	0	0	718	
100	0	0	0	0	718	
101	0	0	0	0	718	
102	0	0	0	0	718	
103	0	0	0	0	718	
104	0	0	0	0	718	
105	0	0	0	0	718	
106	0	0	0	0	718	
107	0	0	0	0	718	
108	0	0	0	0	718	
109	0	0	0	0	718	
110	0	0	0	0	718	
111	0	0	0	0	718	
112	0	0	0	0	718	
113	0	0	0	0	718	
114	0	0	0	0	718	
115	0	0	0	0	718	
116	0	0	0	0	718	
117	0	0	0	0	718	
118	0	0	0	0	718	
119	0	0	0	0	718	
120	0	0	0	0	718	
121	0	0	0	0	718	
122	0	0	0	0	718	
123	0	0	0	0	718	
124	0	0	0	0	718	
125	0	0	0	0	718	
126	0	0	0	0	718	
127	0	0	0	0	718	
128	0	0	0	0	718	
129	0	0	0	0	718	
130	0	0	0	0	718	
131	0	0	0	0	718	
132	0	0	0	0	718	
133	0	0	0	0	718	
134	0	0	0	0	718	
135	0	0	0	0	718	
136	0	0	0	0	718	
137	0	0	0	0	718	
138	0	0	0	0	718	
139	0	0	0	0	718	
140	0	0	0	0	718	
141	0	0	0	0	718	
142	0	0	0	0	718	
143	0	0	0	0	718	
144	0	0	0	0	718	
145	0	0	0	0	718	
146	0	0	0	0	718	
147	0	0	0	0	718	
148	0	0	0	0	718	
149	0	0	0	0	718	
