0	0.00000
1	0.00000
2	0.00000
3	0.09091
4	0.18182
5	0.08333
6	0.30769
7	0.38462
8	0.50000
9	0.56250
10	0.66667
11	0.90909
12	0.88462
13	0.78125
14	0.73684
15	0.56818
16	0.53846
17	0.48333
18	0.44928
19	0.46154
20	0.42529
21	0.39175
22	0.40187
23	0.42500
24	0.39850
25	0.42953
26	0.41212
27	0.39891
28	0.46341
29	0.46522
30	0.47490
31	0.46048
32	0.43731
33	0.41758
34	0.37531
35	0.36222
36	0.34879
37	0.33272
38	0.30354
39	0.30388
40	0.28080
41	0.26826
42	0.25062
43	0.23068
44	0.19761
45	0.17762
46	0.17121
47	0.14498
48	0.12478
49	0.10825
50	0.10058
51	0.08805
52	0.07317
53	0.06918
54	0.06481
55	0.05473
56	0.04585
57	0.03877
58	0.03617
59	0.03018
60	0.02569
61	0.02410
62	0.01985
63	0.01633
64	0.01490
65	0.01481
66	0.01341
67	0.01069
68	0.00866
69	0.00731
70	0.00530
71	0.00397
72	0.00264
73	0.00330
74	0.00198
75	0.00198
76	0.00198
77	0.00197
78	0.00329
79	0.00263
80	0.00197
81	0.00131
82	0.00197
83	0.00131
84	0.00066
85	0.00066
86	0.00131
87	0.00066
88	0.00066
89	0.00131
90	0.00131
91	0.00065
92	0.00065
93	0.00065
94	0.00065
95	0.00065
96	0.00000
97	0.00000
98	0.00000
99	0.00000
