0	0	0	0	0	0	
1	500	0	0	0	0	
2	500	0	0	0	0	
3	500	0	0	0	0	
4	497	0	0	0	0	
5	497	0	0	0	0	
6	496	0	0	0	0	
7	494	0	0	0	0	
8	0	493	0	0	0	
9	0	0	489	0	0	
10	0	0	0	489	0	
11	0	0	0	0	488	
12	0	0	0	0	487	
13	0	0	0	0	487	
14	0	0	0	0	487	
15	0	0	0	0	487	
16	0	0	0	0	487	
17	0	0	0	0	487	
18	0	0	0	0	487	
19	0	0	0	0	487	
20	0	0	0	0	487	
21	0	0	0	0	486	
22	0	0	0	0	486	
23	0	0	0	0	486	
24	0	0	0	0	486	
25	0	0	0	0	486	
26	0	0	0	0	485	
27	0	0	0	0	484	
28	0	0	0	0	484	
29	0	0	0	0	483	
30	0	0	0	0	482	
31	0	0	0	0	481	
32	0	0	0	0	481	
33	0	0	0	0	479	
34	0	0	0	0	477	
35	0	0	0	0	477	
36	0	0	0	0	476	
37	0	0	0	0	476	
38	0	0	0	0	475	
39	0	0	0	0	475	
40	0	0	0	0	475	
41	0	0	0	0	475	
42	0	0	0	0	475	
43	0	0	0	0	475	
44	0	0	0	0	474	
45	0	0	0	0	473	
46	0	0	0	0	473	
47	0	0	0	0	473	
48	0	0	0	0	473	
49	0	0	0	0	473	
50	0	0	0	0	473	
51	0	0	0	0	473	
52	0	0	0	0	473	
53	0	0	0	0	473	
54	0	0	0	0	473	
55	0	0	0	0	473	
56	0	0	0	0	473	
57	0	0	0	0	473	
58	0	0	0	0	473	
59	0	0	0	0	473	
60	0	0	0	0	473	
61	0	0	0	0	473	
62	0	0	0	0	473	
63	0	0	0	0	471	
64	0	0	0	0	471	
65	0	0	0	0	471	
66	0	0	0	0	471	
67	0	0	0	0	471	
68	0	0	0	0	471	
69	0	0	0	0	471	
70	0	0	0	0	471	
71	0	0	0	0	471	
72	0	0	0	0	471	
73	0	0	0	0	471	
74	0	0	0	0	471	
75	0	0	0	0	471	
76	0	0	0	0	471	
77	0	0	0	0	471	
78	0	0	0	0	471	
79	0	0	0	0	471	
80	0	0	0	0	471	
81	0	0	0	0	471	
82	0	0	0	0	471	
83	0	0	0	0	471	
84	0	0	0	0	471	
85	0	0	0	0	471	
86	0	0	0	0	471	
87	0	0	0	0	471	
88	0	0	0	0	471	
89	0	0	0	0	471	
90	0	0	0	0	471	
91	0	0	0	0	471	
92	0	0	0	0	471	
93	0	0	0	0	471	
94	0	0	0	0	471	
95	0	0	0	0	471	
96	0	0	0	0	471	
97	0	0	0	0	471	
98	0	0	0	0	471	
99	0	0	0	0	471	
