0	0.00500
1	0.00650
2	0.00750
3	0.00850
4	0.00900
5	0.01150
6	0.01350
7	0.01500
8	0.01900
9	0.02100
10	0.02450
11	0.02550
12	0.02650
13	0.02800
14	0.02950
15	0.03250
16	0.03700
17	0.03900
18	0.04200
19	0.04450
20	0.04750
21	0.05250
22	0.05900
23	0.06700
24	0.07350
25	0.07900
26	0.08500
27	0.09450
28	0.10800
29	0.11850
30	0.12950
31	0.14150
32	0.15350
33	0.16600
34	0.18050
35	0.19200
36	0.21050
37	0.22900
38	0.23900
39	0.25450
40	0.26750
41	0.28400
42	0.29900
43	0.30800
44	0.32150
45	0.33600
46	0.34700
47	0.35700
48	0.36700
49	0.38100
50	0.39450
51	0.40050
52	0.40850
53	0.41600
54	0.42750
55	0.43500
56	0.44450
57	0.44900
58	0.45350
59	0.45950
60	0.46850
61	0.47600
62	0.47900
63	0.48500
64	0.48950
65	0.49200
66	0.49600
67	0.49900
68	0.50100
69	0.50350
70	0.50500
71	0.50750
72	0.50850
73	0.51250
74	0.51400
75	0.51450
76	0.51600
77	0.51750
78	0.51900
79	0.52150
80	0.52350
81	0.52350
82	0.52450
83	0.52500
84	0.52500
85	0.52700
86	0.52700
87	0.52750
88	0.52750
89	0.52750
90	0.52800
91	0.52800
92	0.52850
93	0.52850
94	0.52850
95	0.52850
96	0.52850
97	0.52850
98	0.52850
99	0.52900
