0	0.00000
1	0.00200
2	0.00150
3	0.00100
4	0.00050
5	0.00300
6	0.00050
7	0.00150
8	0.00250
9	0.00350
10	0.00450
11	0.00450
12	0.00600
13	0.01000
14	0.00850
15	0.00750
16	0.00750
17	0.01550
18	0.01700
19	0.01900
20	0.02650
21	0.02350
22	0.02400
23	0.03600
24	0.03400
25	0.03750
26	0.03400
27	0.04400
28	0.04350
29	0.04650
30	0.05400
31	0.04250
32	0.04100
33	0.03700
34	0.04150
35	0.04200
36	0.04050
37	0.03400
38	0.02500
39	0.03200
40	0.02300
41	0.01850
42	0.01750
43	0.01750
44	0.00850
45	0.00950
46	0.00800
47	0.00550
48	0.00550
49	0.00350
50	0.00350
51	0.00450
52	0.00450
53	0.00200
54	0.00200
55	0.00150
56	0.00050
57	0.00100
58	0.00000
59	0.00000
60	0.00050
61	0.00000
62	0.00050
63	0.00050
64	0.00050
65	0.00050
66	0.00000
67	0.00000
68	0.00000
69	0.00000
70	0.00000
71	0.00000
72	0.00000
73	0.00000
74	0.00000
75	0.00000
76	0.00000
77	0.00000
78	0.00000
79	0.00000
80	0.00000
81	0.00000
82	0.00000
83	0.00000
84	0.00000
85	0.00000
86	0.00000
87	0.00000
88	0.00000
89	0.00000
90	0.00000
91	0.00000
92	0.00000
93	0.00000
94	0.00000
95	0.00000
96	0.00000
97	0.00000
98	0.00000
99	0.00000
