0	0.00000
1	0.00000
2	0.00000
3	0.16667
4	0.30769
5	0.18750
6	0.11111
7	0.23810
8	0.12500
9	0.11111
10	0.16667
11	0.20000
12	0.21429
13	0.17647
14	0.18033
15	0.24324
16	0.19780
17	0.14815
18	0.12097
19	0.18056
20	0.19298
21	0.18049
22	0.19433
23	0.16724
24	0.14035
25	0.16080
26	0.15217
27	0.13722
28	0.11794
29	0.12077
30	0.11579
31	0.10706
32	0.10888
33	0.08934
34	0.07326
35	0.06348
36	0.06187
37	0.06118
38	0.05632
39	0.04762
40	0.03500
41	0.03614
42	0.03034
43	0.02269
44	0.01998
45	0.01904
46	0.01232
47	0.01005
48	0.00891
49	0.00676
50	0.00568
51	0.00463
52	0.00358
53	0.00000
54	0.00000
55	0.00000
56	0.00000
57	0.00000
58	0.00000
59	0.00000
60	0.00000
61	0.00000
62	0.00000
63	0.00000
64	0.00000
65	0.00000
66	0.00000
67	0.00000
68	0.00000
69	0.00000
70	0.00000
71	0.00000
72	0.00000
73	0.00000
74	0.00000
75	0.00000
76	0.00000
77	0.00000
78	0.00000
79	0.00000
80	0.00000
81	0.00000
82	0.00000
83	0.00000
84	0.00000
85	0.00000
86	0.00000
87	0.00000
88	0.00000
89	0.00000
90	0.00000
91	0.00000
92	0.00000
93	0.00000
94	0.00000
95	0.00000
96	0.00000
97	0.00000
98	0.00000
99	0.00000
