0	0.00500
1	0.00700
2	0.00850
3	0.00950
4	0.01000
5	0.01300
6	0.01350
7	0.01500
8	0.01750
9	0.02100
10	0.02550
11	0.03000
12	0.03600
13	0.04600
14	0.05450
15	0.06200
16	0.06950
17	0.08500
18	0.10200
19	0.12100
20	0.14750
21	0.17100
22	0.19500
23	0.23100
24	0.26500
25	0.30250
26	0.33650
27	0.38050
28	0.42400
29	0.47050
30	0.52450
31	0.56700
32	0.60800
33	0.64500
34	0.68650
35	0.72850
36	0.76900
37	0.80300
38	0.82800
39	0.86000
40	0.88300
41	0.90150
42	0.91900
43	0.93650
44	0.94500
45	0.95450
46	0.96250
47	0.96800
48	0.97350
49	0.97700
50	0.98050
51	0.98500
52	0.98950
53	0.99150
54	0.99350
55	0.99500
56	0.99550
57	0.99650
58	0.99650
59	0.99650
60	0.99700
61	0.99700
62	0.99750
63	0.99800
64	0.99850
65	0.99900
66	0.99900
67	0.99900
68	0.99900
69	0.99900
70	0.99900
71	0.99900
72	0.99900
73	0.99900
74	0.99900
75	0.99900
76	0.99900
77	0.99900
78	0.99900
79	0.99900
80	0.99900
81	0.99900
82	0.99900
83	0.99900
84	0.99900
85	0.99900
86	0.99900
87	0.99900
88	0.99900
89	0.99900
90	0.99900
91	0.99900
92	0.99900
93	0.99900
94	0.99900
95	0.99900
96	0.99900
97	0.99900
98	0.99900
99	0.99900
