0	0	0	0	0	0	
1	999	0	0	0	0	
2	997	0	0	0	0	
3	996	0	0	0	0	
4	995	0	0	0	0	
5	992	0	0	0	0	
6	992	0	0	0	0	
7	991	0	0	0	0	
8	986	0	0	0	0	
9	983	0	0	0	0	
10	979	0	0	0	0	
11	971	0	0	0	0	
12	962	0	0	0	0	
13	949	0	0	0	0	
14	936	0	0	0	0	
15	928	0	0	0	0	
16	921	0	0	0	0	
17	905	0	0	0	0	
18	887	0	0	0	0	
19	872	0	0	0	0	
20	841	0	0	0	0	
21	818	0	0	0	0	
22	798	0	0	0	0	
23	762	0	0	0	0	
24	726	0	0	0	0	
25	686	0	0	0	0	
26	650	0	0	0	0	
27	609	0	0	0	0	
28	569	0	0	0	0	
29	529	0	0	0	0	
30	486	0	0	0	0	
31	436	0	0	0	0	
32	385	0	0	0	0	
33	352	0	0	0	0	
34	309	0	0	0	0	
35	275	0	0	0	0	
36	236	0	0	0	0	
37	204	0	0	0	0	
38	184	0	0	0	0	
39	147	0	0	0	0	
40	125	0	0	0	0	
41	104	0	0	0	0	
42	87	0	0	0	0	
43	67	0	0	0	0	
44	60	0	0	0	0	
45	49	0	0	0	0	
46	41	0	0	0	0	
47	34	0	0	0	0	
48	29	0	0	0	0	
49	25	0	0	0	0	
50	18	0	0	0	0	
51	15	0	0	0	0	
52	10	0	0	0	0	
53	10	0	0	0	0	
54	9	0	0	0	0	
55	6	0	0	0	0	
56	5	0	0	0	0	
57	5	0	0	0	0	
58	5	0	0	0	0	
59	5	0	0	0	0	
60	4	0	0	0	0	
61	4	0	0	0	0	
62	3	0	0	0	0	
63	3	0	0	0	0	
64	2	0	0	0	0	
65	2	0	0	0	0	
66	2	0	0	0	0	
67	2	0	0	0	0	
68	2	0	0	0	0	
69	2	0	0	0	0	
70	2	0	0	0	0	
71	2	0	0	0	0	
72	2	0	0	0	0	
73	2	0	0	0	0	
74	2	0	0	0	0	
75	2	0	0	0	0	
76	2	0	0	0	0	
77	2	0	0	0	0	
78	2	0	0	0	0	
79	2	0	0	0	0	
80	2	0	0	0	0	
81	2	0	0	0	0	
82	2	0	0	0	0	
83	2	0	0	0	0	
84	2	0	0	0	0	
85	2	0	0	0	0	
86	2	0	0	0	0	
87	2	0	0	0	0	
88	2	0	0	0	0	
89	2	0	0	0	0	
90	2	0	0	0	0	
91	2	0	0	0	0	
92	2	0	0	0	0	
93	2	0	0	0	0	
94	2	0	0	0	0	
95	2	0	0	0	0	
96	2	0	0	0	0	
97	2	0	0	0	0	
98	2	0	0	0	0	
99	2	0	0	0	0	
