0	0.00000
1	0.00000
2	0.00000
3	0.00299
4	0.11503
5	0.22680
6	0.85742
7	1.06121
8	1.25171
9	1.35076
10	1.40609
11	1.39310
12	1.25307
13	1.05743
14	0.86784
15	0.68530
16	0.52364
17	0.39680
18	0.29902
19	0.22220
20	0.17456
21	0.13911
22	0.10586
23	0.08308
24	0.06856
25	0.05853
26	0.04966
27	0.04147
28	0.03476
29	0.02887
30	0.02627
31	0.01998
32	0.01510
33	0.01151
34	0.00708
35	0.00521
36	0.00459
37	0.00186
38	0.00240
39	0.00187
40	0.00117
41	0.00155
42	0.00052
43	0.00065
44	0.00112
45	0.00030
46	0.00029
47	0.00029
48	0.00010
49	0.00000
50	0.00000
51	0.00000
52	0.00000
53	0.00000
54	0.00000
55	0.00000
56	0.00000
57	0.00000
58	0.00000
59	0.00000
60	0.00000
61	0.00000
62	0.00000
63	0.00000
64	0.00000
65	0.00000
66	0.00000
67	0.00000
68	0.00000
69	0.00000
70	0.00000
71	0.00000
72	0.00000
73	0.00000
74	0.00000
75	0.00000
76	0.00000
77	0.00000
78	0.00000
79	0.00000
80	0.00000
81	0.00000
82	0.00000
83	0.00000
84	0.00000
85	0.00000
86	0.00000
87	0.00000
88	0.00000
89	0.00000
90	0.00000
91	0.00000
92	0.00000
93	0.00000
94	0.00000
95	0.00000
96	0.00000
97	0.00000
98	0.00000
99	0.00000
