0	0.00500
1	0.00700
2	0.01000
3	0.01550
4	0.02800
5	0.04700
6	0.07450
7	0.11850
8	0.16750
9	0.22950
10	0.29650
11	0.35850
12	0.42350
13	0.48100
14	0.52400
15	0.55850
16	0.59000
17	0.60950
18	0.63100
19	0.64950
20	0.65900
21	0.66650
22	0.67600
23	0.68300
24	0.68800
25	0.69200
26	0.69550
27	0.69600
28	0.69900
29	0.69950
30	0.70050
31	0.70200
32	0.70200
33	0.70300
34	0.70300
35	0.70300
36	0.70400
37	0.70400
38	0.70400
39	0.70450
40	0.70500
41	0.70550
42	0.70600
43	0.70600
44	0.70600
45	0.70600
46	0.70600
47	0.70600
48	0.70600
49	0.70600
50	0.70600
51	0.70600
52	0.70600
53	0.70600
54	0.70600
55	0.70600
56	0.70600
57	0.70600
58	0.70600
59	0.70600
60	0.70600
61	0.70600
62	0.70600
63	0.70600
64	0.70600
65	0.70600
66	0.70600
67	0.70600
68	0.70600
69	0.70600
70	0.70600
71	0.70600
72	0.70600
73	0.70600
74	0.70600
75	0.70600
76	0.70600
77	0.70600
78	0.70600
79	0.70600
80	0.70600
81	0.70600
82	0.70600
83	0.70600
84	0.70600
85	0.70600
86	0.70600
87	0.70600
88	0.70600
89	0.70600
90	0.70600
91	0.70600
92	0.70650
93	0.70650
94	0.70650
95	0.70650
96	0.70650
97	0.70650
98	0.70650
99	0.70650
