0	0.00000
1	0.00000
2	0.00000
3	0.02319
4	0.08068
5	0.15745
6	0.45303
7	0.70679
8	1.02544
9	1.20799
10	1.31943
11	1.36421
12	1.25513
13	1.07312
14	0.89260
15	0.71624
16	0.54923
17	0.41350
18	0.31156
19	0.23464
20	0.18566
21	0.14799
22	0.11349
23	0.08768
24	0.07208
25	0.06062
26	0.05020
27	0.04075
28	0.03272
29	0.02666
30	0.02394
31	0.01794
32	0.01365
33	0.01066
34	0.00758
35	0.00620
36	0.00540
37	0.00330
38	0.00371
39	0.00294
40	0.00215
41	0.00267
42	0.00225
43	0.00251
44	0.00272
45	0.00197
46	0.00195
47	0.00195
48	0.00144
49	0.00067
50	0.00033
51	0.00000
52	0.00000
53	0.00000
54	0.00000
55	0.00000
56	0.00000
57	0.00000
58	0.00000
59	0.00000
60	0.00000
61	0.00000
62	0.00000
63	0.00000
64	0.00000
65	0.00000
66	0.00000
67	0.00000
68	0.00000
69	0.00000
70	0.00000
71	0.00000
72	0.00000
73	0.00000
74	0.00000
75	0.00000
76	0.00000
77	0.00000
78	0.00000
79	0.00000
80	0.00000
81	0.00000
82	0.00000
83	0.00000
84	0.00000
85	0.00000
86	0.00000
87	0.00000
88	0.00000
89	0.00000
90	0.00000
91	0.00000
92	0.00000
93	0.00000
94	0.00012
95	0.00012
96	0.00012
97	0.00012
98	0.00012
99	0.00012
