0	0.00000
1	0.00250
2	0.00300
3	0.00100
4	0.00150
5	0.00300
6	0.00300
7	0.00450
8	0.00550
9	0.00350
10	0.00400
11	0.00500
12	0.00850
13	0.01000
14	0.00950
15	0.00800
16	0.01250
17	0.01800
18	0.01750
19	0.01600
20	0.01250
21	0.01600
22	0.01800
23	0.01750
24	0.01950
25	0.02000
26	0.02950
27	0.02500
28	0.02450
29	0.03100
30	0.02700
31	0.02850
32	0.03100
33	0.02550
34	0.02950
35	0.02650
36	0.01950
37	0.02400
38	0.02150
39	0.02150
40	0.01550
41	0.01750
42	0.01350
43	0.01000
44	0.01050
45	0.01350
46	0.01050
47	0.00850
48	0.00750
49	0.00900
50	0.00600
51	0.00500
52	0.00450
53	0.00450
54	0.00200
55	0.00300
56	0.00200
57	0.00100
58	0.00150
59	0.00150
60	0.00050
61	0.00000
62	0.00150
63	0.00100
64	0.00100
65	0.00100
66	0.00100
67	0.00000
68	0.00050
69	0.00100
70	0.00000
71	0.00050
72	0.00000
73	0.00100
74	0.00000
75	0.00000
76	0.00000
77	0.00000
78	0.00000
79	0.00000
80	0.00000
81	0.00000
82	0.00000
83	0.00000
84	0.00000
85	0.00000
86	0.00000
87	0.00000
88	0.00000
89	0.00000
90	0.00000
91	0.00000
92	0.00000
93	0.00050
94	0.00000
95	0.00000
96	0.00000
97	0.00000
98	0.00000
99	0.00000
