0	0	0	0	0	0	
1	499	0	0	0	0	
2	498	0	0	0	0	
3	498	0	0	0	0	
4	498	0	0	0	0	
5	498	0	0	0	0	
6	496	0	0	0	0	
7	0	493	0	0	0	
8	0	0	490	0	0	
9	0	0	0	489	0	
10	0	0	0	0	489	
11	0	0	0	0	489	
12	0	0	0	0	489	
13	0	0	0	0	489	
14	0	0	0	0	489	
15	0	0	0	0	488	
16	0	0	0	0	488	
17	0	0	0	0	488	
18	0	0	0	0	487	
19	0	0	0	0	487	
20	0	0	0	0	486	
21	0	0	0	0	485	
22	0	0	0	0	485	
23	0	0	0	0	485	
24	0	0	0	0	485	
25	0	0	0	0	484	
26	0	0	0	0	483	
27	0	0	0	0	483	
28	0	0	0	0	483	
29	0	0	0	0	482	
30	0	0	0	0	481	
31	0	0	0	0	481	
32	0	0	0	0	477	
33	0	0	0	0	475	
34	0	0	0	0	473	
35	0	0	0	0	473	
36	0	0	0	0	472	
37	0	0	0	0	472	
38	0	0	0	0	471	
39	0	0	0	0	471	
40	0	0	0	0	471	
41	0	0	0	0	471	
42	0	0	0	0	470	
43	0	0	0	0	470	
44	0	0	0	0	470	
45	0	0	0	0	470	
46	0	0	0	0	470	
47	0	0	0	0	470	
48	0	0	0	0	469	
49	0	0	0	0	469	
50	0	0	0	0	469	
51	0	0	0	0	469	
52	0	0	0	0	469	
53	0	0	0	0	469	
54	0	0	0	0	469	
55	0	0	0	0	468	
56	0	0	0	0	468	
57	0	0	0	0	468	
58	0	0	0	0	468	
59	0	0	0	0	468	
60	0	0	0	0	468	
61	0	0	0	0	468	
62	0	0	0	0	468	
63	0	0	0	0	468	
64	0	0	0	0	468	
65	0	0	0	0	468	
66	0	0	0	0	468	
67	0	0	0	0	468	
68	0	0	0	0	468	
69	0	0	0	0	468	
70	0	0	0	0	468	
71	0	0	0	0	468	
72	0	0	0	0	468	
73	0	0	0	0	468	
74	0	0	0	0	468	
75	0	0	0	0	468	
76	0	0	0	0	468	
77	0	0	0	0	468	
78	0	0	0	0	468	
79	0	0	0	0	468	
80	0	0	0	0	468	
81	0	0	0	0	468	
82	0	0	0	0	468	
83	0	0	0	0	468	
84	0	0	0	0	468	
85	0	0	0	0	468	
86	0	0	0	0	468	
87	0	0	0	0	468	
88	0	0	0	0	468	
89	0	0	0	0	468	
90	0	0	0	0	468	
91	0	0	0	0	468	
92	0	0	0	0	468	
93	0	0	0	0	468	
94	0	0	0	0	468	
95	0	0	0	0	468	
96	0	0	0	0	468	
97	0	0	0	0	468	
98	0	0	0	0	468	
99	0	0	0	0	468	
