0	0	0	0	0	0	
1	2498	0	0	0	0	
2	2492	0	0	0	0	
3	2489	0	0	0	0	
4	0	2481	0	0	0	
5	0	0	2475	0	0	
6	0	0	0	2463	0	
7	0	0	0	0	2460	
8	0	0	0	0	2459	
9	0	0	0	0	2457	
10	0	0	0	0	2455	
11	0	0	0	0	2455	
12	0	0	0	0	2451	
13	0	0	0	0	2448	
14	0	0	0	0	2443	
15	0	0	0	0	2439	
16	0	0	0	0	2433	
17	0	0	0	0	2431	
18	0	0	0	0	2424	
19	0	0	0	0	2418	
20	0	0	0	0	2410	
21	0	0	0	0	2407	
22	0	0	0	0	2400	
23	0	0	0	0	2396	
24	0	0	0	0	2395	
25	0	0	0	0	2391	
26	0	0	0	0	2387	
27	0	0	0	0	2382	
28	0	0	0	0	2379	
29	0	0	0	0	2377	
30	0	0	0	0	2376	
31	0	0	0	0	2375	
32	0	0	0	0	2375	
33	0	0	0	0	2375	
34	0	0	0	0	2375	
35	0	0	0	0	2375	
36	0	0	0	0	2375	
37	0	0	0	0	2375	
38	0	0	0	0	2375	
39	0	0	0	0	2375	
40	0	0	0	0	2374	
41	0	0	0	0	2374	
42	0	0	0	0	2374	
43	0	0	0	0	2374	
44	0	0	0	0	2374	
45	0	0	0	0	2374	
46	0	0	0	0	2374	
47	0	0	0	0	2374	
48	0	0	0	0	2374	
49	0	0	0	0	2374	
50	0	0	0	0	2374	
51	0	0	0	0	2374	
52	0	0	0	0	2374	
53	0	0	0	0	2374	
54	0	0	0	0	2374	
55	0	0	0	0	2374	
56	0	0	0	0	2374	
57	0	0	0	0	2374	
58	0	0	0	0	2374	
59	0	0	0	0	2374	
60	0	0	0	0	2374	
61	0	0	0	0	2374	
62	0	0	0	0	2374	
63	0	0	0	0	2374	
64	0	0	0	0	2374	
65	0	0	0	0	2374	
66	0	0	0	0	2374	
67	0	0	0	0	2374	
68	0	0	0	0	2374	
69	0	0	0	0	2374	
70	0	0	0	0	2374	
71	0	0	0	0	2374	
72	0	0	0	0	2374	
73	0	0	0	0	2374	
74	0	0	0	0	2374	
75	0	0	0	0	2374	
76	0	0	0	0	2374	
77	0	0	0	0	2374	
78	0	0	0	0	2374	
79	0	0	0	0	2374	
80	0	0	0	0	2374	
81	0	0	0	0	2374	
82	0	0	0	0	2374	
83	0	0	0	0	2374	
84	0	0	0	0	2374	
85	0	0	0	0	2374	
86	0	0	0	0	2374	
87	0	0	0	0	2374	
88	0	0	0	0	2374	
89	0	0	0	0	2374	
90	0	0	0	0	2374	
91	0	0	0	0	2374	
92	0	0	0	0	2374	
93	0	0	0	0	2374	
94	0	0	0	0	2374	
95	0	0	0	0	2374	
96	0	0	0	0	2374	
97	0	0	0	0	2374	
98	0	0	0	0	2374	
99	0	0	0	0	2374	
