0	0.00000
1	0.00000
2	0.00000
3	0.00000
4	0.00000
5	0.23644
6	0.72046
7	0.98798
8	1.02900
9	1.17145
10	1.21551
11	1.22164
12	1.04063
13	0.90302
14	0.89841
15	0.74235
16	0.76494
17	0.63643
18	0.55352
19	0.62523
20	0.64933
21	0.63131
22	0.60838
23	0.59675
24	0.52354
25	0.53084
26	0.49737
27	0.47715
28	0.48241
29	0.43821
30	0.42224
31	0.39227
32	0.39314
33	0.35965
34	0.33004
35	0.29824
36	0.25506
37	0.23253
38	0.20128
39	0.17260
40	0.14541
41	0.12524
42	0.11139
43	0.10097
44	0.09683
45	0.09298
46	0.08167
47	0.07196
48	0.06102
49	0.05618
50	0.04402
51	0.04085
52	0.03633
53	0.03301
54	0.03028
55	0.02493
56	0.02124
57	0.02163
58	0.02020
59	0.01841
60	0.01769
61	0.01598
62	0.01482
63	0.01294
64	0.01285
65	0.01147
66	0.01063
67	0.00954
68	0.00893
69	0.00732
70	0.00775
71	0.00338
72	0.00231
73	0.00286
74	0.00149
75	0.00232
76	0.00220
77	0.00041
78	0.00215
79	0.00108
80	0.00023
81	0.00049
82	0.00003
83	0.00010
84	0.00031
85	0.00000
86	0.00000
87	0.00000
88	0.00000
89	0.00000
90	0.00000
91	0.00000
92	0.00000
93	0.00000
94	0.00000
95	0.00000
96	0.00000
97	0.00000
98	0.00000
99	0.00000
100	0.00000
101	0.00000
102	0.00000
103	0.00000
104	0.00000
105	0.00000
106	0.00000
107	0.00000
108	0.00000
109	0.00000
110	0.00000
111	0.00000
112	0.00000
113	0.00000
114	0.00000
115	0.00000
116	0.00000
117	0.00000
118	0.00000
119	0.00000
120	0.00000
121	0.00000
122	0.00000
123	0.00000
124	0.00000
125	0.00000
126	0.00000
127	0.00000
128	0.00000
129	0.00000
130	0.00000
131	0.00000
132	0.00000
133	0.00000
134	0.00000
135	0.00000
136	0.00000
137	0.00000
138	0.00000
139	0.00000
140	0.00000
141	0.00000
142	0.00000
143	0.00000
144	0.00000
145	0.00000
146	0.00000
147	0.00000
148	0.00000
149	0.00000
150	0.00000
151	0.00000
152	0.00000
153	0.00000
154	0.00000
155	0.00000
156	0.00000
157	0.00000
158	0.00000
159	0.00000
160	0.00000
161	0.00000
162	0.00000
163	0.00000
164	0.00000
165	0.00000
166	0.00000
167	0.00000
168	0.00000
169	0.00000
170	0.00000
171	0.00000
172	0.00000
173	0.00000
174	0.00000
175	0.00000
176	0.00000
177	0.00000
178	0.00000
179	0.00000
