0	0.00500
1	0.00550
2	0.00650
3	0.00900
4	0.01150
5	0.01400
6	0.01600
7	0.02100
8	0.02500
9	0.03150
10	0.03550
11	0.04000
12	0.04800
13	0.05250
14	0.06400
15	0.07000
16	0.07600
17	0.09100
18	0.10700
19	0.12250
20	0.13650
21	0.15650
22	0.16850
23	0.19100
24	0.21200
25	0.23650
26	0.26600
27	0.28650
28	0.31500
29	0.34450
30	0.38450
31	0.41600
32	0.44800
33	0.47650
34	0.49750
35	0.52700
36	0.54850
37	0.56950
38	0.58500
39	0.60100
40	0.61600
41	0.63150
42	0.65050
43	0.66800
44	0.67850
45	0.68750
46	0.69600
47	0.70500
48	0.70800
49	0.71600
50	0.72200
51	0.72700
52	0.73150
53	0.73350
54	0.73550
55	0.74050
56	0.74350
57	0.74600
58	0.74900
59	0.75050
60	0.75200
61	0.75300
62	0.75500
63	0.75600
64	0.75650
65	0.75700
66	0.75750
67	0.75750
68	0.75850
69	0.75850
70	0.75900
71	0.75950
72	0.75950
73	0.76050
74	0.76050
75	0.76100
76	0.76150
77	0.76150
78	0.76150
79	0.76200
80	0.76200
81	0.76250
82	0.76300
83	0.76300
84	0.76300
85	0.76300
86	0.76300
87	0.76300
88	0.76300
89	0.76300
90	0.76350
91	0.76350
92	0.76350
93	0.76350
94	0.76350
95	0.76400
96	0.76400
97	0.76400
98	0.76400
99	0.76400
100	0.76400
101	0.76400
102	0.76400
103	0.76400
104	0.76400
105	0.76400
106	0.76400
107	0.76400
108	0.76400
109	0.76400
110	0.76400
111	0.76400
112	0.76400
113	0.76400
114	0.76400
115	0.76400
116	0.76400
117	0.76400
118	0.76400
119	0.76400
120	0.76400
121	0.76400
122	0.76400
123	0.76400
124	0.76400
125	0.76400
126	0.76400
127	0.76400
128	0.76400
129	0.76400
130	0.76400
131	0.76400
132	0.76400
133	0.76400
134	0.76400
135	0.76400
136	0.76400
137	0.76400
138	0.76400
139	0.76400
140	0.76400
141	0.76400
142	0.76400
143	0.76400
144	0.76400
145	0.76400
146	0.76400
147	0.76400
148	0.76400
149	0.76400
150	0.76400
151	0.76400
152	0.76400
153	0.76400
154	0.76400
155	0.76400
156	0.76400
157	0.76400
158	0.76400
159	0.76400
160	0.76400
161	0.76400
162	0.76400
163	0.76400
164	0.76400
165	0.76400
166	0.76400
167	0.76400
168	0.76400
169	0.76400
170	0.76400
171	0.76400
172	0.76400
173	0.76400
174	0.76400
175	0.76400
176	0.76400
177	0.76400
178	0.76400
179	0.76400
