0	0.00000
1	0.00000
2	0.00000
3	0.01797
4	0.08423
5	0.25653
6	0.40215
7	0.52812
8	0.62649
9	0.90590
10	1.03265
11	1.14186
12	1.00993
13	0.90596
14	0.92312
15	0.76253
16	0.78782
17	0.66616
18	0.57921
19	0.64804
20	0.66500
21	0.64859
22	0.61942
23	0.60631
24	0.52726
25	0.53805
26	0.49954
27	0.48524
28	0.48912
29	0.44318
30	0.42443
31	0.39496
32	0.39471
33	0.36456
34	0.33519
35	0.30515
36	0.26038
37	0.23621
38	0.20553
39	0.17732
40	0.14911
41	0.12923
42	0.11526
43	0.10344
44	0.09926
45	0.09509
46	0.08367
47	0.07358
48	0.06281
49	0.05725
50	0.04468
51	0.04153
52	0.03738
53	0.03412
54	0.03139
55	0.02578
56	0.02160
57	0.02216
58	0.02006
59	0.01779
60	0.01695
61	0.01464
62	0.01357
63	0.01191
64	0.01137
65	0.00969
66	0.00867
67	0.00700
68	0.00634
69	0.00492
70	0.00524
71	0.00359
72	0.00316
73	0.00343
74	0.00290
75	0.00338
76	0.00322
77	0.00259
78	0.00317
79	0.00287
80	0.00201
81	0.00229
82	0.00143
83	0.00191
84	0.00208
85	0.00162
86	0.00158
87	0.00153
88	0.00125
89	0.00125
90	0.00071
91	0.00000
92	0.00061
93	0.00061
94	0.00061
95	0.00061
96	0.00061
97	0.00132
98	0.00127
99	0.00071
100	0.00071
101	0.00071
102	0.00071
103	0.00071
104	0.00000
105	0.00000
106	0.00000
107	0.00000
108	0.00000
109	0.00000
110	0.00000
111	0.00000
112	0.00000
113	0.00000
114	0.00000
115	0.00000
116	0.00000
117	0.00000
118	0.00000
119	0.00000
120	0.00000
121	0.00000
122	0.00000
123	0.00000
124	0.00000
125	0.00000
126	0.00000
127	0.00000
128	0.00000
129	0.00000
130	0.00000
131	0.00000
132	0.00000
133	0.00000
134	0.00000
135	0.00000
136	0.00000
137	0.00000
138	0.00000
139	0.00000
140	0.00000
141	0.00000
142	0.00000
143	0.00000
144	0.00000
145	0.00000
146	0.00000
147	0.00000
148	0.00000
149	0.00000
150	0.00000
151	0.00000
152	0.00000
153	0.00000
154	0.00000
155	0.00000
156	0.00000
157	0.00000
158	0.00000
159	0.00000
160	0.00000
161	0.00000
162	0.00000
163	0.00000
164	0.00000
165	0.00000
166	0.00000
167	0.00000
168	0.00000
169	0.00000
170	0.00000
171	0.00000
172	0.00000
173	0.00000
174	0.00000
175	0.00000
176	0.00000
177	0.00000
178	0.00000
179	0.00000
