0	0.00500
1	0.01600
2	0.04850
3	0.13250
4	0.32850
5	0.60100
6	0.79600
7	0.87400
8	0.88950
9	0.89050
10	0.89100
11	0.89100
12	0.89100
13	0.89100
14	0.89100
15	0.89100
16	0.89100
17	0.89100
18	0.89100
19	0.89100
20	0.89100
21	0.89100
22	0.89100
23	0.89100
24	0.89100
25	0.89100
26	0.89100
27	0.89100
28	0.89100
29	0.89100
30	0.89100
31	0.89100
32	0.89100
33	0.89100
34	0.89100
35	0.89100
36	0.89100
37	0.89100
38	0.89100
39	0.89100
40	0.89100
41	0.89100
42	0.89100
43	0.89100
44	0.89100
45	0.89100
46	0.89100
47	0.89100
48	0.89100
49	0.89100
50	0.89100
51	0.89100
52	0.89100
53	0.89100
54	0.89100
55	0.89100
56	0.89100
57	0.89100
58	0.89100
59	0.89100
60	0.89100
61	0.89100
62	0.89100
63	0.89100
64	0.89100
65	0.89100
66	0.89100
67	0.89100
68	0.89100
69	0.89100
70	0.89100
71	0.89100
72	0.89100
73	0.89100
74	0.89100
75	0.89100
76	0.89100
77	0.89100
78	0.89100
79	0.89100
80	0.89100
81	0.89100
82	0.89100
83	0.89100
84	0.89100
85	0.89100
86	0.89100
87	0.89100
88	0.89100
89	0.89100
90	0.89100
91	0.89100
92	0.89100
93	0.89100
94	0.89100
95	0.89100
96	0.89100
97	0.89100
98	0.89100
99	0.89100
100	0.89100
101	0.89100
102	0.89100
103	0.89100
104	0.89100
105	0.89100
106	0.89100
107	0.89100
108	0.89100
109	0.89100
110	0.89100
111	0.89100
112	0.89100
113	0.89100
114	0.89100
115	0.89100
116	0.89100
117	0.89100
118	0.89100
119	0.89100
120	0.89100
121	0.89100
122	0.89100
123	0.89100
124	0.89100
125	0.89100
126	0.89100
127	0.89100
128	0.89100
129	0.89100
130	0.89100
131	0.89100
132	0.89100
133	0.89100
134	0.89100
135	0.89100
136	0.89100
137	0.89100
138	0.89100
139	0.89100
140	0.89100
141	0.89100
142	0.89100
143	0.89100
144	0.89100
145	0.89100
146	0.89100
147	0.89100
148	0.89100
149	0.89100
