0	0	0	0	0	0	
1	746	0	0	0	0	
2	723	0	0	0	0	
3	627	47	0	0	0	
4	4	491	38	0	0	
5	1	53	278	32	0	
6	0	36	161	59	16	
7	0	19	136	44	26	
8	0	18	130	44	26	
9	0	18	130	44	26	
10	0	18	129	44	26	
11	0	18	129	44	26	
12	0	18	129	44	26	
13	0	18	129	44	26	
14	0	18	129	44	26	
15	0	18	129	44	26	
16	0	18	129	44	26	
17	0	18	129	44	26	
18	0	18	129	44	26	
19	0	18	129	44	26	
20	0	18	129	44	26	
21	0	18	129	44	26	
22	0	18	129	44	26	
23	0	18	129	44	26	
24	0	18	129	44	26	
25	0	18	129	44	26	
26	0	18	129	44	26	
27	0	18	129	44	26	
28	0	18	129	44	26	
29	0	18	129	44	26	
30	0	18	129	44	26	
31	0	18	129	44	26	
32	0	18	129	44	26	
33	0	18	129	44	26	
34	0	18	129	44	26	
35	0	18	129	44	26	
36	0	18	129	44	26	
37	0	18	129	44	26	
38	0	18	129	44	26	
39	0	18	129	44	26	
40	0	18	129	44	26	
41	0	18	129	44	26	
42	0	18	129	44	26	
43	0	18	129	44	26	
44	0	18	129	44	26	
45	0	18	129	44	26	
46	0	18	129	44	26	
47	0	18	129	44	26	
48	0	18	129	44	26	
49	0	18	129	44	26	
50	0	18	129	44	26	
51	0	18	129	44	26	
52	0	18	129	44	26	
53	0	18	129	44	26	
54	0	18	129	44	26	
55	0	18	129	44	26	
56	0	18	129	44	26	
57	0	18	129	44	26	
58	0	18	129	44	26	
59	0	18	129	44	26	
60	0	18	129	44	26	
61	0	18	129	44	26	
62	0	18	129	44	26	
63	0	18	129	44	26	
64	0	18	129	44	26	
65	0	18	129	44	26	
66	0	18	129	44	26	
67	0	18	129	44	26	
68	0	18	129	44	26	
69	0	18	129	44	26	
70	0	18	129	44	26	
71	0	18	129	44	26	
72	0	18	129	44	26	
73	0	18	129	44	26	
74	0	18	129	44	26	
75	0	18	129	44	26	
76	0	18	129	44	26	
77	0	18	129	44	26	
78	0	18	129	44	26	
79	0	18	129	44	26	
80	0	18	129	44	26	
81	0	18	129	44	26	
82	0	18	129	44	26	
83	0	18	129	44	26	
84	0	18	129	44	26	
85	0	18	129	44	26	
86	0	18	129	44	26	
87	0	18	129	44	26	
88	0	18	129	44	26	
89	0	18	129	44	26	
90	0	18	129	44	26	
91	0	18	129	44	26	
92	0	18	129	44	26	
93	0	18	129	44	26	
94	0	18	129	44	26	
95	0	18	129	44	26	
96	0	18	129	44	26	
97	0	18	129	44	26	
98	0	18	129	44	26	
99	0	18	129	44	26	
100	0	18	129	44	26	
101	0	18	129	44	26	
102	0	18	129	44	26	
103	0	18	129	44	26	
104	0	18	129	44	26	
105	0	18	129	44	26	
106	0	18	129	44	26	
107	0	18	129	44	26	
108	0	18	129	44	26	
109	0	18	129	44	26	
110	0	18	129	44	26	
111	0	18	129	44	26	
112	0	18	129	44	26	
113	0	18	129	44	26	
114	0	18	129	44	26	
115	0	18	129	44	26	
116	0	18	129	44	26	
117	0	18	129	44	26	
118	0	18	129	44	26	
119	0	18	129	44	26	
120	0	18	129	44	26	
121	0	18	129	44	26	
122	0	18	129	44	26	
123	0	18	129	44	26	
124	0	18	129	44	26	
125	0	18	129	44	26	
126	0	18	129	44	26	
127	0	18	129	44	26	
128	0	18	129	44	26	
129	0	18	129	44	26	
130	0	18	129	44	26	
131	0	18	129	44	26	
132	0	18	129	44	26	
133	0	18	129	44	26	
134	0	18	129	44	26	
135	0	18	129	44	26	
136	0	18	129	44	26	
137	0	18	129	44	26	
138	0	18	129	44	26	
139	0	18	129	44	26	
140	0	18	129	44	26	
141	0	18	129	44	26	
142	0	18	129	44	26	
143	0	18	129	44	26	
144	0	18	129	44	26	
145	0	18	129	44	26	
146	0	18	129	44	26	
147	0	18	129	44	26	
148	0	18	129	44	26	
149	0	18	129	44	26	
