0	0.00000
1	0.00000
2	0.00000
3	0.04400
4	0.19323
5	0.39420
6	0.76884
7	1.06818
8	1.35444
9	1.42696
10	1.34810
11	1.20462
12	1.00859
13	0.80791
14	0.60008
15	0.42642
16	0.32058
17	0.23547
18	0.17680
19	0.13454
20	0.10887
21	0.08832
22	0.07282
23	0.06093
24	0.04778
25	0.03722
26	0.03192
27	0.02582
28	0.01998
29	0.01570
30	0.01254
31	0.01080
32	0.00930
33	0.00663
34	0.00439
35	0.00345
36	0.00224
37	0.00113
38	0.00152
39	0.00081
40	0.00068
41	0.00068
42	0.00068
43	0.00039
44	0.00039
45	0.00000
46	0.00000
47	0.00000
48	0.00000
49	0.00000
50	0.00000
51	0.00000
52	0.00000
53	0.00000
54	0.00000
55	0.00000
56	0.00000
57	0.00000
58	0.00000
59	0.00000
60	0.00000
61	0.00000
62	0.00000
63	0.00000
64	0.00000
65	0.00000
66	0.00000
67	0.00000
68	0.00000
69	0.00000
70	0.00000
71	0.00000
72	0.00000
73	0.00000
74	0.00000
75	0.00000
76	0.00000
77	0.00000
78	0.00000
79	0.00000
80	0.00000
81	0.00000
82	0.00000
83	0.00000
84	0.00000
85	0.00000
86	0.00000
87	0.00000
88	0.00000
89	0.00000
90	0.00000
91	0.00000
92	0.00000
93	0.00000
94	0.00000
95	0.00000
96	0.00000
97	0.00000
98	0.00000
99	0.00000
