0	0.00500
1	0.01850
2	0.05600
3	0.14900
4	0.32450
5	0.55700
6	0.72550
7	0.78250
8	0.80400
9	0.80900
10	0.81050
11	0.81050
12	0.81050
13	0.81050
14	0.81050
15	0.81050
16	0.81050
17	0.81050
18	0.81050
19	0.81050
20	0.81050
21	0.81050
22	0.81050
23	0.81050
24	0.81050
25	0.81050
26	0.81050
27	0.81050
28	0.81050
29	0.81050
30	0.81050
31	0.81050
32	0.81050
33	0.81050
34	0.81050
35	0.81050
36	0.81050
37	0.81050
38	0.81050
39	0.81050
40	0.81050
41	0.81050
42	0.81050
43	0.81050
44	0.81050
45	0.81050
46	0.81050
47	0.81050
48	0.81050
49	0.81050
50	0.81050
51	0.81050
52	0.81050
53	0.81050
54	0.81050
55	0.81050
56	0.81050
57	0.81050
58	0.81050
59	0.81050
60	0.81050
61	0.81050
62	0.81050
63	0.81050
64	0.81050
65	0.81050
66	0.81050
67	0.81050
68	0.81050
69	0.81050
70	0.81050
71	0.81050
72	0.81050
73	0.81050
74	0.81050
75	0.81050
76	0.81050
77	0.81050
78	0.81050
79	0.81050
80	0.81050
81	0.81050
82	0.81050
83	0.81050
84	0.81050
85	0.81050
86	0.81050
87	0.81050
88	0.81050
89	0.81050
90	0.81050
91	0.81050
92	0.81050
93	0.81050
94	0.81050
95	0.81050
96	0.81050
97	0.81050
98	0.81050
99	0.81050
