0	0.00000
1	0.00000
2	0.00000
3	0.00000
4	0.00000
5	0.00000
6	0.00000
7	0.00000
8	0.00000
9	0.00000
10	0.00000
11	0.00000
12	0.00000
13	0.00000
14	0.00000
15	0.00000
16	0.00000
17	0.00000
18	0.00000
19	0.00000
20	0.00000
21	0.00000
22	0.00000
23	0.00000
24	0.00000
25	0.00000
26	0.00000
27	0.00000
28	0.00000
29	0.00000
30	0.00000
31	0.00000
32	0.00000
33	0.00000
34	0.00000
35	0.00000
36	0.00000
37	0.00000
38	0.00000
39	0.00000
40	0.00000
41	0.00000
42	0.00000
43	0.00000
44	0.00000
45	0.00000
46	0.00000
47	0.00000
48	0.00000
49	0.00000
50	0.00000
51	0.05000
52	0.05000
53	0.05000
54	0.05000
55	0.05000
56	0.00000
57	0.00000
58	0.00000
59	0.00000
60	0.00000
61	0.00000
62	0.00000
63	0.00000
64	0.00000
65	0.00000
66	0.00000
67	0.00000
68	0.00000
69	0.00000
70	0.00000
71	0.00000
72	0.00000
73	0.00000
74	0.00000
75	0.00000
76	0.00000
77	0.00000
78	0.00000
79	0.00000
80	0.00000
81	0.00000
82	0.00000
83	0.00000
84	0.00000
85	0.00000
86	0.00000
87	0.00000
88	0.00000
89	0.00000
90	0.00000
91	0.16250
92	0.16250
93	0.16250
94	0.16250
95	0.22500
96	0.12500
97	0.06250
98	0.02500
99	0.02500
100	0.02500
101	0.02500
102	0.00000
103	0.00000
104	0.00000
105	0.00000
106	0.00000
107	0.00000
108	0.00000
109	0.00000
110	0.00000
111	0.00000
112	0.00000
113	0.00000
114	0.00000
115	0.00000
116	0.00000
117	0.00000
118	0.00000
119	0.00000
120	0.00000
121	0.00000
122	0.00000
123	0.00000
124	0.00000
125	0.02632
126	0.02632
127	0.02632
128	0.00000
129	0.00000
130	0.00000
131	0.03947
132	0.03947
133	0.05702
134	0.05702
135	0.05702
136	0.00000
137	0.00000
138	0.00000
139	0.00000
140	0.00000
141	0.03318
142	0.03318
143	0.03318
144	0.03318
145	0.03318
146	0.03318
147	0.07099
148	0.00000
149	0.00000
150	0.00000
151	0.06046
152	0.06046
153	0.08497
154	0.06046
155	0.06046
156	0.12418
157	0.13399
158	0.04412
159	0.04412
160	0.00000
161	0.00000
162	0.00000
163	0.00000
164	0.00000
165	0.00000
166	0.00000
167	0.00000
168	0.02451
169	0.02451
170	0.02451
171	0.02451
172	0.02451
173	0.00000
174	0.00000
175	0.00000
176	0.03922
177	0.03922
178	0.02451
179	0.02451
180	0.07598
181	0.05637
182	0.05637
183	0.05637
184	0.10539
185	0.04265
186	0.04265
187	0.04265
188	0.04265
189	0.06875
190	0.05333
191	0.03667
192	0.05000
193	0.05000
194	0.05000
195	0.05000
196	0.05000
197	0.01333
198	0.00000
199	0.02333
200	0.02333
201	0.05778
202	0.05778
203	0.05778
204	0.05778
205	0.01222
206	0.01111
207	0.01111
208	0.00972
209	0.01944
210	0.01944
211	0.01481
212	0.02434
213	0.02434
214	0.02646
215	0.02646
216	0.04087
217	0.02500
218	0.01574
219	0.01250
220	0.01250
221	0.01250
222	0.01204
223	0.00000
224	0.00000
225	0.01290
226	0.05385
227	0.08985
228	0.05612
229	0.06327
230	0.05893
231	0.03382
232	0.04604
233	0.03727
234	0.03727
235	0.04918
236	0.04918
237	0.04237
238	0.04237
239	0.02245
240	0.00000
241	0.00680
242	0.00777
243	0.00777
244	0.00777
245	0.01162
246	0.01181
247	0.04646
248	0.04192
249	0.07317
250	0.07317
251	0.06007
252	0.06007
253	0.05281
254	0.01073
255	0.01073
256	0.00000
257	0.00000
258	0.00000
259	0.01389
260	0.01361
261	0.01361
262	0.01361
263	0.01361
264	0.08250
265	0.05393
266	0.06889
267	0.05446
268	0.05446
269	0.06600
270	0.05281
271	0.01169
272	0.00875
273	0.00000
274	0.00000
275	0.00000
276	0.00000
277	0.00000
278	0.00000
279	0.00000
280	0.00000
281	0.01019
282	0.01481
283	0.00983
284	0.00983
285	0.00983
286	0.00983
287	0.01410
288	0.01091
289	0.01091
290	0.02877
291	0.02877
292	0.02877
293	0.02877
294	0.01042
295	0.00000
296	0.00718
297	0.00000
298	0.00000
299	0.00000
300	0.00000
301	0.00000
302	0.00000
303	0.00000
304	0.00000
305	0.00000
306	0.00000
307	0.00000
308	0.00000
309	0.00000
310	0.00000
311	0.00000
312	0.00000
313	0.00000
314	0.00000
315	0.00000
316	0.00000
317	0.00000
318	0.00000
319	0.00000
320	0.00000
321	0.00000
322	0.00000
323	0.00000
324	0.00000
325	0.00000
326	0.00000
327	0.00000
328	0.00000
329	0.00000
330	0.00000
331	0.00000
332	0.00000
333	0.00000
334	0.00000
335	0.00000
336	0.00000
337	0.00000
338	0.00000
339	0.00000
340	0.01199
341	0.01199
342	0.01349
343	0.01349
344	0.02198
345	0.02198
346	0.02198
347	0.00000
348	0.00000
349	0.00000
350	0.00000
351	0.00000
352	0.00000
353	0.00000
354	0.00000
355	0.00000
356	0.00000
357	0.00000
358	0.00000
359	0.00000
360	0.00000
361	0.00000
362	0.00000
363	0.00000
364	0.00000
365	0.00000
366	0.00000
367	0.00000
368	0.00000
369	0.00000
370	0.00000
371	0.00000
372	0.00000
373	0.00000
374	0.00000
375	0.00000
376	0.00000
377	0.00000
378	0.00000
379	0.00000
380	0.00000
381	0.00000
382	0.00000
383	0.00794
384	0.00794
385	0.00794
386	0.00794
387	0.00794
388	0.00794
389	0.00794
390	0.00000
391	0.00000
392	0.00000
393	0.00000
394	0.00000
395	0.00000
396	0.00000
397	0.00000
398	0.00000
399	0.00000
400	0.00000
401	0.00000
402	0.00000
403	0.00000
404	0.00000
405	0.00000
406	0.00000
407	0.00000
408	0.00000
409	0.00000
410	0.00000
411	0.00000
412	0.00000
413	0.00000
414	0.00000
415	0.00000
416	0.00000
417	0.00000
418	0.00000
419	0.00000
420	0.00000
421	0.00000
422	0.00000
423	0.00000
424	0.00000
425	0.00000
426	0.00000
427	0.00000
428	0.00000
429	0.00000
430	0.00000
431	0.00000
432	0.00000
433	0.00000
434	0.00000
435	0.00000
436	0.00000
437	0.00000
438	0.00000
439	0.00000
440	0.00000
441	0.00000
442	0.00000
443	0.00000
444	0.00000
445	0.00000
446	0.00000
447	0.00000
448	0.00000
449	0.00000
450	0.00000
451	0.00000
452	0.00000
453	0.00000
454	0.00000
455	0.00000
456	0.00000
457	0.00000
458	0.00000
459	0.00000
460	0.00000
461	0.00000
462	0.00000
463	0.00000
464	0.00000
465	0.00000
466	0.00000
467	0.00000
468	0.00000
469	0.00000
470	0.00000
471	0.00000
472	0.00000
473	0.00000
474	0.00000
475	0.00000
476	0.00000
477	0.00000
478	0.00000
479	0.00000
480	0.00000
481	0.00000
482	0.00000
483	0.00000
484	0.00000
485	0.00000
486	0.00000
487	0.00000
488	0.00000
489	0.00000
490	0.00000
491	0.00000
492	0.00000
493	0.00000
494	0.00000
495	0.00000
496	0.00000
497	0.00000
498	0.00000
499	0.00000
