0	0.02000
1	0.02000
2	0.02000
3	0.02000
4	0.02000
5	0.02000
6	0.02000
7	0.02000
8	0.02000
9	0.02000
10	0.02000
11	0.02000
12	0.02000
13	0.02000
14	0.02000
15	0.02500
16	0.02500
17	0.02500
18	0.02500
19	0.03000
20	0.03000
21	0.03000
22	0.03000
23	0.03000
24	0.03000
25	0.03000
26	0.03000
27	0.03000
28	0.03000
29	0.03000
30	0.03000
31	0.03000
32	0.03000
33	0.03000
34	0.03000
35	0.03000
36	0.03000
37	0.03000
38	0.03000
39	0.03000
40	0.03000
41	0.03000
42	0.03000
43	0.03000
44	0.03000
45	0.03000
46	0.03000
47	0.03500
48	0.03500
49	0.04000
50	0.04000
51	0.04000
52	0.04000
53	0.04000
54	0.04000
55	0.04000
56	0.04000
57	0.04000
58	0.04500
59	0.04500
60	0.04500
61	0.05000
62	0.05000
63	0.05000
64	0.05000
65	0.05000
66	0.05000
67	0.05000
68	0.05000
69	0.05000
70	0.05000
71	0.05000
72	0.05000
73	0.05000
74	0.05000
75	0.05000
76	0.06000
77	0.06000
78	0.06000
79	0.06000
80	0.06500
81	0.07000
82	0.07500
83	0.07500
84	0.07500
85	0.07500
86	0.07500
87	0.07500
88	0.08000
89	0.08500
90	0.08500
91	0.08500
92	0.08500
93	0.09000
94	0.09000
95	0.09000
96	0.09000
97	0.09000
98	0.09000
99	0.09500
100	0.09500
101	0.09500
102	0.09500
103	0.10000
104	0.10000
105	0.10000
106	0.10500
107	0.10500
108	0.11000
109	0.11500
110	0.11500
111	0.11500
112	0.11500
113	0.11500
114	0.12500
115	0.13000
116	0.13000
117	0.13000
118	0.13000
119	0.13500
120	0.13500
121	0.13500
122	0.13500
123	0.14000
124	0.14000
125	0.14500
126	0.15000
127	0.15000
128	0.15000
129	0.15500
130	0.15500
131	0.16000
132	0.16500
133	0.16500
134	0.16500
135	0.16500
136	0.17500
137	0.17500
138	0.17500
139	0.18500
140	0.18500
141	0.19000
142	0.19000
143	0.19500
144	0.19500
145	0.20000
146	0.20000
147	0.21000
148	0.21500
149	0.22500
150	0.23000
151	0.23500
152	0.23500
153	0.24000
154	0.24500
155	0.25000
156	0.25000
157	0.26000
158	0.26000
159	0.26000
160	0.26000
161	0.26000
162	0.26000
163	0.26500
164	0.26500
165	0.26500
166	0.27000
167	0.27000
168	0.27000
169	0.27500
170	0.27500
171	0.27500
172	0.27500
173	0.28000
174	0.29000
175	0.29500
176	0.30000
177	0.30000
178	0.30500
179	0.30500
180	0.30500
181	0.30500
182	0.31500
183	0.32000
184	0.32000
185	0.32000
186	0.32000
187	0.32500
188	0.32500
189	0.33000
190	0.33500
191	0.33500
192	0.33500
193	0.33500
194	0.33500
195	0.33500
196	0.34500
197	0.35500
198	0.35500
199	0.36000
200	0.36500
201	0.36500
202	0.36500
203	0.36500
204	0.37000
205	0.37500
206	0.38000
207	0.38500
208	0.38500
209	0.39000
210	0.40000
211	0.40500
212	0.41500
213	0.41500
214	0.42000
215	0.42000
216	0.42500
217	0.42500
218	0.42500
219	0.42500
220	0.44000
221	0.45000
222	0.45000
223	0.46000
224	0.47000
225	0.48000
226	0.48000
227	0.48500
228	0.49500
229	0.49500
230	0.51000
231	0.52000
232	0.52000
233	0.53000
234	0.53000
235	0.55000
236	0.55000
237	0.55500
238	0.55500
239	0.56000
240	0.57000
241	0.57000
242	0.57000
243	0.57500
244	0.58500
245	0.59500
246	0.59500
247	0.61500
248	0.61500
249	0.62000
250	0.62000
251	0.62500
252	0.62500
253	0.63000
254	0.63500
255	0.63500
256	0.64000
257	0.65000
258	0.66500
259	0.67000
260	0.67000
261	0.67000
262	0.67500
263	0.67500
264	0.69500
265	0.69500
266	0.69500
267	0.70500
268	0.70500
269	0.70500
270	0.71500
271	0.71500
272	0.72000
273	0.72000
274	0.72000
275	0.73000
276	0.73000
277	0.73000
278	0.73500
279	0.74500
280	0.75500
281	0.75500
282	0.75500
283	0.76000
284	0.76000
285	0.76500
286	0.77000
287	0.77500
288	0.78000
289	0.78000
290	0.78000
291	0.78000
292	0.78000
293	0.78500
294	0.79500
295	0.80000
296	0.80000
297	0.80000
298	0.80500
299	0.80500
300	0.80500
301	0.80500
302	0.80500
303	0.80500
304	0.81000
305	0.81000
306	0.81000
307	0.82000
308	0.82000
309	0.82000
310	0.82500
311	0.82500
312	0.83000
313	0.83000
314	0.83000
315	0.83500
316	0.83500
317	0.83500
318	0.84000
319	0.84000
320	0.84000
321	0.84500
322	0.84500
323	0.84500
324	0.84500
325	0.84500
326	0.84500
327	0.85500
328	0.85500
329	0.86000
330	0.86000
331	0.86000
332	0.86000
333	0.86000
334	0.86000
335	0.86500
336	0.86500
337	0.86500
338	0.87000
339	0.87000
340	0.87000
341	0.87000
342	0.87500
343	0.87500
344	0.87500
345	0.87500
346	0.87500
347	0.87500
348	0.87500
349	0.88000
350	0.89000
351	0.89500
352	0.89500
353	0.89500
354	0.89500
355	0.89500
356	0.89500
357	0.89500
358	0.89500
359	0.89500
360	0.89500
361	0.89500
362	0.89500
363	0.89500
364	0.89500
365	0.89500
366	0.89500
367	0.89500
368	0.89500
369	0.90000
370	0.90000
371	0.90000
372	0.90000
373	0.90000
374	0.90000
375	0.90000
376	0.90000
377	0.90000
378	0.90000
379	0.90000
380	0.90000
381	0.90500
382	0.90500
383	0.90500
384	0.90500
385	0.90500
386	0.90500
387	0.90500
388	0.90500
389	0.90500
390	0.90500
391	0.90500
392	0.90500
393	0.90500
394	0.90500
395	0.90500
396	0.90500
397	0.90500
398	0.90500
399	0.90500
400	0.90500
401	0.90500
402	0.90500
403	0.90500
404	0.90500
405	0.91000
406	0.91000
407	0.91000
408	0.91000
409	0.91000
410	0.91000
411	0.91000
412	0.91000
413	0.91000
414	0.91000
415	0.91500
416	0.91500
417	0.91500
418	0.91500
419	0.91500
420	0.91500
421	0.91500
422	0.91500
423	0.91500
424	0.91500
425	0.91500
426	0.91500
427	0.91500
428	0.91500
429	0.91500
430	0.91500
431	0.91500
432	0.91500
433	0.91500
434	0.91500
435	0.92000
436	0.92000
437	0.92000
438	0.92000
439	0.92000
440	0.92000
441	0.92000
442	0.92000
443	0.92000
444	0.92000
445	0.92000
446	0.92000
447	0.92000
448	0.92000
449	0.92000
450	0.92000
451	0.92000
452	0.92000
453	0.92000
454	0.92000
455	0.92000
456	0.92000
457	0.92000
458	0.92000
459	0.92000
460	0.92500
461	0.92500
462	0.92500
463	0.92500
464	0.93000
465	0.93000
466	0.93000
467	0.93000
468	0.93000
469	0.93000
470	0.93000
471	0.93000
472	0.93000
473	0.93000
474	0.93000
475	0.93000
476	0.93000
477	0.93000
478	0.93000
479	0.93000
480	0.93000
481	0.93000
482	0.93000
483	0.93000
484	0.93000
485	0.93000
486	0.93000
487	0.93000
488	0.93000
489	0.93000
490	0.93000
491	0.93000
492	0.93000
493	0.93000
494	0.93000
495	0.93000
496	0.93000
497	0.93000
498	0.93000
499	0.93000
