0	0.00000
1	0.00000
2	0.00000
3	0.00000
4	0.00000
5	0.00000
6	0.00000
7	0.00000
8	0.00000
9	0.00000
10	0.00000
11	0.00000
12	0.00000
13	0.00000
14	0.00000
15	0.00000
16	0.00000
17	0.00769
18	0.00769
19	0.00773
20	0.00773
21	0.03608
22	0.03608
23	0.03608
24	0.02835
25	0.02835
26	0.02835
27	0.02835
28	0.00000
29	0.00000
30	0.00000
31	0.00000
32	0.00000
33	0.00000
34	0.00000
35	0.00000
36	0.00000
37	0.00000
38	0.00000
39	0.00000
40	0.00000
41	0.00000
42	0.00000
43	0.00000
44	0.00000
45	0.00000
46	0.00000
47	0.00000
48	0.00000
49	0.01736
50	0.01736
51	0.04861
52	0.04861
53	0.04861
54	0.04861
55	0.04861
56	0.03125
57	0.03125
58	0.00000
59	0.00000
60	0.03927
61	0.03947
62	0.03947
63	0.09912
64	0.09912
65	0.09912
66	0.09912
67	0.05965
68	0.05965
69	0.05965
70	0.00000
71	0.00000
72	0.00000
73	0.00000
74	0.00000
75	0.00000
76	0.00000
77	0.00000
78	0.07181
79	0.07181
80	0.06684
81	0.05914
82	0.09730
83	0.10450
84	0.11532
85	0.07207
86	0.06847
87	0.06486
88	0.06522
89	0.03279
90	0.07650
91	0.10747
92	0.10747
93	0.10806
94	0.09982
95	0.14011
96	0.12363
97	0.07601
98	0.03480
99	0.03499
100	0.03499
101	0.06169
102	0.02670
103	0.02500
104	0.02500
105	0.05694
106	0.04888
107	0.04888
108	0.08333
109	0.08380
110	0.12100
111	0.16337
112	0.13418
113	0.12571
114	0.12238
115	0.07567
116	0.16657
117	0.16897
118	0.14693
119	0.14393
120	0.12418
121	0.15857
122	0.14990
123	0.06899
124	0.03169
125	0.05663
126	0.05559
127	0.09578
128	0.11637
129	0.11460
130	0.10706
131	0.13666
132	0.12032
133	0.11992
134	0.13459
135	0.09481
136	0.09010
137	0.08869
138	0.12737
139	0.12638
140	0.10808
141	0.11003
142	0.11003
143	0.12697
144	0.12697
145	0.08859
146	0.08714
147	0.12199
148	0.07633
149	0.15065
150	0.15541
151	0.23776
152	0.23755
153	0.23417
154	0.20261
155	0.20304
156	0.18033
157	0.20068
158	0.13727
159	0.17635
160	0.14612
161	0.13644
162	0.10997
163	0.08578
164	0.04671
165	0.06014
166	0.01866
167	0.01866
168	0.04350
169	0.04265
170	0.03977
171	0.05708
172	0.04857
173	0.04891
174	0.04901
175	0.06324
176	0.11889
177	0.14979
178	0.16281
179	0.15686
180	0.17752
181	0.15594
182	0.12803
183	0.08829
184	0.10025
185	0.08140
186	0.08140
187	0.06002
188	0.06002
189	0.08113
190	0.07949
191	0.06759
192	0.08170
193	0.08078
194	0.07853
195	0.07314
196	0.05625
197	0.05712
198	0.09248
199	0.09902
200	0.09980
201	0.12882
202	0.14709
203	0.13844
204	0.13403
205	0.08235
206	0.06935
207	0.07538
208	0.06683
209	0.06512
210	0.06259
211	0.07574
212	0.11607
213	0.10601
214	0.14101
215	0.12572
216	0.09478
217	0.09357
218	0.08597
219	0.06218
220	0.05260
221	0.02062
222	0.04402
223	0.06573
224	0.06697
225	0.08541
226	0.10044
227	0.13356
228	0.12337
229	0.11270
230	0.11381
231	0.10607
232	0.11344
233	0.11312
234	0.08390
235	0.08699
236	0.07218
237	0.08258
238	0.07707
239	0.07677
240	0.05105
241	0.05335
242	0.06924
243	0.05883
244	0.03646
245	0.03747
246	0.04468
247	0.07069
248	0.06263
249	0.09624
250	0.09273
251	0.09159
252	0.08257
253	0.08177
254	0.04902
255	0.05112
256	0.03161
257	0.03252
258	0.03058
259	0.05084
260	0.07663
261	0.08276
262	0.08123
263	0.06142
264	0.07179
265	0.05890
266	0.08923
267	0.07424
268	0.06326
269	0.07958
270	0.07764
271	0.06634
272	0.07151
273	0.03505
274	0.04423
275	0.03712
276	0.02211
277	0.03098
278	0.03156
279	0.01353
280	0.02565
281	0.04120
282	0.04701
283	0.04262
284	0.04104
285	0.04624
286	0.03920
287	0.03969
288	0.03316
289	0.03379
290	0.04081
291	0.03599
292	0.02923
293	0.02991
294	0.02074
295	0.03348
296	0.03206
297	0.03998
298	0.04101
299	0.03787
300	0.03693
301	0.03693
302	0.02427
303	0.01857
304	0.00517
305	0.00517
306	0.00809
307	0.00309
308	0.00309
309	0.01620
310	0.01349
311	0.01349
312	0.02238
313	0.01911
314	0.02321
315	0.02392
316	0.01369
317	0.01585
318	0.01635
319	0.00647
320	0.01444
321	0.01052
322	0.00806
323	0.02271
324	0.02271
325	0.02271
326	0.02271
327	0.01565
328	0.01565
329	0.01978
330	0.00357
331	0.00632
332	0.00632
333	0.00632
334	0.00632
335	0.00655
336	0.00285
337	0.00943
338	0.00683
339	0.00683
340	0.01785
341	0.01785
342	0.01635
343	0.01635
344	0.02259
345	0.02259
346	0.02259
347	0.01124
348	0.01124
349	0.01171
350	0.01277
351	0.00794
352	0.06468
353	0.06468
354	0.06468
355	0.06468
356	0.06468
357	0.06468
358	0.05675
359	0.00000
360	0.00000
361	0.00000
362	0.00000
363	0.00000
364	0.00000
365	0.00000
366	0.00000
367	0.00000
368	0.00000
369	0.00000
370	0.00000
371	0.00417
372	0.00417
373	0.00417
374	0.00417
375	0.00417
376	0.00417
377	0.00417
378	0.00000
379	0.00000
380	0.00000
381	0.00000
382	0.00000
383	0.01170
384	0.01170
385	0.01170
386	0.01170
387	0.01170
388	0.01170
389	0.01170
390	0.00000
391	0.00000
392	0.00000
393	0.00000
394	0.00000
395	0.00000
396	0.00000
397	0.00000
398	0.00000
399	0.00000
400	0.00000
401	0.00000
402	0.00000
403	0.00000
404	0.00000
405	0.00000
406	0.00000
407	0.00000
408	0.00000
409	0.00000
410	0.00000
411	0.00000
412	0.00000
413	0.00000
414	0.00000
415	0.00000
416	0.00000
417	0.00000
418	0.00000
419	0.00000
420	0.00000
421	0.00000
422	0.00000
423	0.00000
424	0.00000
425	0.00000
426	0.00000
427	0.00000
428	0.00000
429	0.00000
430	0.00000
431	0.00000
432	0.00000
433	0.00000
434	0.00000
435	0.00000
436	0.00000
437	0.00329
438	0.00329
439	0.00329
440	0.00329
441	0.00329
442	0.00329
443	0.00329
444	0.00000
445	0.00000
446	0.00000
447	0.00000
448	0.00000
449	0.00000
450	0.00000
451	0.00000
452	0.00000
453	0.00000
454	0.00000
455	0.00000
456	0.00000
457	0.00000
458	0.00000
459	0.00000
460	0.00000
461	0.00000
462	0.00000
463	0.00000
464	0.00000
465	0.00000
466	0.01709
467	0.01709
468	0.01709
469	0.01709
470	0.01709
471	0.01709
472	0.01709
473	0.00000
474	0.00000
475	0.00000
476	0.00000
477	0.00000
478	0.00000
479	0.00000
480	0.00000
481	0.00000
482	0.00000
483	0.00000
484	0.00000
485	0.00000
486	0.00000
487	0.00000
488	0.00000
489	0.00000
490	0.00000
491	0.00000
492	0.00000
493	0.00000
494	0.00000
495	0.00000
496	0.00000
497	0.00000
498	0.00000
499	0.00000
