0	0.00000
1	0.00000
2	0.00000
3	0.07609
4	0.33841
5	0.64144
6	0.98935
7	1.34012
8	1.34889
9	1.54994
10	1.49584
11	1.27945
12	1.04111
13	0.81206
14	0.63335
15	0.46708
16	0.33812
17	0.24430
18	0.18612
19	0.13990
20	0.11391
21	0.08756
22	0.06878
23	0.05594
24	0.04622
25	0.03660
26	0.02847
27	0.02096
28	0.01629
29	0.01211
30	0.00845
31	0.00341
32	0.00305
33	0.00178
34	0.00189
35	0.00165
36	0.00093
37	0.00073
38	0.00058
39	0.00011
40	0.00005
41	0.00011
42	0.00000
43	0.00000
44	0.00002
45	0.00002
46	0.00002
47	0.00002
48	0.00000
49	0.00000
50	0.00000
51	0.00000
52	0.00000
53	0.00000
54	0.00000
55	0.00000
56	0.00000
57	0.00000
58	0.00000
59	0.00000
60	0.00000
61	0.00000
62	0.00000
63	0.00000
64	0.00000
65	0.00000
66	0.00000
67	0.00000
68	0.00000
69	0.00000
70	0.00000
71	0.00000
72	0.00000
73	0.00000
74	0.00000
75	0.00000
76	0.00000
77	0.00000
78	0.00000
79	0.00000
80	0.00000
81	0.00000
82	0.00000
83	0.00000
84	0.00000
85	0.00000
86	0.00000
87	0.00000
88	0.00000
89	0.00000
90	0.00000
91	0.00000
92	0.00000
93	0.00000
94	0.00000
95	0.00000
96	0.00000
97	0.00000
98	0.00000
99	0.00000
