0	0.00000
1	0.00000
2	0.00050
3	0.00100
4	0.00050
5	0.00050
6	0.00050
7	0.00100
8	0.00100
9	0.00100
10	0.00200
11	0.00050
12	0.00000
13	0.00150
14	0.00300
15	0.00250
16	0.00250
17	0.00200
18	0.00150
19	0.00250
20	0.00450
21	0.00150
22	0.00550
23	0.00200
24	0.00250
25	0.00200
26	0.00100
27	0.00300
28	0.00450
29	0.00400
30	0.00700
31	0.00650
32	0.00700
33	0.01050
34	0.00600
35	0.00700
36	0.00700
37	0.00850
38	0.00800
39	0.00950
40	0.00800
41	0.00900
42	0.00950
43	0.00900
44	0.01200
45	0.01400
46	0.01200
47	0.01000
48	0.01350
49	0.01500
50	0.01500
51	0.01600
52	0.01650
53	0.01350
54	0.01400
55	0.01250
56	0.01500
57	0.01600
58	0.01900
59	0.01600
60	0.01200
61	0.02000
62	0.01800
63	0.01150
64	0.01550
65	0.01600
66	0.01550
67	0.01150
68	0.01300
69	0.01250
70	0.01450
71	0.00950
72	0.01500
73	0.01100
74	0.01000
75	0.01400
76	0.01050
77	0.01400
78	0.00900
79	0.01000
80	0.00850
81	0.01050
82	0.01100
83	0.00800
84	0.01200
85	0.00800
86	0.01700
87	0.00550
88	0.00900
89	0.01100
90	0.01000
91	0.00600
92	0.01300
93	0.00800
94	0.00650
95	0.00650
96	0.00550
97	0.00600
98	0.00600
99	0.00450
100	0.00800
101	0.00550
102	0.00700
103	0.00500
104	0.00600
105	0.00400
106	0.00450
107	0.00250
108	0.00300
109	0.00450
110	0.00150
111	0.00500
112	0.00550
113	0.00200
114	0.00450
115	0.00400
116	0.00300
117	0.00150
118	0.00350
119	0.00300
120	0.00300
121	0.00350
122	0.00250
123	0.00150
124	0.00400
125	0.00050
126	0.00200
127	0.00250
128	0.00100
129	0.00150
130	0.00200
131	0.00250
132	0.00150
133	0.00200
134	0.00150
135	0.00250
136	0.00100
137	0.00100
138	0.00100
139	0.00050
140	0.00150
141	0.00050
142	0.00150
143	0.00100
144	0.00000
145	0.00150
146	0.00150
147	0.00100
148	0.00250
149	0.00250
150	0.00000
151	0.00050
152	0.00050
153	0.00100
154	0.00050
155	0.00150
156	0.00050
157	0.00050
158	0.00050
159	0.00050
160	0.00000
161	0.00050
162	0.00000
163	0.00050
164	0.00050
165	0.00050
166	0.00000
167	0.00050
168	0.00000
169	0.00000
170	0.00050
171	0.00000
172	0.00000
173	0.00000
174	0.00050
175	0.00050
176	0.00000
177	0.00000
178	0.00000
179	0.00150
