0	0.00500
1	0.00500
2	0.00550
3	0.00650
4	0.00700
5	0.00750
6	0.00800
7	0.00900
8	0.01000
9	0.01100
10	0.01300
11	0.01350
12	0.01350
13	0.01500
14	0.01800
15	0.02050
16	0.02300
17	0.02500
18	0.02650
19	0.02900
20	0.03350
21	0.03500
22	0.04050
23	0.04250
24	0.04500
25	0.04700
26	0.04800
27	0.05100
28	0.05550
29	0.05950
30	0.06650
31	0.07300
32	0.08000
33	0.09050
34	0.09650
35	0.10350
36	0.11050
37	0.11900
38	0.12700
39	0.13650
40	0.14450
41	0.15350
42	0.16300
43	0.17200
44	0.18400
45	0.19800
46	0.21000
47	0.22000
48	0.23350
49	0.24850
50	0.26350
51	0.27950
52	0.29600
53	0.30950
54	0.32350
55	0.33600
56	0.35100
57	0.36700
58	0.38600
59	0.40200
60	0.41400
61	0.43400
62	0.45200
63	0.46350
64	0.47900
65	0.49500
66	0.51050
67	0.52200
68	0.53500
69	0.54750
70	0.56200
71	0.57150
72	0.58650
73	0.59750
74	0.60750
75	0.62150
76	0.63200
77	0.64600
78	0.65500
79	0.66500
80	0.67350
81	0.68400
82	0.69500
83	0.70300
84	0.71500
85	0.72300
86	0.74000
87	0.74550
88	0.75450
89	0.76550
90	0.77550
91	0.78150
92	0.79450
93	0.80250
94	0.80900
95	0.81550
96	0.82100
97	0.82700
98	0.83300
99	0.83750
100	0.84550
101	0.85100
102	0.85800
103	0.86300
104	0.86900
105	0.87300
106	0.87750
107	0.88000
108	0.88300
109	0.88750
110	0.88900
111	0.89400
112	0.89950
113	0.90150
114	0.90600
115	0.91000
116	0.91300
117	0.91450
118	0.91800
119	0.92100
120	0.92400
121	0.92750
122	0.93000
123	0.93150
124	0.93550
125	0.93600
126	0.93800
127	0.94050
128	0.94150
129	0.94300
130	0.94500
131	0.94750
132	0.94900
133	0.95100
134	0.95250
135	0.95500
136	0.95600
137	0.95700
138	0.95800
139	0.95850
140	0.96000
141	0.96050
142	0.96200
143	0.96300
144	0.96300
145	0.96450
146	0.96600
147	0.96700
148	0.96950
149	0.97200
150	0.97200
151	0.97250
152	0.97300
153	0.97400
154	0.97450
155	0.97600
156	0.97650
157	0.97700
158	0.97750
159	0.97800
160	0.97800
161	0.97850
162	0.97850
163	0.97900
164	0.97950
165	0.98000
166	0.98000
167	0.98050
168	0.98050
169	0.98050
170	0.98100
171	0.98100
172	0.98100
173	0.98100
174	0.98150
175	0.98200
176	0.98200
177	0.98200
178	0.98200
179	0.98350
