0	0.00000
1	0.00000
2	0.00000
3	0.00000
4	0.01200
5	0.02905
6	0.04141
7	0.06652
8	0.06726
9	0.07933
10	0.10676
11	0.12292
12	0.14168
13	0.13255
14	0.10785
15	0.16786
16	0.25512
17	0.27213
18	0.28028
19	0.32200
20	0.32835
21	0.33221
22	0.38319
23	0.39331
24	0.46204
25	0.45785
26	0.43175
27	0.39768
28	0.38011
29	0.38032
30	0.42908
31	0.43346
32	0.55408
33	0.56952
34	0.59241
35	0.63703
36	0.55717
37	0.50930
38	0.46820
39	0.42383
40	0.40177
41	0.41054
42	0.38415
43	0.39355
44	0.38556
45	0.34632
46	0.33432
47	0.37860
48	0.35628
49	0.32905
50	0.29806
51	0.27748
52	0.26603
53	0.25711
54	0.24021
55	0.23280
56	0.21970
57	0.20717
58	0.19081
59	0.17819
60	0.17050
61	0.16740
62	0.15219
63	0.15928
64	0.15483
65	0.14435
66	0.14277
67	0.14014
68	0.13521
69	0.12264
70	0.11200
71	0.10679
72	0.10284
73	0.09320
74	0.09276
75	0.08942
76	0.08175
77	0.08470
78	0.08106
79	0.07941
80	0.07714
81	0.07082
82	0.06563
83	0.06553
84	0.06492
85	0.05859
86	0.06219
87	0.05736
88	0.06136
89	0.05539
90	0.05245
91	0.05271
92	0.05027
93	0.04722
94	0.05161
95	0.04829
96	0.04674
97	0.04369
98	0.04245
99	0.03891
100	0.03730
101	0.03282
102	0.03433
103	0.03258
104	0.03241
105	0.02822
106	0.02739
107	0.02635
108	0.02396
109	0.02262
110	0.02159
111	0.01902
112	0.01615
113	0.01754
114	0.01923
115	0.01833
116	0.01913
117	0.01834
118	0.01854
119	0.01830
120	0.01639
121	0.01463
122	0.01518
123	0.01494
124	0.01371
125	0.01171
126	0.01093
127	0.00978
128	0.00944
129	0.00847
130	0.00764
131	0.00758
132	0.00894
133	0.00934
134	0.00936
135	0.00976
136	0.01013
137	0.00977
138	0.00962
139	0.00902
140	0.01006
141	0.00954
142	0.00785
143	0.00517
144	0.00680
145	0.00659
146	0.00602
147	0.00603
148	0.00705
149	0.00778
150	0.00966
151	0.00831
152	0.00583
153	0.00585
154	0.00490
155	0.00374
156	0.00353
157	0.00213
158	0.00153
159	0.00175
160	0.00274
161	0.00256
162	0.00239
163	0.00224
164	0.00157
165	0.00174
166	0.00189
167	0.00133
168	0.00121
169	0.00128
170	0.00104
171	0.00104
172	0.00128
173	0.00117
174	0.00058
175	0.00060
176	0.00041
177	0.00076
178	0.00076
179	0.00038
