0	0.00000
1	0.00000
2	0.00000
3	0.00123
4	0.02585
5	0.36525
6	0.68044
7	0.98553
8	1.25563
9	1.34899
10	1.46586
11	1.40378
12	1.30922
13	1.11740
14	0.90464
15	0.68337
16	0.54716
17	0.41088
18	0.30889
19	0.23990
20	0.18724
21	0.14230
22	0.11431
23	0.08989
24	0.07564
25	0.06187
26	0.04991
27	0.04021
28	0.03482
29	0.03076
30	0.02595
31	0.02097
32	0.01897
33	0.01705
34	0.01464
35	0.01239
36	0.00989
37	0.00871
38	0.00550
39	0.00242
40	0.00148
41	0.00093
42	0.00022
43	0.00004
44	0.00000
45	0.00000
46	0.00000
47	0.00000
48	0.00000
49	0.00000
50	0.00000
51	0.00000
52	0.00000
53	0.00000
54	0.00000
55	0.00000
56	0.00000
57	0.00000
58	0.00000
59	0.00000
60	0.00000
61	0.00000
62	0.00000
63	0.00000
64	0.00000
65	0.00000
66	0.00000
67	0.00000
68	0.00000
69	0.00000
70	0.00000
71	0.00000
72	0.00000
73	0.00000
74	0.00000
75	0.00000
76	0.00000
77	0.00000
78	0.00000
79	0.00000
80	0.00000
81	0.00000
82	0.00000
83	0.00000
84	0.00000
85	0.00000
86	0.00000
87	0.00000
88	0.00000
89	0.00000
90	0.00000
91	0.00000
92	0.00000
93	0.00000
94	0.00000
95	0.00000
96	0.00000
97	0.00000
98	0.00000
99	0.00000
