0	0.00500
1	0.00550
2	0.00800
3	0.01450
4	0.02750
5	0.04800
6	0.07850
7	0.11700
8	0.17350
9	0.22950
10	0.29400
11	0.35800
12	0.41850
13	0.45850
14	0.51400
15	0.55000
16	0.58400
17	0.61250
18	0.63550
19	0.64800
20	0.66350
21	0.67400
22	0.68450
23	0.69100
24	0.69550
25	0.69800
26	0.70250
27	0.70550
28	0.70700
29	0.70950
30	0.71250
31	0.71450
32	0.71550
33	0.71650
34	0.71700
35	0.71750
36	0.71750
37	0.71750
38	0.71850
39	0.71850
40	0.71850
41	0.71850
42	0.71850
43	0.71850
44	0.71850
45	0.71900
46	0.71900
47	0.71900
48	0.71900
49	0.71900
50	0.71900
51	0.71900
52	0.71900
53	0.71900
54	0.71900
55	0.71900
56	0.71900
57	0.71900
58	0.71900
59	0.71900
60	0.71900
61	0.71900
62	0.71900
63	0.71900
64	0.71900
65	0.71900
66	0.71900
67	0.71900
68	0.71900
69	0.71900
70	0.71900
71	0.71900
72	0.71900
73	0.71900
74	0.71900
75	0.71900
76	0.71900
77	0.71900
78	0.71900
79	0.71900
80	0.71900
81	0.71900
82	0.71900
83	0.71900
84	0.71900
85	0.71900
86	0.71900
87	0.71900
88	0.71900
89	0.71900
90	0.71900
91	0.71900
92	0.71900
93	0.71900
94	0.71900
95	0.71900
96	0.71900
97	0.71900
98	0.71900
99	0.71900
