0	0.01000
1	0.01500
2	0.02000
3	0.02900
4	0.04000
5	0.06500
6	0.10000
7	0.14500
8	0.19500
9	0.24400
10	0.31700
11	0.40500
12	0.50200
13	0.60500
14	0.67100
15	0.73700
16	0.78000
17	0.81800
18	0.84400
19	0.86000
20	0.87000
21	0.88700
22	0.89600
23	0.90300
24	0.91000
25	0.91300
26	0.91500
27	0.91800
28	0.91900
29	0.91900
30	0.92000
31	0.92000
32	0.92000
33	0.92000
34	0.92000
35	0.92000
36	0.92100
37	0.92100
38	0.92100
39	0.92100
40	0.92200
41	0.92200
42	0.92200
43	0.92300
44	0.92300
45	0.92400
46	0.92400
47	0.92600
48	0.92600
49	0.92600
50	0.92600
51	0.92600
52	0.92600
53	0.92600
54	0.92600
55	0.92600
56	0.92600
57	0.92600
58	0.92600
59	0.92600
60	0.92600
61	0.92600
62	0.92600
63	0.92600
64	0.92600
65	0.92600
66	0.92600
67	0.92600
68	0.92600
69	0.92600
70	0.92600
71	0.92600
72	0.92600
73	0.92600
74	0.92600
75	0.92600
76	0.92600
77	0.92600
78	0.92600
79	0.92600
80	0.92600
81	0.92600
82	0.92600
83	0.92700
84	0.92700
85	0.92700
86	0.92700
87	0.92700
88	0.92700
89	0.92700
90	0.92700
91	0.92700
92	0.92800
93	0.92800
94	0.92800
95	0.92900
96	0.92900
97	0.92900
98	0.92900
99	0.92900
100	0.92900
101	0.92900
102	0.92900
103	0.92900
104	0.92900
105	0.92900
106	0.92900
107	0.92900
108	0.92900
109	0.92900
110	0.92900
111	0.92900
112	0.92900
113	0.92900
114	0.92900
115	0.92900
116	0.92900
117	0.92900
118	0.92900
119	0.92900
120	0.92900
121	0.92900
122	0.92900
123	0.92900
124	0.92900
125	0.92900
126	0.92900
127	0.92900
128	0.92900
129	0.92900
130	0.92900
131	0.92900
132	0.92900
133	0.93000
134	0.93000
135	0.93000
136	0.93000
137	0.93000
138	0.93000
139	0.93000
140	0.93000
141	0.93000
142	0.93000
143	0.93000
144	0.93000
145	0.93000
146	0.93000
147	0.93000
148	0.93000
149	0.93000
150	0.93000
151	0.93000
152	0.93000
153	0.93000
154	0.93000
155	0.93000
156	0.93000
157	0.93000
158	0.93000
159	0.93000
160	0.93000
161	0.93000
162	0.93000
163	0.93000
164	0.93000
165	0.93000
166	0.93000
167	0.93000
168	0.93000
169	0.93000
170	0.93000
171	0.93000
172	0.93000
173	0.93000
174	0.93000
175	0.93000
176	0.93000
177	0.93000
178	0.93000
179	0.93000
180	0.93000
181	0.93000
182	0.93000
183	0.93000
184	0.93000
185	0.93000
186	0.93000
187	0.93000
188	0.93000
189	0.93000
190	0.93000
191	0.93000
192	0.93000
193	0.93000
194	0.93000
195	0.93000
196	0.93000
197	0.93000
198	0.93000
199	0.93000
