0	0.00000
1	0.00000
2	0.00000
3	0.23565
4	0.43349
5	0.69635
6	0.85603
7	1.29276
8	1.54791
9	1.63237
10	1.71192
11	1.68789
12	1.82135
13	1.91922
14	1.94689
15	1.95998
16	1.77593
17	1.66739
18	1.53303
19	1.41296
20	1.29503
21	1.18652
22	1.08208
23	1.01595
24	0.94622
25	0.86486
26	0.81433
27	0.76241
28	0.71986
29	0.67983
30	0.64374
31	0.60274
32	0.57277
33	0.54747
34	0.52493
35	0.50019
36	0.48176
37	0.46260
38	0.44799
39	0.42335
40	0.40871
41	0.39730
42	0.38462
43	0.37384
44	0.36257
45	0.35278
46	0.34258
47	0.33192
48	0.32335
49	0.31365
50	0.30692
51	0.29759
52	0.29085
53	0.28439
54	0.27872
55	0.27204
56	0.26667
57	0.26025
58	0.25723
59	0.25130
60	0.24550
61	0.24175
62	0.23662
63	0.23272
64	0.22864
65	0.22486
66	0.22166
67	0.21747
68	0.21379
69	0.21071
70	0.20776
71	0.20311
72	0.20060
73	0.19759
74	0.19558
75	0.19321
76	0.18951
77	0.18701
78	0.18522
79	0.18264
80	0.17974
81	0.17741
82	0.17470
83	0.16189
84	0.15979
85	0.15809
86	0.15680
87	0.15459
88	0.15276
89	0.15097
90	0.14840
91	0.14706
92	0.14733
93	0.14523
94	0.14372
95	0.14156
96	0.14013
97	0.13913
98	0.13772
99	0.13591
100	0.13424
101	0.13272
102	0.13194
103	0.13102
104	0.12965
105	0.12755
106	0.12602
107	0.12538
108	0.12444
109	0.12324
110	0.12238
111	0.12116
112	0.11985
113	0.11873
114	0.11774
115	0.11651
116	0.11598
117	0.11435
118	0.11280
119	0.11193
120	0.11128
121	0.11070
122	0.10963
123	0.10884
124	0.10769
125	0.10711
126	0.10624
127	0.10558
128	0.10468
129	0.10378
130	0.10333
131	0.10212
132	0.10089
133	0.09705
134	0.09590
135	0.09501
136	0.09417
137	0.09385
138	0.09324
139	0.09247
140	0.09189
141	0.09126
142	0.09051
143	0.09032
144	0.08908
145	0.08908
146	0.08897
147	0.08807
148	0.08779
149	0.08697
150	0.08594
151	0.08519
152	0.08458
153	0.08413
154	0.08310
155	0.08310
156	0.08178
157	0.08092
158	0.08024
159	0.08009
160	0.07964
161	0.07919
162	0.07868
163	0.07793
164	0.07765
165	0.07683
166	0.07683
167	0.07631
168	0.07593
169	0.07567
170	0.07552
171	0.07508
172	0.07451
173	0.07441
174	0.07415
175	0.07363
176	0.07300
177	0.07291
178	0.07196
179	0.07133
180	0.07089
181	0.07067
182	0.06994
183	0.06980
184	0.06939
185	0.06901
186	0.06901
187	0.06878
188	0.06809
189	0.06765
190	0.06755
191	0.06732
192	0.06709
193	0.06695
194	0.06687
195	0.06621
196	0.06575
197	0.06530
198	0.06512
199	0.06501
