0	0.00000
1	0.00500
2	0.00000
3	0.00000
4	0.00500
5	0.00000
6	0.00000
7	0.00000
8	0.00000
9	0.00000
10	0.00000
11	0.00000
12	0.00000
13	0.00000
14	0.00000
15	0.00000
16	0.00000
17	0.00000
18	0.00500
19	0.00000
20	0.01000
21	0.00000
22	0.00000
23	0.00000
24	0.00000
25	0.00000
26	0.00000
27	0.00000
28	0.00000
29	0.00000
30	0.00000
31	0.00000
32	0.00000
33	0.00000
34	0.00000
35	0.01000
36	0.00000
37	0.00000
38	0.00000
39	0.00000
40	0.00000
41	0.00000
42	0.00000
43	0.00000
44	0.00500
45	0.00500
46	0.01000
47	0.00000
48	0.00000
49	0.01500
50	0.00000
51	0.00500
52	0.00500
53	0.00000
54	0.00000
55	0.00000
56	0.00500
57	0.00500
58	0.00000
59	0.00000
60	0.00000
61	0.00000
62	0.00500
63	0.00000
64	0.00500
65	0.00500
66	0.00500
67	0.00500
68	0.01000
69	0.00000
70	0.00000
71	0.00500
72	0.00500
73	0.00000
74	0.01000
75	0.00500
76	0.00000
77	0.01500
78	0.02000
79	0.00500
80	0.00000
81	0.00500
82	0.00000
83	0.00500
84	0.00000
85	0.00000
86	0.01000
87	0.00500
88	0.00000
89	0.00500
90	0.00000
91	0.00500
92	0.01000
93	0.00500
94	0.01000
95	0.01000
96	0.02000
97	0.00000
98	0.00000
99	0.01000
100	0.00000
101	0.00500
102	0.00500
103	0.01000
104	0.00500
105	0.00500
106	0.00500
107	0.02000
108	0.00500
109	0.01500
110	0.01000
111	0.00000
112	0.00000
113	0.00000
114	0.00500
115	0.00500
116	0.01000
117	0.01000
118	0.00500
119	0.01500
120	0.00000
121	0.00500
122	0.00500
123	0.01500
124	0.00000
125	0.02000
126	0.00500
127	0.00500
128	0.00000
129	0.01500
130	0.00500
131	0.00500
132	0.00500
133	0.00000
134	0.00000
135	0.02000
136	0.00500
137	0.00000
138	0.00500
139	0.01000
140	0.00000
141	0.00000
142	0.01000
143	0.00000
144	0.00000
145	0.00500
146	0.00500
147	0.01000
148	0.00000
149	0.01500
150	0.00000
151	0.00000
152	0.00500
153	0.01000
154	0.00000
155	0.00500
156	0.00000
157	0.00000
158	0.00500
159	0.00000
160	0.00500
161	0.00000
162	0.00500
163	0.00500
164	0.01000
165	0.00000
166	0.01000
167	0.00000
168	0.00000
169	0.00000
170	0.00000
171	0.00000
172	0.00000
173	0.00000
174	0.00000
175	0.00000
176	0.00000
177	0.00500
178	0.00000
179	0.00500
180	0.00000
181	0.00000
182	0.00000
183	0.00000
184	0.00000
185	0.00000
186	0.00000
187	0.00500
188	0.00000
189	0.00000
190	0.00000
191	0.00500
192	0.00000
193	0.00000
194	0.00500
195	0.00500
196	0.00000
197	0.00000
198	0.00000
199	0.00000
