0	0.00000
1	0.00000
2	0.00000
3	0.21950
4	0.22064
5	0.22064
6	0.42832
7	0.42832
8	0.42832
9	0.42832
10	0.42832
11	0.42832
12	0.42832
13	0.42832
14	0.42832
15	0.42832
16	0.42832
17	0.42832
18	0.42535
19	0.39800
20	0.44825
21	0.44825
22	0.82544
23	0.75614
24	0.75614
25	0.75614
26	0.75614
27	0.75614
28	0.75614
29	0.75614
30	0.75614
31	0.75614
32	0.75614
33	0.75614
34	0.75614
35	0.72739
36	0.68595
37	1.02159
38	1.02159
39	1.02159
40	1.02159
41	0.94885
42	0.94885
43	0.94885
44	0.95125
45	0.93217
46	0.96155
47	1.00114
48	1.14882
49	1.14909
50	1.14909
51	1.30953
52	1.28960
53	1.26177
54	1.28357
55	1.23588
56	1.23713
57	1.17356
58	1.22891
59	1.23467
60	1.23467
61	1.23467
62	1.16624
63	1.12377
64	1.17797
65	1.17746
66	1.23838
67	1.21257
68	1.19406
69	1.16840
70	1.23866
71	1.22731
72	1.22916
73	1.27371
74	1.30854
75	1.30700
76	1.36310
77	1.34041
78	1.31839
79	1.46669
80	1.61853
81	1.65155
82	1.59867
83	1.58976
84	1.51244
85	1.54260
86	1.50267
87	1.42172
88	1.46196
89	1.52072
90	1.48006
91	1.46598
92	1.44825
93	1.46152
94	1.56896
95	1.58046
96	1.64596
97	1.78811
98	1.98966
99	1.90810
100	1.81288
101	1.91179
102	1.82587
103	1.79291
104	1.70998
105	1.80076
106	1.73499
107	1.73014
108	1.75304
109	1.77273
110	1.75268
111	1.82867
112	1.86071
113	1.81462
114	1.75230
115	1.72830
116	1.76666
117	1.69492
118	1.72388
119	1.72810
120	1.70907
121	1.78398
122	1.70989
123	1.68612
124	1.67973
125	1.72837
126	1.67444
127	1.70956
128	1.69392
129	1.67761
130	1.64444
131	1.69765
132	1.66272
133	1.63520
134	1.63367
135	1.62096
136	1.57895
137	1.74304
138	1.70483
139	1.68618
140	1.63108
141	1.67389
142	1.65606
143	1.65030
144	1.59039
145	1.56457
146	1.56035
147	1.52104
148	1.47992
149	1.49495
150	1.44891
151	1.50682
152	1.47358
153	1.46246
154	1.46222
155	1.43131
156	1.39621
157	1.42079
158	1.39083
159	1.37720
160	1.39225
161	1.33047
162	1.32211
163	1.29082
164	1.28973
165	1.28250
166	1.27889
167	1.26610
168	1.31290
169	1.29081
170	1.27584
171	1.24334
172	1.23953
173	1.21074
174	1.19693
175	1.16659
176	1.15368
177	1.13511
178	1.11490
179	1.10661
180	1.07503
181	1.07072
182	1.05919
183	1.03908
184	1.03363
185	1.01541
186	1.00382
187	0.99762
188	0.99513
189	0.98761
190	0.98070
191	0.97440
192	0.97627
193	0.98975
194	0.97814
195	0.96813
196	0.95455
197	0.97087
198	0.95205
199	0.94658
