0	0.00000
1	0.00000
2	0.00000
3	0.01795
4	0.01804
5	0.01804
6	0.03866
7	0.03866
8	0.03866
9	0.03866
10	0.03866
11	0.03866
12	0.03866
13	0.03866
14	0.03866
15	0.03866
16	0.03866
17	0.03866
18	0.03368
19	0.03368
20	0.04188
21	0.04188
22	0.10733
23	0.09686
24	0.09686
25	0.09686
26	0.09686
27	0.09686
28	0.09686
29	0.09686
30	0.09686
31	0.09686
32	0.09686
33	0.09686
34	0.09686
35	0.08730
36	0.08730
37	0.16931
38	0.16931
39	0.16931
40	0.16931
41	0.15344
42	0.15344
43	0.15344
44	0.15426
45	0.15152
46	0.16667
47	0.19910
48	0.29910
49	0.29304
50	0.29304
51	0.42726
52	0.42130
53	0.43426
54	0.47315
55	0.45648
56	0.45345
57	0.42228
58	0.45599
59	0.50562
60	0.50562
61	0.50562
62	0.47740
63	0.46328
64	0.53598
65	0.53333
66	0.58525
67	0.59634
68	0.61209
69	0.62281
70	0.73587
71	0.72843
72	0.73077
73	0.76529
74	0.83633
75	0.84137
76	0.93173
77	0.94274
78	0.91929
79	1.05274
80	1.21624
81	1.22718
82	1.19745
83	1.19444
84	1.14957
85	1.21688
86	1.17045
87	1.12800
88	1.17974
89	1.22807
90	1.19518
91	1.18874
92	1.18456
93	1.21959
94	1.32135
95	1.37211
96	1.42798
97	1.53869
98	1.70155
99	1.63925
100	1.56316
101	1.65182
102	1.60025
103	1.53408
104	1.49699
105	1.60770
106	1.55573
107	1.57323
108	1.57209
109	1.60921
110	1.59904
111	1.69780
112	1.73099
113	1.70207
114	1.64333
115	1.61821
116	1.64729
117	1.58377
118	1.62032
119	1.59054
120	1.60856
121	1.71333
122	1.65826
123	1.62972
124	1.62399
125	1.67428
126	1.61000
127	1.66976
128	1.66393
129	1.66681
130	1.61838
131	1.67647
132	1.65299
133	1.62196
134	1.61398
135	1.58479
136	1.56835
137	1.71292
138	1.67102
139	1.64981
140	1.62849
141	1.67345
142	1.64286
143	1.62526
144	1.59263
145	1.56262
146	1.54550
147	1.49804
148	1.45158
149	1.47404
150	1.43638
151	1.49763
152	1.48221
153	1.45003
154	1.45679
155	1.44809
156	1.41267
157	1.44375
158	1.40270
159	1.38834
160	1.35874
161	1.34090
162	1.33026
163	1.27345
164	1.28724
165	1.28017
166	1.28718
167	1.26701
168	1.30717
169	1.28695
170	1.26751
171	1.24443
172	1.23828
173	1.21998
174	1.20614
175	1.18203
176	1.16921
177	1.15076
178	1.13722
179	1.12913
180	1.10396
181	1.10069
182	1.08246
183	1.05629
184	1.05152
185	1.03860
186	1.03066
187	1.00159
188	0.99316
189	0.98249
190	0.97523
191	0.97760
192	0.96706
193	0.98020
194	0.97082
195	0.95269
196	0.95426
197	0.96111
198	0.95348
199	0.94783
