0	0.00000
1	0.00000
2	0.00000
3	0.08819
4	0.36356
5	0.66369
6	1.01180
7	1.28866
8	1.34056
9	1.47188
10	1.42329
11	1.32523
12	1.13522
13	0.92556
14	0.69675
15	0.53069
16	0.40184
17	0.29518
18	0.21962
19	0.16391
20	0.13259
21	0.10689
22	0.08656
23	0.07075
24	0.05945
25	0.05094
26	0.04211
27	0.03543
28	0.03116
29	0.02853
30	0.02397
31	0.02024
32	0.01517
33	0.01256
34	0.00966
35	0.00771
36	0.00563
37	0.00312
38	0.00153
39	0.00115
40	0.00032
41	0.00012
42	0.00000
43	0.00000
44	0.00000
45	0.00000
46	0.00000
47	0.00000
48	0.00000
49	0.00000
50	0.00000
51	0.00000
52	0.00000
53	0.00000
54	0.00000
55	0.00000
56	0.00000
57	0.00000
58	0.00000
59	0.00000
60	0.00000
61	0.00000
62	0.00000
63	0.00000
64	0.00000
65	0.00000
66	0.00000
67	0.00000
68	0.00000
69	0.00000
70	0.00000
71	0.00000
72	0.00000
73	0.00000
74	0.00000
75	0.00000
76	0.00000
77	0.00000
78	0.00000
79	0.00000
80	0.00000
81	0.00000
82	0.00000
83	0.00000
84	0.00000
85	0.00000
86	0.00000
87	0.00000
88	0.00000
89	0.00000
90	0.00000
91	0.00000
92	0.00000
93	0.00000
94	0.00000
95	0.00000
96	0.00000
97	0.00000
98	0.00000
99	0.00000
