0	0.00000
1	0.00000
2	0.00000
3	0.06928
4	0.18039
5	0.37317
6	0.65163
7	1.01727
8	1.19531
9	1.38319
10	1.36643
11	1.30993
12	1.15099
13	0.95166
14	0.71840
15	0.54436
16	0.41024
17	0.30425
18	0.22680
19	0.16900
20	0.13817
21	0.11156
22	0.09030
23	0.07386
24	0.05924
25	0.04913
26	0.04073
27	0.03210
28	0.02768
29	0.02381
30	0.01950
31	0.01637
32	0.01295
33	0.01134
34	0.00903
35	0.00737
36	0.00671
37	0.00468
38	0.00365
39	0.00288
40	0.00210
41	0.00165
42	0.00115
43	0.00000
44	0.00000
45	0.00000
46	0.00000
47	0.00000
48	0.00000
49	0.00000
50	0.00000
51	0.00000
52	0.00000
53	0.00000
54	0.00049
55	0.00049
56	0.00049
57	0.00049
58	0.00049
59	0.00049
60	0.00049
61	0.00000
62	0.00000
63	0.00000
64	0.00000
65	0.00000
66	0.00000
67	0.00000
68	0.00000
69	0.00000
70	0.00000
71	0.00000
72	0.00000
73	0.00000
74	0.00000
75	0.00000
76	0.00000
77	0.00000
78	0.00000
79	0.00000
80	0.00000
81	0.00000
82	0.00000
83	0.00000
84	0.00000
85	0.00000
86	0.00000
87	0.00000
88	0.00000
89	0.00000
90	0.00000
91	0.00000
92	0.00000
93	0.00000
94	0.00000
95	0.00000
96	0.00000
97	0.00000
98	0.00000
99	0.00000
