0	0.00500
1	0.01500
2	0.03700
3	0.10250
4	0.23400
5	0.37450
6	0.44350
7	0.47100
8	0.48200
9	0.48500
10	0.48800
11	0.48850
12	0.48900
13	0.48900
14	0.48900
15	0.48900
16	0.48900
17	0.48900
18	0.48900
19	0.48900
20	0.48900
21	0.48900
22	0.48900
23	0.48900
24	0.48900
25	0.48900
26	0.48900
27	0.48900
28	0.48900
29	0.48900
30	0.48900
31	0.48900
32	0.48900
33	0.48900
34	0.48900
35	0.48900
36	0.48900
37	0.48900
38	0.48900
39	0.48900
40	0.48900
41	0.48900
42	0.48900
43	0.48900
44	0.48900
45	0.48900
46	0.48900
47	0.48900
48	0.48900
49	0.48900
50	0.48900
51	0.48900
52	0.48900
53	0.48900
54	0.48900
55	0.48900
56	0.48900
57	0.48900
58	0.48900
59	0.48900
60	0.48900
61	0.48900
62	0.48900
63	0.48900
64	0.48900
65	0.48900
66	0.48900
67	0.48900
68	0.48900
69	0.48900
70	0.48900
71	0.48900
72	0.48900
73	0.48900
74	0.48900
75	0.48900
76	0.48900
77	0.48900
78	0.48900
79	0.48900
80	0.48900
81	0.48900
82	0.48900
83	0.48900
84	0.48900
85	0.48900
86	0.48900
87	0.48900
88	0.48900
89	0.48900
90	0.48900
91	0.48900
92	0.48900
93	0.48900
94	0.48900
95	0.48900
96	0.48900
97	0.48900
98	0.48900
99	0.48900
100	0.48900
101	0.48900
102	0.48900
103	0.48900
104	0.48900
105	0.48900
106	0.48900
107	0.48900
108	0.48900
109	0.48900
110	0.48900
111	0.48900
112	0.48900
113	0.48900
114	0.48900
115	0.48900
116	0.48900
117	0.48900
118	0.48900
119	0.48900
120	0.48900
121	0.48900
122	0.48900
123	0.48900
124	0.48900
125	0.48900
126	0.48900
127	0.48900
128	0.48900
129	0.48900
130	0.48900
131	0.48900
132	0.48900
133	0.48900
134	0.48900
135	0.48900
136	0.48900
137	0.48900
138	0.48900
139	0.48900
140	0.48900
141	0.48900
142	0.48900
143	0.48900
144	0.48900
145	0.48900
146	0.48900
147	0.48900
148	0.48900
149	0.48900
150	0.48900
