0	0.00500
1	0.01550
2	0.04650
3	0.12650
4	0.30650
5	0.54450
6	0.72000
7	0.78100
8	0.80150
9	0.80550
10	0.80600
11	0.80600
12	0.80600
13	0.80600
14	0.80600
15	0.80600
16	0.80600
17	0.80600
18	0.80600
19	0.80600
20	0.80600
21	0.80600
22	0.80600
23	0.80600
24	0.80600
25	0.80600
26	0.80600
27	0.80600
28	0.80600
29	0.80600
30	0.80600
31	0.80600
32	0.80600
33	0.80600
34	0.80600
35	0.80600
36	0.80600
37	0.80600
38	0.80600
39	0.80600
40	0.80600
41	0.80600
42	0.80600
43	0.80600
44	0.80600
45	0.80600
46	0.80600
47	0.80600
48	0.80600
49	0.80600
50	0.80600
51	0.80600
52	0.80600
53	0.80600
54	0.80600
55	0.80600
56	0.80600
57	0.80600
58	0.80600
59	0.80600
60	0.80600
61	0.80600
62	0.80600
63	0.80600
64	0.80600
65	0.80600
66	0.80600
67	0.80600
68	0.80600
69	0.80600
70	0.80600
71	0.80600
72	0.80600
73	0.80600
74	0.80600
75	0.80600
76	0.80600
77	0.80600
78	0.80600
79	0.80600
80	0.80600
81	0.80600
82	0.80600
83	0.80600
84	0.80600
85	0.80600
86	0.80600
87	0.80600
88	0.80600
89	0.80600
90	0.80600
91	0.80600
92	0.80600
93	0.80600
94	0.80600
95	0.80600
96	0.80600
97	0.80600
98	0.80600
99	0.80600
100	0.80600
101	0.80600
102	0.80600
103	0.80600
104	0.80600
105	0.80600
106	0.80600
107	0.80600
108	0.80600
109	0.80600
110	0.80600
111	0.80600
112	0.80600
113	0.80600
114	0.80600
115	0.80600
116	0.80600
117	0.80600
118	0.80600
119	0.80600
120	0.80600
121	0.80600
122	0.80600
123	0.80600
124	0.80600
125	0.80600
126	0.80600
127	0.80600
128	0.80600
129	0.80600
130	0.80600
131	0.80600
132	0.80600
133	0.80600
134	0.80600
135	0.80600
136	0.80600
137	0.80600
138	0.80600
139	0.80600
140	0.80600
141	0.80600
142	0.80600
143	0.80600
144	0.80600
145	0.80600
146	0.80600
147	0.80600
148	0.80600
149	0.80600
