0	0.00000
1	0.00120
2	0.00180
3	0.00260
4	0.00460
5	0.00740
6	0.00640
7	0.01020
8	0.01240
9	0.01560
10	0.02180
11	0.02920
12	0.04380
13	0.05000
14	0.05800
15	0.06460
16	0.07100
17	0.07460
18	0.07080
19	0.06480
20	0.05240
21	0.03860
22	0.03300
23	0.02380
24	0.01620
25	0.01100
26	0.00860
27	0.00360
28	0.00480
29	0.00320
30	0.00080
31	0.00140
32	0.00080
33	0.00100
34	0.00000
35	0.00000
36	0.00000
37	0.00000
38	0.00000
39	0.00000
40	0.00000
41	0.00000
42	0.00000
43	0.00000
44	0.00000
45	0.00000
46	0.00000
47	0.00000
48	0.00000
49	0.00000
50	0.00000
51	0.00000
52	0.00000
53	0.00000
54	0.00000
55	0.00000
56	0.00000
57	0.00000
58	0.00000
59	0.00000
60	0.00000
61	0.00000
62	0.00000
63	0.00000
64	0.00000
65	0.00000
66	0.00000
67	0.00000
68	0.00000
69	0.00000
70	0.00000
71	0.00000
72	0.00000
73	0.00000
74	0.00000
75	0.00000
76	0.00000
77	0.00000
78	0.00000
79	0.00000
80	0.00000
81	0.00000
82	0.00000
83	0.00000
84	0.00000
85	0.00000
86	0.00000
87	0.00000
88	0.00000
89	0.00000
90	0.00000
91	0.00000
92	0.00000
93	0.00000
94	0.00000
95	0.00000
96	0.00000
97	0.00000
98	0.00000
99	0.00000
