0	0.00000
1	0.00000
2	0.00000
3	0.23077
4	0.47059
5	0.72727
6	1.03333
7	1.39024
8	1.40741
9	1.62319
10	1.73034
11	1.86607
12	2.04965
13	2.25424
14	2.54911
15	2.69258
16	2.78187
17	2.81149
18	2.81973
19	2.78130
20	2.69272
21	2.57110
22	2.41128
23	2.22548
24	2.05980
25	1.89863
26	1.74488
27	1.60516
28	1.48409
29	1.36827
30	1.27473
31	1.18970
32	1.11065
33	1.04286
34	0.98289
35	0.92874
36	0.87876
37	0.83461
38	0.79408
39	0.75758
40	0.72399
41	0.69308
42	0.66530
43	0.63908
44	0.61496
45	0.59278
46	0.57182
47	0.55258
48	0.53497
49	0.51776
50	0.50203
51	0.48718
52	0.47315
53	0.45991
54	0.44742
55	0.43514
56	0.42406
57	0.41316
58	0.40339
59	0.39327
60	0.38425
61	0.37534
62	0.36700
63	0.35877
64	0.35108
65	0.34393
66	0.33685
67	0.33028
68	0.32334
69	0.31733
70	0.31137
71	0.30547
72	0.30003
73	0.29464
74	0.28930
75	0.28440
76	0.27955
77	0.27473
78	0.27034
79	0.26598
80	0.26165
81	0.25736
82	0.25347
83	0.24962
84	0.24578
85	0.24235
86	0.23856
87	0.23517
88	0.23180
89	0.22881
90	0.22548
91	0.22252
92	0.21959
93	0.21666
94	0.21375
95	0.21122
96	0.20833
97	0.20582
98	0.20332
99	0.20083
