0	0.00500
1	0.00650
2	0.00950
3	0.01500
4	0.02300
5	0.03750
6	0.06500
7	0.10450
8	0.16750
9	0.25900
10	0.37700
11	0.51450
12	0.63800
13	0.75350
14	0.82100
15	0.87450
16	0.90950
17	0.92850
18	0.94450
19	0.95500
20	0.96000
21	0.96300
22	0.96400
23	0.96450
24	0.96450
25	0.96500
26	0.96500
27	0.96600
28	0.96650
29	0.96650
30	0.96650
31	0.96650
32	0.96650
33	0.96650
34	0.96650
35	0.96650
36	0.96650
37	0.96650
38	0.96650
39	0.96650
40	0.96650
41	0.96650
42	0.96650
43	0.96650
44	0.96650
45	0.96650
46	0.96650
47	0.96650
48	0.96650
49	0.96650
50	0.96650
51	0.96650
52	0.96650
53	0.96650
54	0.96650
55	0.96650
56	0.96650
57	0.96650
58	0.96650
59	0.96650
60	0.96650
61	0.96650
62	0.96650
63	0.96650
64	0.96650
65	0.96650
66	0.96650
67	0.96650
68	0.96650
69	0.96650
70	0.96650
71	0.96650
72	0.96650
73	0.96650
74	0.96650
75	0.96650
76	0.96650
77	0.96650
78	0.96650
79	0.96650
80	0.96650
81	0.96650
82	0.96650
83	0.96650
84	0.96650
85	0.96650
86	0.96650
87	0.96650
88	0.96650
89	0.96650
90	0.96650
91	0.96650
92	0.96650
93	0.96650
94	0.96650
95	0.96650
96	0.96650
97	0.96650
98	0.96650
99	0.96650
100	0.96650
101	0.96650
102	0.96650
103	0.96650
104	0.96650
105	0.96650
106	0.96650
107	0.96650
108	0.96650
109	0.96650
110	0.96650
111	0.96650
112	0.96650
113	0.96650
114	0.96650
115	0.96650
116	0.96650
117	0.96650
118	0.96650
119	0.96650
120	0.96650
121	0.96650
122	0.96650
123	0.96650
124	0.96650
125	0.96650
126	0.96650
127	0.96650
128	0.96650
129	0.96650
130	0.96650
131	0.96650
132	0.96650
133	0.96650
134	0.96650
135	0.96650
136	0.96650
137	0.96650
138	0.96650
139	0.96650
140	0.96650
141	0.96650
142	0.96650
143	0.96650
144	0.96650
145	0.96650
146	0.96650
147	0.96650
148	0.96650
149	0.96650
150	0.96650
151	0.96650
152	0.96650
153	0.96650
154	0.96650
155	0.96650
156	0.96650
157	0.96650
158	0.96650
159	0.96650
160	0.96650
161	0.96650
162	0.96650
163	0.96650
164	0.96650
165	0.96650
166	0.96650
167	0.96650
168	0.96650
169	0.96650
170	0.96650
171	0.96650
172	0.96650
173	0.96650
174	0.96650
175	0.96650
176	0.96650
177	0.96650
178	0.96650
179	0.96650
180	0.96650
181	0.96650
182	0.96650
183	0.96650
184	0.96650
185	0.96650
186	0.96650
187	0.96700
188	0.96700
189	0.96700
190	0.96700
191	0.96700
192	0.96700
193	0.96700
194	0.96700
195	0.96700
196	0.96700
197	0.96700
198	0.96700
199	0.96700
