0	0.00000
1	0.00000
2	0.00000
3	0.66978
4	0.77471
5	0.89591
6	1.01816
7	1.13097
8	1.37343
9	1.70895
10	1.80869
11	1.95775
12	2.02855
13	2.10870
14	2.01244
15	1.91397
16	1.81912
17	1.65286
18	1.57573
19	1.44688
20	1.32169
21	1.20723
22	1.10784
23	1.01265
24	0.93404
25	0.86205
26	0.80310
27	0.75426
28	0.70593
29	0.66970
30	0.63359
31	0.59800
32	0.56760
33	0.54032
34	0.51582
35	0.49221
36	0.47002
37	0.45290
38	0.43569
39	0.41885
40	0.40594
41	0.39018
42	0.37654
43	0.36617
44	0.35578
45	0.34519
46	0.33548
47	0.32639
48	0.31631
49	0.30927
50	0.30016
51	0.29222
52	0.28622
53	0.27705
54	0.27203
55	0.26473
56	0.25860
57	0.25408
58	0.24670
59	0.24418
60	0.23770
61	0.23174
62	0.22692
63	0.22492
64	0.22046
65	0.21357
66	0.21115
67	0.20894
68	0.20442
69	0.20082
70	0.19632
71	0.19466
72	0.19064
73	0.18785
74	0.18478
75	0.18207
76	0.17864
77	0.17597
78	0.17413
79	0.17198
80	0.16921
81	0.16644
82	0.16374
83	0.16199
84	0.15919
85	0.15734
86	0.15546
87	0.15367
88	0.15148
89	0.14913
90	0.14742
91	0.14514
92	0.14353
93	0.14239
94	0.14119
95	0.13969
96	0.13794
97	0.13574
98	0.13504
99	0.13320
100	0.13033
101	0.12969
102	0.12899
103	0.12800
104	0.12612
105	0.12488
106	0.12262
107	0.12191
108	0.12103
109	0.11995
110	0.11877
111	0.11766
112	0.11633
113	0.11530
114	0.11340
115	0.11255
116	0.11182
117	0.11081
118	0.10973
119	0.10886
120	0.10818
121	0.10738
122	0.10663
123	0.10531
124	0.10441
125	0.10281
126	0.10174
127	0.10118
128	0.10021
129	0.09910
130	0.09910
131	0.09873
132	0.09791
133	0.09724
134	0.09634
135	0.09555
136	0.09481
137	0.09349
138	0.09241
139	0.09229
140	0.09169
141	0.09153
142	0.08989
143	0.08934
144	0.08895
145	0.08851
146	0.08814
147	0.08706
148	0.08687
149	0.08576
150	0.08515
151	0.08453
152	0.08432
153	0.08364
154	0.08349
155	0.08332
156	0.08265
157	0.08197
158	0.08135
159	0.08123
160	0.08034
161	0.07958
162	0.07938
163	0.07839
164	0.07770
165	0.07675
166	0.07591
167	0.07560
168	0.07560
169	0.07483
170	0.07474
171	0.07434
172	0.07399
173	0.07375
174	0.07366
175	0.07346
176	0.07282
177	0.07265
178	0.07179
179	0.07154
180	0.07121
181	0.07074
182	0.07015
183	0.06992
184	0.06938
185	0.06922
186	0.06888
187	0.06842
188	0.06785
189	0.06730
190	0.06697
191	0.06646
192	0.06646
193	0.06547
194	0.06538
195	0.06518
196	0.06496
197	0.06449
198	0.06354
199	0.06315
