0	0.00000
1	0.00000
2	0.00000
3	0.23077
4	0.49991
5	0.69517
6	0.92491
7	1.07307
8	1.32405
9	1.66150
10	1.75849
11	1.91558
12	1.99284
13	2.07626
14	1.97439
15	1.88970
16	1.78553
17	1.62080
18	1.54592
19	1.44040
20	1.28446
21	1.19055
22	1.09681
23	1.00586
24	0.92316
25	0.85415
26	0.79867
27	0.74607
28	0.71420
29	0.66102
30	0.62946
31	0.58666
32	0.56014
33	0.53707
34	0.51128
35	0.48318
36	0.45710
37	0.44169
38	0.42648
39	0.41016
40	0.39824
41	0.38510
42	0.37466
43	0.36311
44	0.36180
45	0.35179
46	0.34374
47	0.33513
48	0.32699
49	0.32075
50	0.31292
51	0.30534
52	0.29994
53	0.29164
54	0.28772
55	0.27152
56	0.26536
57	0.26077
58	0.25426
59	0.25155
60	0.24540
61	0.24035
62	0.23645
63	0.23442
64	0.23001
65	0.22479
66	0.22262
67	0.22048
68	0.21645
69	0.21332
70	0.20597
71	0.20377
72	0.20021
73	0.19777
74	0.19473
75	0.19210
76	0.18979
77	0.18692
78	0.18567
79	0.18129
80	0.17858
81	0.17609
82	0.17421
83	0.17090
84	0.16854
85	0.16717
86	0.16542
87	0.16386
88	0.16073
89	0.15872
90	0.15729
91	0.15539
92	0.15087
93	0.15028
94	0.14914
95	0.14744
96	0.14584
97	0.14350
98	0.14275
99	0.14131
100	0.13912
101	0.13835
102	0.13780
103	0.13672
104	0.13533
105	0.13422
106	0.13224
107	0.13124
108	0.13031
109	0.12925
110	0.12795
111	0.12722
112	0.12637
113	0.12537
114	0.12379
115	0.12275
116	0.12218
117	0.12077
118	0.11966
119	0.11877
120	0.11797
121	0.11631
122	0.11565
123	0.11478
124	0.11382
125	0.11245
126	0.11145
127	0.11084
128	0.11009
129	0.10895
130	0.10895
131	0.10852
132	0.10778
133	0.10745
134	0.10656
135	0.10586
136	0.10503
137	0.10368
138	0.10267
139	0.10248
140	0.10203
141	0.10183
142	0.10032
143	0.09976
144	0.09942
145	0.09901
146	0.09872
147	0.09788
148	0.09771
149	0.09683
150	0.09633
151	0.09561
152	0.09545
153	0.09493
154	0.09482
155	0.09471
156	0.09379
157	0.09326
158	0.09261
159	0.09237
160	0.09135
161	0.08951
162	0.08933
163	0.08844
164	0.08771
165	0.08714
166	0.08628
167	0.08597
168	0.08597
169	0.08560
170	0.08545
171	0.08509
172	0.08454
173	0.08433
174	0.08364
175	0.08345
176	0.08307
177	0.08290
178	0.08211
179	0.08181
180	0.08171
181	0.08141
182	0.08080
183	0.08057
184	0.08027
185	0.08017
186	0.07996
187	0.07926
188	0.07864
189	0.07801
190	0.07747
191	0.07689
192	0.07668
193	0.07591
194	0.07576
195	0.07561
196	0.07539
197	0.07500
198	0.07415
199	0.07394
