0	0.00000
1	0.00000
2	0.00000
3	0.02564
4	0.02564
5	0.02564
6	0.02564
7	0.02564
8	0.02564
9	0.02564
10	0.00000
11	0.00000
12	0.00000
13	0.00000
14	0.00000
15	0.02320
16	0.02320
17	0.02320
18	0.02320
19	0.02320
20	0.02320
21	0.02320
22	0.00000
23	0.00000
24	0.00000
25	0.00000
26	0.00000
27	0.00000
28	0.00000
29	0.00000
30	0.00000
31	0.00000
32	0.00000
33	0.00000
34	0.00000
35	0.00000
36	0.01554
37	0.01554
38	0.01554
39	0.01554
40	0.01554
41	0.01554
42	0.01554
43	0.00000
44	0.00000
45	0.00000
46	0.00000
47	0.00000
48	0.00000
49	0.00000
50	0.00000
51	0.00000
52	0.00000
53	0.00000
54	0.00000
55	0.00000
56	0.00000
57	0.00000
58	0.00000
59	0.00000
60	0.00000
61	0.00000
62	0.00000
63	0.00000
64	0.00000
65	0.00000
66	0.00000
67	0.00000
68	0.00000
69	0.00000
70	0.00000
71	0.01562
72	0.01571
73	0.01571
74	0.06195
75	0.06195
76	0.06195
77	0.06195
78	0.04649
79	0.04649
80	0.06404
81	0.01754
82	0.01754
83	0.01764
84	0.01764
85	0.04409
86	0.04409
87	0.02646
88	0.02646
89	0.02646
90	0.02660
91	0.02660
92	0.01596
93	0.01604
94	0.01604
95	0.05481
96	0.05481
97	0.05481
98	0.05481
99	0.03877
100	0.03898
101	0.03898
102	0.04032
103	0.04032
104	0.04054
105	0.04054
106	0.06216
107	0.06216
108	0.06216
109	0.02174
110	0.02174
111	0.07065
112	0.07065
113	0.04891
114	0.04891
115	0.04891
116	0.04891
117	0.04891
118	0.00000
119	0.00000
120	0.05965
121	0.05998
122	0.05998
123	0.11996
124	0.11996
125	0.11996
126	0.11996
127	0.05998
128	0.06031
129	0.06031
130	0.03039
131	0.03056
132	0.03056
133	0.07222
134	0.07222
135	0.06890
136	0.06968
137	0.07721
138	0.18644
139	0.17797
140	0.14783
141	0.12926
142	0.12926
143	0.18324
144	0.14062
145	0.04830
146	0.04830
147	0.04857
148	0.04651
149	0.10174
