0	0.00500
1	0.01650
2	0.04850
3	0.13200
4	0.30050
5	0.58450
6	0.78050
7	0.84950
8	0.87050
9	0.87650
10	0.87850
11	0.87900
12	0.87950
13	0.87950
14	0.87950
15	0.87950
16	0.87950
17	0.87950
18	0.87950
19	0.87950
20	0.87950
21	0.87950
22	0.87950
23	0.87950
24	0.87950
25	0.87950
26	0.87950
27	0.87950
28	0.87950
29	0.87950
30	0.87950
31	0.87950
32	0.87950
33	0.87950
34	0.87950
35	0.87950
36	0.87950
37	0.87950
38	0.87950
39	0.87950
40	0.87950
41	0.87950
42	0.87950
43	0.87950
44	0.87950
45	0.87950
46	0.87950
47	0.87950
48	0.87950
49	0.87950
50	0.87950
51	0.87950
52	0.87950
53	0.87950
54	0.87950
55	0.87950
56	0.87950
57	0.87950
58	0.87950
59	0.87950
60	0.87950
61	0.87950
62	0.87950
63	0.87950
64	0.87950
65	0.87950
66	0.87950
67	0.87950
68	0.87950
69	0.87950
70	0.87950
71	0.87950
72	0.87950
73	0.87950
74	0.87950
75	0.87950
76	0.87950
77	0.87950
78	0.87950
79	0.87950
80	0.87950
81	0.87950
82	0.87950
83	0.87950
84	0.87950
85	0.87950
86	0.87950
87	0.87950
88	0.87950
89	0.87950
90	0.87950
91	0.87950
92	0.87950
93	0.87950
94	0.87950
95	0.87950
96	0.87950
97	0.87950
98	0.87950
99	0.87950
100	0.87950
101	0.87950
102	0.87950
103	0.87950
104	0.87950
105	0.87950
106	0.87950
107	0.87950
108	0.87950
109	0.87950
110	0.87950
111	0.87950
112	0.87950
113	0.87950
114	0.87950
115	0.87950
116	0.87950
117	0.87950
118	0.87950
119	0.87950
120	0.87950
121	0.87950
122	0.87950
123	0.87950
124	0.87950
125	0.87950
126	0.87950
127	0.87950
128	0.87950
129	0.87950
130	0.87950
131	0.87950
132	0.87950
133	0.87950
134	0.87950
135	0.87950
136	0.87950
137	0.87950
138	0.87950
139	0.87950
140	0.87950
141	0.87950
142	0.87950
143	0.87950
144	0.87950
145	0.87950
146	0.87950
147	0.87950
148	0.87950
149	0.87950
150	0.87950
