0	0.00000
1	0.00000
2	0.00000
3	0.00000
4	0.00000
5	0.00000
6	0.00000
7	0.00000
8	0.00000
9	0.00000
10	0.00000
11	0.00000
12	0.00000
13	0.00000
14	0.00000
15	0.00000
16	0.00000
17	0.00000
18	0.00000
19	0.00000
20	0.00000
21	0.00000
22	0.00000
23	0.00000
24	0.00000
25	0.00000
26	0.00000
27	0.00000
28	0.00000
29	0.00000
30	0.00000
31	0.00000
32	0.00000
33	0.00000
34	0.00000
35	0.00000
36	0.01546
37	0.01546
38	0.04124
39	0.04124
40	0.03627
41	0.03627
42	0.06218
43	0.04663
44	0.04663
45	0.02591
46	0.02591
47	0.02591
48	0.02591
49	0.00000
50	0.00000
51	0.00000
52	0.00000
53	0.00000
54	0.00000
55	0.00000
56	0.00000
57	0.00000
58	0.00000
59	0.00000
60	0.00000
61	0.00781
62	0.00781
63	0.00781
64	0.00524
65	0.00524
66	0.04188
67	0.04211
68	0.03684
69	0.06842
70	0.06842
71	0.06842
72	0.06842
73	0.03158
74	0.03158
75	0.03158
76	0.00000
77	0.00000
78	0.00000
79	0.06150
80	0.06150
81	0.13904
82	0.13978
83	0.12814
84	0.17384
85	0.16577
86	0.10960
87	0.10960
88	0.12113
89	0.11355
90	0.14652
91	0.15751
92	0.15751
93	0.14927
94	0.14927
95	0.08242
96	0.08242
97	0.04945
98	0.00000
99	0.00000
100	0.00000
101	0.03039
102	0.03039
103	0.03039
104	0.03039
105	0.03039
106	0.03039
107	0.03056
108	0.00000
109	0.04722
110	0.04722
111	0.04722
112	0.04749
113	0.04749
114	0.07821
115	0.07865
116	0.03107
117	0.06403
118	0.10264
119	0.07815
120	0.07815
121	0.06403
122	0.06403
123	0.06403
124	0.03484
125	0.00000
126	0.00000
127	0.03598
128	0.03598
129	0.03598
130	0.03598
131	0.03619
132	0.03619
133	0.07286
134	0.03667
135	0.03667
136	0.03667
137	0.03667
138	0.03688
139	0.03688
140	0.03209
141	0.03209
142	0.03083
143	0.03083
144	0.09128
145	0.08740
146	0.12132
147	0.09376
148	0.08109
149	0.12446
