0	0.00500
1	0.02550
2	0.09400
3	0.30800
4	0.69250
5	0.86400
6	0.88350
7	0.88400
8	0.88400
9	0.88400
10	0.88400
11	0.88400
12	0.88400
13	0.88400
14	0.88400
15	0.88400
16	0.88400
17	0.88400
18	0.88400
19	0.88400
20	0.88400
21	0.88400
22	0.88400
23	0.88400
24	0.88400
25	0.88400
26	0.88400
27	0.88400
28	0.88400
29	0.88400
30	0.88400
31	0.88400
32	0.88400
33	0.88400
34	0.88400
35	0.88400
36	0.88400
37	0.88400
38	0.88400
39	0.88400
40	0.88400
41	0.88400
42	0.88400
43	0.88400
44	0.88400
45	0.88400
46	0.88400
47	0.88400
48	0.88400
49	0.88400
50	0.88400
51	0.88400
52	0.88400
53	0.88400
54	0.88400
55	0.88400
56	0.88400
57	0.88400
58	0.88400
59	0.88400
60	0.88400
61	0.88400
62	0.88400
63	0.88400
64	0.88400
65	0.88400
66	0.88400
67	0.88400
68	0.88400
69	0.88400
70	0.88400
71	0.88400
72	0.88400
73	0.88400
74	0.88400
75	0.88400
76	0.88400
77	0.88400
78	0.88400
79	0.88400
80	0.88400
81	0.88400
82	0.88400
83	0.88400
84	0.88400
85	0.88400
86	0.88400
87	0.88400
88	0.88400
89	0.88400
90	0.88400
91	0.88400
92	0.88400
93	0.88400
94	0.88400
95	0.88400
96	0.88400
97	0.88400
98	0.88400
99	0.88400
