0	0.00000
1	0.00000
2	0.00000
3	0.14331
4	0.38493
5	0.25507
6	0.32844
7	0.54506
8	0.57982
9	0.60694
10	250.79774
11	0.72002
12	1.20653
13	1.13692
14	0.80416
15	0.64674
16	0.88634
17	0.60126
18	0.92345
19	0.96199
20	0.73919
21	0.82779
22	0.80582
23	0.81496
24	0.71138
25	0.51046
26	0.53314
27	0.41742
28	0.51466
29	0.38326
30	-0.33460
31	0.24587
32	0.24651
33	0.15861
34	0.14543
35	0.13152
36	0.12499
37	0.09438
38	0.03847
39	0.07273
40	-0.29966
41	0.03664
42	0.02204
43	0.03020
44	0.01747
45	0.01874
46	-0.01961
47	0.01188
48	0.00743
49	0.01117
50	-0.31547
51	-0.01117
52	0.01142
53	-0.00727
54	-0.01480
55	0.02109
56	0.01006
57	0.00686
58	0.02231
59	-0.00375
60	-0.30564
61	-0.01419
62	-0.00602
63	-0.01030
64	-0.00996
65	-0.02642
66	-0.01667
67	-0.00644
68	0.00356
69	0.01029
70	-0.31205
71	-0.02993
72	-0.01975
73	0.00505
74	0.01228
75	0.01110
76	-0.00102
77	0.01395
78	0.04065
79	-0.01750
80	-0.31144
81	-0.00616
82	-0.02919
83	-0.01676
84	-0.00051
85	0.02453
86	-0.00469
87	-0.01769
88	0.01959
89	0.00839
90	-0.30858
91	-0.00722
92	-0.00030
93	-0.00544
94	-0.00888
95	-0.01649
96	0.00845
97	0.00496
98	0.00346
99	0.02546
100	-0.30032
101	0.00652
102	-0.00788
103	-0.01487
104	-0.02730
105	0.01915
106	-0.00958
107	0.00482
108	0.01620
109	0.02944
110	-0.29908
111	-0.00144
112	0.03697
113	-0.02330
114	-0.02055
115	-0.01410
116	-0.01322
117	-0.01417
118	0.01827
119	-0.01894
120	-0.29294
121	0.03556
122	-0.01391
123	-0.00580
124	0.01641
125	-0.00365
126	0.01434
127	0.00462
128	0.00030
129	-0.00012
130	-0.32361
131	-0.02025
132	0.00356
133	-0.00661
134	0.02419
135	0.00098
136	0.01612
137	-0.00773
138	-0.01945
139	-0.02497
140	-0.32979
141	-0.02816
142	-0.01156
143	0.01227
144	0.00282
145	-0.01611
146	0.00965
147	-0.00625
148	-0.00095
149	0.03725
150	-0.30441
151	0.00366
152	0.02410
153	0.00118
154	-0.01095
155	0.01583
156	-0.01777
157	-0.00391
158	-0.01967
159	-0.01185
160	-0.29654
161	0.01487
162	-0.03005
163	-0.00167
164	0.04184
165	0.00283
166	0.01872
167	-0.02601
168	0.03238
169	-0.01967
170	-0.26420
171	0.04843
172	-0.03489
173	-0.01293
174	-0.02534
175	0.02282
176	-0.01281
177	0.00350
178	0.01345
179	-0.00869
180	-0.31108
181	0.00244
182	-0.01094
183	-0.02678
184	-0.01259
185	-0.00829
186	0.03737
187	0.02731
188	-0.03208
189	0.00894
190	-0.31093
191	0.00200
192	-0.01160
193	-0.01390
194	0.01001
195	0.02055
196	-0.01741
197	0.02823
198	-0.00414
199	-0.01619
