0	0.00500
1	0.00600
2	0.00700
3	0.00950
4	0.01100
5	0.01350
6	0.01550
7	0.02000
8	0.02300
9	0.02900
10	0.03350
11	0.04200
12	0.05400
13	0.06650
14	0.08050
15	0.09850
16	0.13100
17	0.15600
18	0.18750
19	0.22550
20	0.26300
21	0.31000
22	0.35750
23	0.40500
24	0.45800
25	0.51050
26	0.56100
27	0.61350
28	0.66550
29	0.70100
30	0.74350
31	0.77150
32	0.80150
33	0.82500
34	0.84800
35	0.87050
36	0.88700
37	0.89900
38	0.91200
39	0.91950
40	0.92650
41	0.93700
42	0.94100
43	0.94350
44	0.94750
45	0.95250
46	0.95550
47	0.95850
48	0.96250
49	0.96300
50	0.96400
51	0.96550
52	0.96600
53	0.96700
54	0.96700
55	0.96750
56	0.96850
57	0.96850
58	0.96850
59	0.96850
60	0.96900
61	0.96950
62	0.96950
63	0.96950
64	0.96950
65	0.96950
66	0.97000
67	0.97000
68	0.97000
69	0.97000
70	0.97000
71	0.97000
72	0.97000
73	0.97000
74	0.97000
75	0.97000
76	0.97000
77	0.97000
78	0.97000
79	0.97000
80	0.97000
81	0.97000
82	0.97000
83	0.97000
84	0.97000
85	0.97000
86	0.97000
87	0.97000
88	0.97000
89	0.97000
90	0.97000
91	0.97000
92	0.97000
93	0.97000
94	0.97000
95	0.97000
96	0.97000
97	0.97000
98	0.97000
99	0.97000
100	0.97000
101	0.97000
102	0.97000
103	0.97000
104	0.97000
105	0.97000
106	0.97000
107	0.97000
108	0.97000
109	0.97000
110	0.97000
111	0.97000
112	0.97000
113	0.97000
114	0.97000
115	0.97000
116	0.97000
117	0.97000
118	0.97000
119	0.97000
120	0.97000
121	0.97000
122	0.97000
123	0.97000
124	0.97000
125	0.97000
126	0.97000
127	0.97000
128	0.97000
129	0.97000
130	0.97000
131	0.97000
132	0.97000
133	0.97000
134	0.97000
135	0.97000
136	0.97000
137	0.97000
138	0.97000
139	0.97000
140	0.97000
141	0.97000
142	0.97000
143	0.97000
144	0.97000
145	0.97000
146	0.97000
147	0.97000
148	0.97000
149	0.97000
150	0.97000
151	0.97000
152	0.97000
153	0.97000
154	0.97000
155	0.97000
156	0.97000
157	0.97000
158	0.97000
159	0.97000
160	0.97000
161	0.97000
162	0.97000
163	0.97000
164	0.97000
165	0.97000
166	0.97000
167	0.97000
168	0.97000
169	0.97000
170	0.97000
171	0.97000
172	0.97000
173	0.97000
174	0.97000
175	0.97000
176	0.97000
177	0.97000
178	0.97000
179	0.97000
180	0.97000
181	0.97000
182	0.97000
183	0.97000
184	0.97000
185	0.97000
186	0.97000
187	0.97000
188	0.97000
189	0.97000
190	0.97000
191	0.97000
192	0.97000
193	0.97000
194	0.97000
195	0.97000
196	0.97000
197	0.97000
198	0.97000
199	0.97000
