0	0.00000
1	0.00000
2	0.00000
3	0.01031
4	0.01032
5	0.01032
6	0.01857
7	0.03016
8	0.04505
9	0.04507
10	0.04409
11	0.04453
12	0.07832
13	0.07377
14	0.07279
15	0.06096
16	0.12221
17	0.18611
18	0.18972
19	0.15996
20	0.15896
21	0.15845
22	0.16390
23	0.14237
24	0.12154
25	0.10545
26	0.14727
27	0.14142
28	0.19479
29	0.35076
30	0.42119
31	0.44034
32	0.49901
33	0.53231
34	0.50334
35	0.50741
36	0.48293
37	0.49070
38	0.53102
39	0.56118
40	0.61479
41	0.59647
42	0.63474
43	0.60579
44	0.53986
45	0.46950
46	0.42611
47	0.43287
48	0.40460
49	0.36493
50	0.34933
51	0.32993
52	0.36938
53	0.36638
54	0.34626
55	0.35559
56	0.33013
57	0.29650
58	0.27648
59	0.26412
60	0.26322
61	0.24233
62	0.22265
63	0.20900
64	0.19294
65	0.18260
66	0.18024
67	0.17158
68	0.16250
69	0.14063
70	0.12968
71	0.13210
72	0.11822
73	0.11404
74	0.10067
75	0.10087
76	0.10253
77	0.10255
78	0.10649
79	0.10119
80	0.09656
81	0.09530
82	0.09147
83	0.08578
84	0.08238
85	0.08095
86	0.07517
87	0.06934
88	0.06356
89	0.06227
90	0.05943
91	0.05929
92	0.05522
93	0.05306
94	0.05521
95	0.05065
96	0.04841
97	0.04639
98	0.04735
99	0.04299
100	0.04449
101	0.04322
102	0.04457
103	0.04251
104	0.03816
105	0.04095
106	0.03794
107	0.03438
108	0.03057
109	0.02984
110	0.02827
111	0.03362
112	0.03108
113	0.03304
114	0.03002
115	0.03238
116	0.02928
117	0.02836
118	0.02258
119	0.02235
120	0.02039
121	0.01720
122	0.01983
123	0.01798
124	0.02006
125	0.01863
126	0.01780
127	0.01770
128	0.01645
129	0.00953
130	0.01020
131	0.00805
132	0.00812
133	0.00694
134	0.00679
135	0.00773
136	0.00847
137	0.00699
138	0.00572
139	0.00618
140	0.00516
141	0.00398
142	0.00385
143	0.00514
144	0.00435
145	0.00496
146	0.00555
147	0.00625
148	0.00442
149	0.00496
150	0.00339
151	0.00358
152	0.00289
153	0.00200
154	0.00183
155	0.00266
156	0.00182
157	0.00290
158	0.00214
159	0.00413
160	0.00436
161	0.00462
162	0.00489
163	0.00420
164	0.00286
165	0.00295
166	0.00074
167	0.00060
168	0.00067
169	0.00070
170	0.00207
171	0.00403
172	0.00402
173	0.00379
174	0.00413
175	0.00429
176	0.00254
177	0.00106
178	0.00215
179	0.00215
