0	0	0	0	0	0	
1	746	0	0	0	0	
2	744	0	0	0	0	
3	742	0	0	0	0	
4	734	0	0	0	0	
5	715	0	0	0	0	
6	686	0	0	0	0	
7	656	1	0	0	0	
8	603	3	0	0	0	
9	528	7	1	0	0	
10	422	17	2	1	0	
11	338	20	2	1	0	
12	259	18	2	1	0	
13	187	15	2	1	0	
14	138	13	2	1	0	
15	94	11	2	1	0	
16	65	9	2	1	0	
17	46	7	2	1	0	
18	30	7	2	1	0	
19	22	6	2	1	0	
20	12	6	2	1	0	
21	10	6	2	1	0	
22	8	6	2	1	0	
23	8	6	2	1	0	
24	6	6	2	1	0	
25	5	6	2	1	0	
26	3	6	2	1	0	
27	3	6	2	1	0	
28	3	6	2	1	0	
29	3	6	2	1	0	
30	2	6	2	1	0	
31	2	6	2	1	0	
32	2	6	2	1	0	
33	2	6	2	1	0	
34	2	6	2	1	0	
35	2	6	2	1	0	
36	2	6	2	1	0	
37	1	6	2	1	0	
38	1	6	2	1	0	
39	1	6	2	1	0	
40	1	6	2	1	0	
41	1	6	2	1	0	
42	1	6	2	1	0	
43	1	6	2	1	0	
44	1	6	2	1	0	
45	1	6	2	1	0	
46	1	6	2	1	0	
47	1	6	2	1	0	
48	1	6	2	1	0	
49	1	6	2	1	0	
50	1	6	2	1	0	
51	1	6	2	1	0	
52	1	6	2	1	0	
53	1	6	2	1	0	
54	1	6	2	1	0	
55	1	6	2	1	0	
56	1	6	2	1	0	
57	1	6	2	1	0	
58	1	6	2	1	0	
59	1	6	2	1	0	
60	1	6	2	1	0	
61	1	6	2	1	0	
62	1	6	2	1	0	
63	1	6	2	1	0	
64	1	6	2	1	0	
65	1	6	2	1	0	
66	1	6	2	1	0	
67	1	6	2	1	0	
68	1	6	2	1	0	
69	1	6	2	1	0	
70	1	6	2	1	0	
71	1	6	2	1	0	
72	1	6	2	1	0	
73	1	6	2	1	0	
74	1	6	2	1	0	
75	1	6	2	1	0	
76	1	6	2	1	0	
77	1	6	2	1	0	
78	1	6	2	1	0	
79	1	6	2	1	0	
80	1	6	2	1	0	
81	1	6	2	1	0	
82	1	6	2	1	0	
83	1	6	2	1	0	
84	1	6	2	1	0	
85	1	6	2	1	0	
86	1	6	2	1	0	
87	1	6	2	1	0	
88	1	6	2	1	0	
89	1	6	2	1	0	
90	1	6	2	1	0	
91	1	6	2	1	0	
92	1	6	2	1	0	
93	1	6	2	1	0	
94	1	6	2	1	0	
95	1	6	2	1	0	
96	1	6	2	1	0	
97	1	6	2	1	0	
98	1	6	2	1	0	
99	1	6	2	1	0	
