0	0.00000
1	0.00000
2	0.00000
3	0.03575
4	0.27528
5	0.57642
6	0.84123
7	1.25214
8	1.39617
9	1.50096
10	1.44853
11	1.45907
12	1.20514
13	0.98141
14	0.76313
15	0.59770
16	0.44601
17	0.33537
18	0.26710
19	0.20598
20	0.16461
21	0.13174
22	0.10457
23	0.08244
24	0.06503
25	0.05255
26	0.04623
27	0.04038
28	0.03348
29	0.02822
30	0.02339
31	0.02036
32	0.01756
33	0.01148
34	0.00839
35	0.00800
36	0.00529
37	0.00414
38	0.00248
39	0.00184
40	0.00236
41	0.00138
42	0.00019
43	0.00000
44	0.00029
45	0.00029
46	0.00029
47	0.00003
48	0.00000
49	0.00006
50	0.00006
51	0.00000
52	0.00000
53	0.00000
54	0.00000
55	0.00000
56	0.00000
57	0.00000
58	0.00000
59	0.00000
60	0.00000
61	0.00000
62	0.00000
63	0.00000
64	0.00000
65	0.00000
66	0.00000
67	0.00000
68	0.00000
69	0.00000
70	0.00000
71	0.00000
72	0.00000
73	0.00000
74	0.00000
75	0.00000
76	0.00000
77	0.00000
78	0.00000
79	0.00000
80	0.00000
81	0.00000
82	0.00000
83	0.00000
84	0.00000
85	0.00000
86	0.00000
87	0.00000
88	0.00000
89	0.00000
90	0.00000
91	0.00000
92	0.00000
93	0.00000
94	0.00000
95	0.00000
96	0.00000
97	0.00000
98	0.00000
99	0.00000
