0	0.00500
1	0.00800
2	0.01300
3	0.02000
4	0.03300
5	0.05550
6	0.09150
7	0.14050
8	0.19350
9	0.26150
10	0.32300
11	0.37750
12	0.43150
13	0.48200
14	0.52000
15	0.55200
16	0.58850
17	0.60850
18	0.62800
19	0.64250
20	0.65400
21	0.66050
22	0.66750
23	0.67300
24	0.68000
25	0.68400
26	0.68550
27	0.68850
28	0.68950
29	0.69050
30	0.69100
31	0.69100
32	0.69250
33	0.69350
34	0.69400
35	0.69400
36	0.69400
37	0.69400
38	0.69450
39	0.69500
40	0.69500
41	0.69500
42	0.69550
43	0.69550
44	0.69550
45	0.69550
46	0.69550
47	0.69600
48	0.69600
49	0.69600
50	0.69600
51	0.69600
52	0.69600
53	0.69600
54	0.69600
55	0.69600
56	0.69600
57	0.69650
58	0.69650
59	0.69650
60	0.69650
61	0.69650
62	0.69650
63	0.69650
64	0.69650
65	0.69650
66	0.69650
67	0.69650
68	0.69650
69	0.69650
70	0.69650
71	0.69650
72	0.69650
73	0.69650
74	0.69650
75	0.69650
76	0.69650
77	0.69650
78	0.69650
79	0.69650
80	0.69650
81	0.69650
82	0.69650
83	0.69650
84	0.69650
85	0.69650
86	0.69650
87	0.69650
88	0.69650
89	0.69650
90	0.69650
91	0.69650
92	0.69650
93	0.69650
94	0.69650
95	0.69650
96	0.69650
97	0.69650
98	0.69650
99	0.69650
