0	0	0	0	0	0	
1	749	0	0	0	0	
2	745	0	0	0	0	
3	710	31	0	0	0	
4	522	178	31	0	0	
5	288	227	171	28	0	
6	124	155	221	165	27	
7	57	63	151	212	188	
8	23	33	59	147	394	
9	15	7	32	54	535	
10	12	4	6	30	585	
11	10	2	3	5	612	
12	10	1	1	3	614	
13	7	1	1	0	612	
14	5	1	1	0	612	
15	4	1	1	0	609	
16	3	1	1	0	609	
17	3	1	1	0	609	
18	3	1	1	0	608	
19	3	1	1	0	608	
20	2	1	1	0	607	
21	2	1	1	0	607	
22	2	1	1	0	607	
23	1	1	1	0	606	
24	1	1	1	0	606	
25	0	1	1	0	605	
26	0	1	1	0	605	
27	0	1	1	0	604	
28	0	1	1	0	604	
29	0	1	1	0	604	
30	0	1	1	0	604	
31	0	1	1	0	604	
32	0	1	1	0	604	
33	0	1	1	0	604	
34	0	1	1	0	604	
35	0	1	1	0	604	
36	0	1	1	0	604	
37	0	1	1	0	604	
38	0	1	1	0	604	
39	0	1	1	0	604	
40	0	1	1	0	604	
41	0	1	1	0	604	
42	0	1	1	0	604	
43	0	1	1	0	604	
44	0	1	1	0	604	
45	0	1	1	0	604	
46	0	1	1	0	604	
47	0	1	1	0	604	
48	0	1	1	0	604	
49	0	1	1	0	604	
50	0	1	1	0	604	
51	0	1	1	0	604	
52	0	1	1	0	604	
53	0	1	1	0	604	
54	0	1	1	0	604	
55	0	1	1	0	604	
56	0	1	1	0	604	
57	0	1	1	0	604	
58	0	1	1	0	604	
59	0	1	1	0	604	
60	0	1	1	0	604	
61	0	1	1	0	604	
62	0	1	1	0	604	
63	0	1	1	0	604	
64	0	1	1	0	604	
65	0	1	1	0	604	
66	0	1	1	0	604	
67	0	1	1	0	604	
68	0	1	1	0	604	
69	0	1	1	0	604	
70	0	1	1	0	604	
71	0	1	1	0	604	
72	0	1	1	0	604	
73	0	1	1	0	604	
74	0	1	1	0	604	
75	0	1	1	0	604	
76	0	1	1	0	604	
77	0	1	1	0	604	
78	0	1	1	0	604	
79	0	1	1	0	604	
80	0	1	1	0	604	
81	0	1	1	0	604	
82	0	1	1	0	604	
83	0	1	1	0	604	
84	0	1	1	0	604	
85	0	1	1	0	604	
86	0	1	1	0	604	
87	0	1	1	0	604	
88	0	1	1	0	604	
89	0	1	1	0	604	
90	0	1	1	0	604	
91	0	1	1	0	604	
92	0	1	1	0	604	
93	0	1	1	0	604	
94	0	1	1	0	604	
95	0	1	1	0	604	
96	0	1	1	0	604	
97	0	1	1	0	604	
98	0	1	1	0	604	
99	0	1	1	0	604	
