0	0.00000
1	0.00000
2	0.00000
3	0.00000
4	0.00000
5	0.02051
6	0.02051
7	0.02051
8	0.02051
9	0.02051
10	0.02051
11	0.02051
12	0.00000
13	0.00000
14	0.00000
15	0.00000
16	0.00000
17	0.00000
18	0.00000
19	0.00000
20	0.00000
21	0.00000
22	0.00000
23	0.00000
24	0.00000
25	0.00000
26	0.00000
27	0.00000
28	0.00000
29	0.00000
30	0.00000
31	0.00000
32	0.00000
33	0.00000
34	0.00000
35	0.00000
36	0.00000
37	0.00000
38	0.00000
39	0.00000
40	0.00000
41	0.02577
42	0.02577
43	0.02577
44	0.02577
45	0.02577
46	0.02577
47	0.02577
48	0.00000
49	0.00000
50	0.00000
51	0.00000
52	0.00000
53	0.00000
54	0.00000
55	0.01813
56	0.01813
57	0.01813
58	0.01813
59	0.01813
60	0.01813
61	0.01813
62	0.00000
63	0.00000
64	0.00000
65	0.00000
66	0.00000
67	0.00000
68	0.00000
69	0.00000
70	0.00000
71	0.02618
72	0.06283
73	0.06283
74	0.06283
75	0.05497
76	0.05497
77	0.05497
78	0.03403
79	0.00000
80	0.00000
81	0.00000
82	0.00000
83	0.00000
84	0.00000
85	0.00000
86	0.00000
87	0.05203
88	0.09171
89	0.09171
90	0.09171
91	0.09171
92	0.08954
93	0.08954
94	0.08156
95	0.04433
96	0.04433
97	0.04433
98	0.04480
99	0.04480
100	0.11441
101	0.06937
102	0.10541
103	0.10541
104	0.08649
105	0.08696
106	0.08197
107	0.08379
108	0.11658
109	0.09927
110	0.09982
111	0.08104
112	0.14423
113	0.13599
114	0.10302
115	0.05952
116	0.05952
117	0.05985
118	0.05985
119	0.06031
120	0.06065
121	0.06065
122	0.08565
123	0.08565
124	0.07731
125	0.07731
126	0.02222
127	0.02247
128	0.02273
129	0.06762
130	0.13391
131	0.18304
132	0.29239
133	0.28854
134	0.25337
135	0.23526
136	0.18624
137	0.13470
138	0.12982
139	0.09226
140	0.09226
141	0.23403
142	0.22645
143	0.19521
144	0.23323
145	0.18919
146	0.18039
147	0.19583
148	0.13628
149	0.11667
150	0.11411
151	0.09264
152	0.09121
153	0.06687
154	0.04578
155	0.04762
156	0.04348
157	0.08178
158	0.05849
159	0.05435
160	0.05260
161	0.05260
162	0.05451
163	0.05451
164	0.03685
165	0.03685
166	0.11668
167	0.11528
168	0.20187
169	0.23324
170	0.27403
171	0.26220
172	0.26154
173	0.18594
174	0.18318
175	0.12655
176	0.09002
177	0.03908
178	0.02778
179	0.09196
180	0.11259
181	0.13777
182	0.14272
183	0.13410
184	0.16342
185	0.16032
186	0.10683
187	0.11044
188	0.17651
189	0.14999
190	0.13840
191	0.13221
192	0.10871
193	0.12057
194	0.10634
195	0.06452
196	0.11804
197	0.14213
198	0.11832
199	0.20043
200	0.18918
201	0.17269
202	0.15146
203	0.16979
204	0.14059
205	0.16746
206	0.12750
207	0.09773
208	0.10348
209	0.10426
210	0.07948
211	0.09008
212	0.07670
213	0.06339
214	0.05937
215	0.04992
216	0.05444
217	0.09900
218	0.10877
219	0.10669
220	0.12029
221	0.10321
222	0.13325
223	0.13700
224	0.10908
225	0.10947
226	0.11549
227	0.10296
228	0.09569
229	0.05454
230	0.03810
231	0.05631
232	0.04072
233	0.02661
234	0.04283
235	0.05387
236	0.04299
237	0.04299
238	0.05684
239	0.05481
240	0.04897
241	0.03390
242	0.05522
243	0.07061
244	0.06459
245	0.06201
246	0.07585
247	0.07406
248	0.07124
249	0.05926
250	0.05834
251	0.05660
252	0.03914
253	0.02558
254	0.03269
255	0.03522
256	0.03539
257	0.03317
258	0.03597
259	0.03169
260	0.03059
261	0.02800
262	0.02171
263	0.01862
264	0.01913
265	0.02321
266	0.04447
267	0.04986
268	0.05252
269	0.05832
270	0.08038
271	0.08378
272	0.07470
273	0.05488
274	0.04733
275	0.04690
276	0.06385
277	0.04608
278	0.03165
279	0.04308
280	0.04417
281	0.04057
282	0.05512
283	0.03455
284	0.03266
285	0.03611
286	0.02405
287	0.03203
288	0.03269
289	0.02171
290	0.02756
291	0.02816
292	0.05092
293	0.05776
294	0.05653
295	0.06286
296	0.06597
297	0.05534
298	0.06126
299	0.04183
300	0.03912
301	0.05249
302	0.03796
303	0.03744
304	0.03341
305	0.03341
306	0.03581
307	0.03321
308	0.02058
309	0.02058
310	0.01390
311	0.01390
312	0.01390
313	0.01164
314	0.01197
315	0.01052
316	0.01958
317	0.01774
318	0.02728
319	0.02590
320	0.02590
321	0.03841
322	0.03841
323	0.02535
324	0.01811
325	0.01594
326	0.01594
327	0.03075
328	0.02361
329	0.02061
330	0.02133
331	0.02133
332	0.02420
333	0.02420
334	0.00287
335	0.00000
336	0.00000
337	0.01458
338	0.02392
339	0.02392
340	0.02392
341	0.02043
342	0.02128
343	0.02321
344	0.01631
345	0.03509
346	0.03509
347	0.03509
348	0.02430
349	0.02430
350	0.02430
351	0.02017
352	0.00000
353	0.00000
354	0.00000
355	0.01497
356	0.01214
357	0.01214
358	0.01214
359	0.01214
360	0.01214
361	0.01214
362	0.00000
363	0.00000
364	0.00000
365	0.00000
366	0.00452
367	0.00845
368	0.00845
369	0.00845
370	0.00897
371	0.00957
372	0.00957
373	0.01278
374	0.00833
375	0.00833
376	0.00833
377	0.00833
378	0.00833
379	0.00833
380	0.00000
381	0.00000
382	0.00000
383	0.00000
384	0.00000
385	0.00000
386	0.00000
387	0.00000
388	0.01299
389	0.01299
390	0.01299
391	0.01299
392	0.01299
393	0.01299
394	0.01299
395	0.00000
396	0.00000
397	0.00000
398	0.00625
399	0.00625
400	0.00625
401	0.00694
402	0.00694
403	0.00694
404	0.00694
405	0.00000
406	0.00000
407	0.00000
408	0.00000
409	0.00000
410	0.00000
411	0.00000
412	0.00000
413	0.00000
414	0.00000
415	0.00000
416	0.00000
417	0.00000
418	0.00000
419	0.00000
420	0.00000
421	0.00000
422	0.00000
423	0.00000
424	0.00000
425	0.00000
426	0.00000
427	0.00000
428	0.00000
429	0.00000
430	0.00000
431	0.00000
432	0.00000
433	0.00000
434	0.00000
435	0.00000
436	0.01250
437	0.01250
438	0.01250
439	0.01429
440	0.01429
441	0.02321
442	0.02321
443	0.00893
444	0.00893
445	0.00893
446	0.00893
447	0.00893
448	0.00000
449	0.00000
450	0.00000
451	0.00000
452	0.00000
453	0.00000
454	0.00000
455	0.00000
456	0.00000
457	0.00000
458	0.00000
459	0.00000
460	0.00000
461	0.00000
462	0.00000
463	0.00000
464	0.00000
465	0.00000
466	0.00000
467	0.00000
468	0.00000
469	0.00000
470	0.00000
471	0.00000
472	0.00000
473	0.00000
474	0.00000
475	0.00000
476	0.00000
477	0.00000
478	0.00000
479	0.00000
480	0.00000
481	0.00000
482	0.00000
483	0.00000
484	0.00000
485	0.00000
486	0.00000
487	0.00000
488	0.00000
489	0.00000
490	0.00000
491	0.00000
492	0.00000
493	0.00000
494	0.00000
495	0.00000
496	0.00000
497	0.00000
498	0.00000
499	0.00000
500	0.00000
501	0.00000
502	0.00000
503	0.00000
504	0.00000
505	0.00000
506	0.00000
507	0.00000
508	0.00000
509	0.00000
510	0.00000
511	0.00000
512	0.00000
513	0.00000
514	0.00000
515	0.00000
516	0.00000
517	0.00000
518	0.00000
519	0.00000
520	0.00000
521	0.00000
522	0.00000
523	0.00000
524	0.00000
525	0.00000
526	0.00000
527	0.00000
528	0.00000
529	0.00000
530	0.00000
531	0.00000
532	0.00000
533	0.00000
534	0.00000
535	0.00000
536	0.00000
537	0.00000
538	0.00000
539	0.00000
540	0.00000
541	0.00000
542	0.00000
543	0.00000
544	0.00000
545	0.00000
546	0.00000
547	0.00000
548	0.00000
549	0.00000
550	0.00000
551	0.00000
552	0.00000
553	0.00000
554	0.00000
555	0.00000
556	0.00000
557	0.00000
558	0.00000
559	0.00000
560	0.00000
561	0.00000
562	0.00000
563	0.00000
564	0.00000
565	0.00000
566	0.00000
567	0.00000
568	0.00000
569	0.00000
570	0.00000
571	0.00000
572	0.00000
573	0.00000
574	0.00000
575	0.00000
576	0.00000
577	0.00000
578	0.00000
579	0.00000
580	0.00000
581	0.00000
582	0.00000
583	0.00000
584	0.00000
585	0.00000
586	0.00000
587	0.00000
588	0.00000
589	0.00000
590	0.00000
591	0.00000
592	0.00000
593	0.00000
594	0.00000
595	0.00000
596	0.00000
597	0.00000
598	0.00000
599	0.00000
600	0.00000
601	0.00000
602	0.00000
603	0.00000
604	0.00000
605	0.00000
606	0.00000
607	0.00000
608	0.00000
609	0.00000
610	0.00000
611	0.00000
612	0.00000
613	0.00000
614	0.00000
615	0.00000
616	0.00000
617	0.00000
618	0.00000
619	0.00000
620	0.00000
621	0.00000
622	0.00000
623	0.00000
624	0.00000
625	0.00000
626	0.00000
627	0.00000
628	0.00000
629	0.00000
630	0.00000
631	0.00000
632	0.00000
633	0.00000
634	0.00000
635	0.00000
636	0.00000
637	0.00000
638	0.00000
639	0.00000
640	0.00000
641	0.00000
642	0.00000
643	0.00000
644	0.00000
645	0.00000
646	0.00000
647	0.00000
648	0.00000
649	0.00000
650	0.00000
651	0.00000
652	0.00000
653	0.00000
654	0.00000
655	0.00000
656	0.00000
657	0.00000
658	0.00000
659	0.00000
660	0.00000
661	0.00000
662	0.00000
663	0.00000
664	0.00000
665	0.00000
666	0.00000
667	0.00000
668	0.00000
669	0.00000
670	0.00000
671	0.00000
672	0.00000
673	0.00000
674	0.00000
675	0.00000
676	0.00000
677	0.00000
678	0.00000
679	0.00000
680	0.00000
681	0.00000
682	0.00000
683	0.00000
684	0.00000
685	0.00000
686	0.00000
687	0.00000
688	0.00000
689	0.00000
690	0.00000
691	0.00000
692	0.00000
693	0.00000
694	0.00000
695	0.00000
696	0.00000
697	0.00000
698	0.00000
699	0.00000
700	0.00000
701	0.00000
702	0.00000
703	0.00000
704	0.00000
705	0.00000
706	0.00000
707	0.00000
708	0.00000
709	0.00000
710	0.00000
711	0.00000
712	0.00000
713	0.00000
714	0.00000
715	0.00000
716	0.00000
717	0.00000
718	0.00000
719	0.00000
720	0.00000
721	0.00000
722	0.00000
723	0.00000
724	0.00000
725	0.00000
726	0.00000
727	0.00000
728	0.00000
729	0.00000
730	0.00000
731	0.00000
732	0.00000
733	0.00000
734	0.00000
735	0.00000
736	0.00000
737	0.00000
738	0.00000
739	0.00000
740	0.00000
741	0.00000
742	0.00000
743	0.00000
744	0.00000
745	0.00000
746	0.00000
747	0.00000
748	0.00000
749	0.00000
750	0.00000
751	0.00000
752	0.00000
753	0.00000
754	0.00000
755	0.00000
756	0.00000
757	0.00000
758	0.00000
759	0.00000
760	0.00000
761	0.00000
762	0.00000
763	0.00000
764	0.00000
765	0.00000
766	0.00000
767	0.00000
768	0.00000
769	0.00000
770	0.00000
771	0.00000
772	0.00000
773	0.00000
774	0.00000
775	0.00000
776	0.00000
777	0.00000
778	0.00000
779	0.00000
780	0.00000
781	0.00000
782	0.00000
783	0.00000
784	0.00000
785	0.00000
786	0.00000
787	0.00000
788	0.00000
789	0.00000
790	0.00000
791	0.00000
792	0.00000
793	0.00000
794	0.00000
795	0.00000
796	0.00000
797	0.00000
798	0.00000
799	0.00000
800	0.00000
801	0.00000
802	0.00000
803	0.00000
804	0.00000
805	0.00000
806	0.00000
807	0.00000
808	0.00000
809	0.00000
810	0.00000
811	0.00000
812	0.00000
813	0.00000
814	0.00000
815	0.00000
816	0.00000
817	0.00000
818	0.00000
819	0.00000
820	0.00000
821	0.00000
822	0.00000
823	0.00000
824	0.00000
825	0.00000
826	0.00000
827	0.00000
828	0.00000
829	0.00000
830	0.00000
831	0.00000
832	0.00000
833	0.00000
834	0.00000
835	0.00000
836	0.00000
837	0.00000
838	0.00000
839	0.00000
840	0.00000
841	0.00000
842	0.00000
843	0.00000
844	0.00000
845	0.00000
846	0.00000
847	0.00000
848	0.00000
849	0.00000
850	0.00000
851	0.00000
852	0.00000
853	0.00000
854	0.00000
855	0.00000
856	0.00000
857	0.00000
858	0.00000
859	0.00000
860	0.00000
861	0.00000
862	0.00000
863	0.00000
864	0.00000
865	0.00000
866	0.00000
867	0.00000
868	0.00000
869	0.00000
870	0.00000
871	0.00000
872	0.00000
873	0.00000
874	0.00000
875	0.00000
876	0.00000
877	0.00000
878	0.00000
879	0.00000
880	0.00000
881	0.00000
882	0.00000
883	0.00000
884	0.00000
885	0.00000
886	0.00000
887	0.00000
888	0.00000
889	0.00000
890	0.00000
891	0.00000
892	0.00000
893	0.00000
894	0.00000
895	0.00000
896	0.00000
897	0.00000
898	0.00000
899	0.00000
900	0.00000
901	0.00000
902	0.00000
903	0.00000
904	0.00000
905	0.00000
906	0.00000
907	0.00000
908	0.00000
909	0.00000
910	0.00000
911	0.00000
912	0.00000
913	0.00000
914	0.00000
915	0.00000
916	0.00000
917	0.00000
918	0.00000
919	0.00000
920	0.00000
921	0.00000
922	0.00000
923	0.00000
924	0.00000
925	0.00000
926	0.00000
927	0.00000
928	0.00000
929	0.00000
930	0.00000
931	0.00000
932	0.00000
933	0.00000
934	0.00000
935	0.00000
936	0.00000
937	0.00000
938	0.00000
939	0.00000
940	0.00000
941	0.00000
942	0.00000
943	0.00000
944	0.00000
945	0.00000
946	0.00000
947	0.00000
948	0.00000
949	0.00000
950	0.00000
951	0.00000
952	0.00000
953	0.00000
954	0.00000
955	0.00000
956	0.00000
957	0.00000
958	0.00000
959	0.00000
960	0.00000
961	0.00000
962	0.00000
963	0.00000
964	0.00000
965	0.00000
966	0.00000
967	0.00000
968	0.00000
969	0.00000
970	0.00000
971	0.00000
972	0.00000
973	0.00000
974	0.00000
975	0.00000
976	0.00000
977	0.00000
978	0.00000
979	0.00000
980	0.00000
981	0.00000
982	0.00000
983	0.00000
984	0.00000
985	0.00000
986	0.00000
987	0.00000
988	0.00000
989	0.00000
990	0.00000
991	0.00000
992	0.00000
993	0.00000
994	0.00000
995	0.00000
996	0.00000
997	0.00000
998	0.00000
999	0.00000
