0	0.00500
1	0.01050
2	0.02050
3	0.03450
4	0.06200
5	0.10950
6	0.17000
7	0.23150
8	0.29550
9	0.36100
10	0.42700
11	0.47400
12	0.53150
13	0.57250
14	0.60700
15	0.63300
16	0.65050
17	0.66600
18	0.67600
19	0.68400
20	0.69150
21	0.69850
22	0.70700
23	0.70900
24	0.71050
25	0.71300
26	0.71400
27	0.71450
28	0.71500
29	0.71500
30	0.71550
31	0.71550
32	0.71650
33	0.71700
34	0.71700
35	0.71700
36	0.71700
37	0.71700
38	0.71700
39	0.71700
40	0.71750
41	0.71750
42	0.71750
43	0.71850
44	0.71950
45	0.71950
46	0.71950
47	0.71950
48	0.71950
49	0.71950
50	0.71950
51	0.71950
52	0.71950
53	0.71950
54	0.71950
55	0.71950
56	0.71950
57	0.71950
58	0.71950
59	0.71950
60	0.71950
61	0.71950
62	0.71950
63	0.71950
64	0.71950
65	0.71950
66	0.71950
67	0.71950
68	0.71950
69	0.71950
70	0.71950
71	0.71950
72	0.71950
73	0.71950
74	0.71950
75	0.71950
76	0.71950
77	0.71950
78	0.71950
79	0.71950
80	0.71950
81	0.71950
82	0.71950
83	0.71950
84	0.71950
85	0.71950
86	0.71950
87	0.71950
88	0.71950
89	0.71950
90	0.71950
91	0.71950
92	0.71950
93	0.71950
94	0.71950
95	0.71950
96	0.71950
97	0.71950
98	0.71950
99	0.71950
