0	0.00000
1	0.00000
2	0.00000
3	0.02885
4	0.05499
5	0.21168
6	0.37148
7	0.52556
8	0.75018
9	0.90398
10	0.92601
11	1.24125
12	1.35394
13	1.33390
14	1.32295
15	1.12581
16	1.06072
17	1.01291
18	0.88743
19	0.78370
20	0.75808
21	0.71767
22	0.68725
23	0.67216
24	0.58940
25	0.52793
26	0.50337
27	0.45775
28	0.43044
29	0.37030
30	0.34603
31	0.33979
32	0.30220
33	0.25464
34	0.20773
35	0.17567
36	0.15208
37	0.12153
38	0.08227
39	0.07475
40	0.08154
41	0.05891
42	0.02303
43	0.04888
44	0.04958
45	0.03251
46	0.03069
47	0.02357
48	0.03668
49	0.00673
50	0.00463
51	-0.01333
52	-0.00573
53	0.04276
54	0.01883
55	-0.00228
56	-0.00514
57	-0.00046
58	0.03107
59	-0.00219
60	0.00169
61	-0.00969
62	-0.01161
63	-0.00959
64	0.04618
65	0.00105
66	-0.01460
67	0.01268
68	0.00088
69	-0.00699
70	0.00899
71	-0.00825
72	0.00974
73	-0.00782
74	-0.02770
75	0.00636
76	0.02051
77	-0.01625
78	-0.00076
79	-0.00765
80	0.00059
81	-0.00992
82	0.01674
83	0.02672
84	-0.01659
85	-0.00975
86	0.01406
87	0.01526
88	0.00027
89	-0.02099
90	0.01331
91	-0.00955
92	-0.00438
93	-0.00224
94	0.00123
95	0.01990
96	-0.00098
97	0.01516
98	0.00297
99	0.02884
100	0.00277
101	0.00925
102	0.00876
103	-0.00975
104	-0.01952
105	-0.01511
106	-0.00383
107	0.01837
108	0.02590
109	0.00274
110	0.00283
111	-0.01228
112	0.02307
113	0.01957
114	-0.00002
115	0.00348
116	-0.01387
117	-0.01625
118	-0.02669
119	-0.03410
120	-0.01210
121	0.01013
122	0.01261
123	0.02934
124	0.00705
125	-0.01365
126	0.02175
127	0.00642
128	-0.01258
129	-0.00642
130	0.00874
131	-0.00871
132	-0.02095
133	-0.00709
134	-0.00499
135	0.01179
136	-0.01303
137	0.02115
138	-0.01411
139	0.00557
140	0.04807
141	0.02089
142	-0.00535
143	-0.01248
144	-0.00121
145	-0.00819
146	-0.01354
147	0.02309
148	0.02124
149	0.01476
150	-0.01326
151	-0.01748
152	0.01419
153	0.02560
154	0.00605
155	-0.02145
156	-0.01996
157	0.00009
158	-0.03170
159	-0.01844
160	-0.00373
161	-0.00706
162	0.01120
163	0.00032
164	-0.00463
165	0.00198
166	0.00818
167	0.03281
168	0.04125
169	-0.02377
170	0.01563
171	0.01824
172	-0.00524
173	-0.04219
174	-0.02292
175	-0.00634
176	-0.00223
177	0.05071
178	0.02177
179	0.00946
180	-0.01161
181	-0.02032
182	0.01300
183	-0.00599
184	-0.01724
185	0.00127
186	0.01267
187	-0.00982
188	-0.01767
189	0.02007
