0	0.00000
1	0.00000
2	0.00000
3	0.00050
4	0.00100
5	0.00000
6	0.00050
7	0.00150
8	0.00050
9	0.00100
10	0.00300
11	0.00150
12	0.00150
13	0.00250
14	0.00250
15	0.00250
16	0.00300
17	0.00350
18	0.00500
19	0.00450
20	0.00400
21	0.00550
22	0.00150
23	0.00250
24	0.00400
25	0.00350
26	0.00500
27	0.00750
28	0.00650
29	0.00850
30	0.01050
31	0.00600
32	0.00550
33	0.00700
34	0.00900
35	0.01200
36	0.01000
37	0.01000
38	0.00850
39	0.01350
40	0.00750
41	0.00850
42	0.01300
43	0.01500
44	0.01850
45	0.01400
46	0.01600
47	0.01550
48	0.01850
49	0.01950
50	0.02200
51	0.01500
52	0.01500
53	0.01500
54	0.01300
55	0.01900
56	0.01400
57	0.01550
58	0.02200
59	0.01350
60	0.01700
61	0.01250
62	0.01750
63	0.01400
64	0.02100
65	0.01600
66	0.01050
67	0.01400
68	0.01600
69	0.01050
70	0.01600
71	0.01350
72	0.00350
73	0.01350
74	0.00950
75	0.01450
76	0.00900
77	0.00950
78	0.01300
79	0.00650
80	0.01100
81	0.00450
82	0.00900
83	0.01000
84	0.01050
85	0.00500
86	0.00850
87	0.01000
88	0.00800
89	0.00500
90	0.00500
91	0.00450
92	0.01100
93	0.00500
94	0.00550
95	0.00450
96	0.00700
97	0.00550
98	0.00450
99	0.00750
100	0.00350
101	0.00050
102	0.00500
103	0.00650
104	0.00350
105	0.00250
106	0.00200
107	0.00100
108	0.00400
109	0.00400
110	0.00300
111	0.00350
112	0.00250
113	0.00300
114	0.00300
115	0.00200
116	0.00300
117	0.00350
118	0.00200
119	0.00500
120	0.00150
121	0.00050
122	0.00150
123	0.00050
124	0.00000
125	0.00100
126	0.00350
127	0.00000
128	0.00200
129	0.00150
130	0.00050
131	0.00100
132	0.00050
133	0.00150
134	0.00050
135	0.00200
136	0.00150
137	0.00000
138	0.00100
139	0.00050
140	0.00200
141	0.00050
142	0.00000
143	0.00200
144	0.00050
145	0.00050
146	0.00100
147	0.00000
148	0.00000
149	0.00000
150	0.00100
151	0.00000
152	0.00000
153	0.00000
154	0.00000
155	0.00050
156	0.00000
157	0.00050
158	0.00050
159	0.00050
160	0.00050
161	0.00000
162	0.00050
163	0.00000
164	0.00000
165	0.00000
166	0.00100
167	0.00050
168	0.00150
169	0.00000
170	0.00000
171	0.00000
172	0.00050
173	0.00050
174	0.00000
175	0.00000
176	0.00000
177	0.00000
178	0.00000
179	0.00100
