0	0.00000
1	0.00000
2	0.00000
3	0.00000
4	0.00000
5	0.00579
6	0.06219
7	0.06186
8	0.06752
9	0.11679
10	0.15797
11	0.20879
12	0.31513
13	0.30127
14	0.34065
15	0.38616
16	0.37538
17	0.36604
18	0.37982
19	0.41196
20	0.45161
21	0.53108
22	0.54819
23	0.55807
24	0.50640
25	0.46364
26	0.45400
27	0.42777
28	0.40533
29	0.41174
30	0.44029
31	0.49204
32	0.55474
33	0.49681
34	0.44340
35	0.43020
36	0.45868
37	0.48141
38	0.43868
39	0.39619
40	0.35980
41	0.35907
42	0.32967
43	0.29268
44	0.29145
45	0.30068
46	0.31430
47	0.29441
48	0.28328
49	0.29033
50	0.28420
51	0.27911
52	0.26678
53	0.23103
54	0.20453
55	0.19147
56	0.18090
57	0.17310
58	0.16006
59	0.15033
60	0.15931
61	0.14247
62	0.13759
63	0.12707
64	0.11969
65	0.11226
66	0.12089
67	0.11530
68	0.10732
69	0.10514
70	0.10417
71	0.09352
72	0.09337
73	0.08441
74	0.06966
75	0.06881
76	0.06440
77	0.06786
78	0.06183
79	0.06319
80	0.06120
81	0.05766
82	0.05660
83	0.04985
84	0.04599
85	0.04662
86	0.04683
87	0.04177
88	0.04074
89	0.04112
90	0.04245
91	0.03814
92	0.03452
93	0.02895
94	0.03231
95	0.02912
96	0.02746
97	0.02586
98	0.02655
99	0.02603
100	0.02683
101	0.02569
102	0.02330
103	0.02001
104	0.01963
105	0.02244
106	0.02119
107	0.01969
108	0.01753
109	0.01610
110	0.01635
111	0.01590
112	0.01362
113	0.01233
114	0.01247
115	0.01244
116	0.01257
117	0.01299
118	0.01369
119	0.01257
120	0.01142
121	0.01451
122	0.01261
123	0.01214
124	0.01126
125	0.00858
126	0.00689
127	0.00633
128	0.00454
129	0.00339
130	0.00363
131	0.00527
132	0.00529
133	0.00518
134	0.00569
135	0.00535
136	0.00619
137	0.00686
138	0.00452
139	0.00391
140	0.00530
141	0.00503
142	0.00439
143	0.00362
144	0.00280
145	0.00412
146	0.00425
147	0.00391
148	0.00272
149	0.00264
150	0.00254
151	0.00254
152	0.00115
153	0.00099
154	0.00024
155	0.00024
156	0.00024
157	0.00037
158	0.00038
159	0.00027
160	0.00074
161	0.00203
162	0.00237
163	0.00237
164	0.00239
165	0.00239
166	0.00221
167	0.00177
168	0.00076
169	0.00099
170	0.00150
171	0.00130
172	0.00111
173	0.00097
174	0.00116
175	0.00079
176	0.00055
177	0.00018
178	0.00018
179	0.00020
