0	0.00500
1	0.01550
2	0.04050
3	0.10850
4	0.26650
5	0.50100
6	0.68200
7	0.76800
8	0.79250
9	0.79900
10	0.80000
11	0.80000
12	0.80000
13	0.80050
14	0.80050
15	0.80050
16	0.80050
17	0.80050
18	0.80050
19	0.80050
20	0.80050
21	0.80050
22	0.80050
23	0.80050
24	0.80050
25	0.80050
26	0.80050
27	0.80050
28	0.80050
29	0.80050
30	0.80050
31	0.80050
32	0.80050
33	0.80050
34	0.80050
35	0.80050
36	0.80050
37	0.80050
38	0.80050
39	0.80050
40	0.80050
41	0.80050
42	0.80050
43	0.80050
44	0.80050
45	0.80050
46	0.80050
47	0.80050
48	0.80050
49	0.80050
50	0.80050
51	0.80050
52	0.80050
53	0.80050
54	0.80050
55	0.80050
56	0.80050
57	0.80050
58	0.80050
59	0.80050
60	0.80050
61	0.80050
62	0.80050
63	0.80050
64	0.80050
65	0.80050
66	0.80050
67	0.80050
68	0.80050
69	0.80050
70	0.80050
71	0.80050
72	0.80050
73	0.80050
74	0.80050
75	0.80050
76	0.80050
77	0.80050
78	0.80050
79	0.80050
80	0.80050
81	0.80050
82	0.80050
83	0.80050
84	0.80050
85	0.80050
86	0.80050
87	0.80050
88	0.80050
89	0.80050
90	0.80050
91	0.80050
92	0.80050
93	0.80050
94	0.80050
95	0.80050
96	0.80050
97	0.80050
98	0.80050
99	0.80050
100	0.80050
101	0.80050
102	0.80050
103	0.80050
104	0.80050
105	0.80050
106	0.80050
107	0.80050
108	0.80050
109	0.80050
110	0.80050
111	0.80050
112	0.80050
113	0.80050
114	0.80050
115	0.80050
116	0.80050
117	0.80050
118	0.80050
119	0.80050
120	0.80050
121	0.80050
122	0.80050
123	0.80050
124	0.80050
125	0.80050
126	0.80050
127	0.80050
128	0.80050
129	0.80050
130	0.80050
131	0.80050
132	0.80050
133	0.80050
134	0.80050
135	0.80050
136	0.80050
137	0.80050
138	0.80050
139	0.80050
140	0.80050
141	0.80050
142	0.80050
143	0.80050
144	0.80050
145	0.80050
146	0.80050
147	0.80050
148	0.80050
149	0.80050
