0	0.00000
1	0.00150
2	0.00050
3	0.00100
4	0.00150
5	0.00050
6	0.00350
7	0.00300
8	0.00250
9	0.00200
10	0.00400
11	0.00350
12	0.00300
13	0.00600
14	0.00400
15	0.00450
16	0.00300
17	0.00350
18	0.00450
19	0.00650
20	0.00350
21	0.00550
22	0.00700
23	0.00850
24	0.00650
25	0.00650
26	0.00750
27	0.00700
28	0.01000
29	0.01550
30	0.01100
31	0.01050
32	0.01400
33	0.01400
34	0.01200
35	0.01300
36	0.01150
37	0.01050
38	0.01450
39	0.01150
40	0.01300
41	0.01600
42	0.01150
43	0.01200
44	0.00950
45	0.01350
46	0.01300
47	0.01000
48	0.01300
49	0.00750
50	0.01100
51	0.00700
52	0.01100
53	0.00650
54	0.00900
55	0.01150
56	0.00500
57	0.00500
58	0.00850
59	0.00550
60	0.00650
61	0.00550
62	0.00350
63	0.00350
64	0.00350
65	0.00200
66	0.00400
67	0.00300
68	0.00000
69	0.00250
70	0.00050
71	0.00200
72	0.00350
73	0.00050
74	0.00400
75	0.00100
76	0.00150
77	0.00100
78	0.00050
79	0.00100
80	0.00150
81	0.00150
82	0.00000
83	0.00100
84	0.00100
85	0.00100
86	0.00150
87	0.00000
88	0.00000
89	0.00050
90	0.00000
91	0.00000
92	0.00000
93	0.00000
94	0.00000
95	0.00050
96	0.00000
97	0.00000
98	0.00000
99	0.00000
