0	0.00000
1	0.00000
2	0.00000
3	0.18182
4	0.16667
5	0.23077
6	0.35714
7	0.33333
8	0.58824
9	0.65000
10	0.65217
11	0.55556
12	0.56250
13	0.50000
14	0.43182
15	0.47059
16	0.43103
17	0.39394
18	0.32432
19	0.29630
20	0.26667
21	0.28283
22	0.25234
23	0.25000
24	0.26190
25	0.28467
26	0.26846
27	0.25466
28	0.24713
29	0.22872
30	0.23645
31	0.27602
32	0.27197
33	0.25969
34	0.26071
35	0.25743
36	0.23476
37	0.21751
38	0.19789
39	0.17866
40	0.17483
41	0.16336
42	0.15690
43	0.16071
44	0.14934
45	0.14079
46	0.12241
47	0.12252
48	0.11746
49	0.10703
50	0.10619
51	0.09286
52	0.09003
53	0.07661
54	0.07723
55	0.06769
56	0.06484
57	0.06951
58	0.05974
59	0.05158
60	0.05178
61	0.04638
62	0.04454
63	0.04057
64	0.03575
65	0.03105
66	0.02646
67	0.02204
68	0.02185
69	0.02066
70	0.01437
71	0.01430
72	0.01016
73	0.01012
74	0.01310
75	0.01004
76	0.01502
77	0.01296
78	0.01192
79	0.00989
80	0.00789
81	0.00688
82	0.00686
83	0.00783
84	0.00586
85	0.00585
86	0.00584
87	0.00583
88	0.00678
89	0.00484
90	0.00386
91	0.00289
92	0.00193
93	0.00096
94	0.00096
95	0.00096
96	0.00096
97	0.00096
98	0.00096
99	0.00096
