0	0	0	0	0	0	
1	999	0	0	0	0	
2	999	0	0	0	0	
3	997	0	0	0	0	
4	996	0	0	0	0	
5	996	0	0	0	0	
6	991	0	0	0	0	
7	987	0	0	0	0	
8	0	986	0	0	0	
9	0	0	983	0	0	
10	0	0	0	979	0	
11	0	0	0	0	979	
12	0	0	0	0	979	
13	0	0	0	0	978	
14	0	0	0	0	978	
15	0	0	0	0	978	
16	0	0	0	0	978	
17	0	0	0	0	978	
18	0	0	0	0	978	
19	0	0	0	0	978	
20	0	0	0	0	978	
21	0	0	0	0	978	
22	0	0	0	0	978	
23	0	0	0	0	978	
24	0	0	0	0	978	
25	0	0	0	0	978	
26	0	0	0	0	978	
27	0	0	0	0	977	
28	0	0	0	0	975	
29	0	0	0	0	975	
30	0	0	0	0	974	
31	0	0	0	0	973	
32	0	0	0	0	973	
33	0	0	0	0	972	
34	0	0	0	0	972	
35	0	0	0	0	972	
36	0	0	0	0	972	
37	0	0	0	0	971	
38	0	0	0	0	970	
39	0	0	0	0	968	
40	0	0	0	0	968	
41	0	0	0	0	966	
42	0	0	0	0	966	
43	0	0	0	0	966	
44	0	0	0	0	966	
45	0	0	0	0	966	
46	0	0	0	0	966	
47	0	0	0	0	966	
48	0	0	0	0	965	
49	0	0	0	0	965	
50	0	0	0	0	964	
51	0	0	0	0	964	
52	0	0	0	0	963	
53	0	0	0	0	963	
54	0	0	0	0	963	
55	0	0	0	0	962	
56	0	0	0	0	962	
57	0	0	0	0	961	
58	0	0	0	0	961	
59	0	0	0	0	961	
60	0	0	0	0	960	
61	0	0	0	0	960	
62	0	0	0	0	959	
63	0	0	0	0	959	
64	0	0	0	0	959	
65	0	0	0	0	959	
66	0	0	0	0	958	
67	0	0	0	0	958	
68	0	0	0	0	958	
69	0	0	0	0	958	
70	0	0	0	0	958	
71	0	0	0	0	958	
72	0	0	0	0	957	
73	0	0	0	0	956	
74	0	0	0	0	956	
75	0	0	0	0	956	
76	0	0	0	0	956	
77	0	0	0	0	956	
78	0	0	0	0	956	
79	0	0	0	0	955	
80	0	0	0	0	955	
81	0	0	0	0	955	
82	0	0	0	0	955	
83	0	0	0	0	955	
84	0	0	0	0	955	
85	0	0	0	0	955	
86	0	0	0	0	955	
87	0	0	0	0	955	
88	0	0	0	0	955	
89	0	0	0	0	955	
90	0	0	0	0	955	
91	0	0	0	0	955	
92	0	0	0	0	955	
93	0	0	0	0	955	
94	0	0	0	0	955	
95	0	0	0	0	955	
96	0	0	0	0	955	
97	0	0	0	0	955	
98	0	0	0	0	955	
99	0	0	0	0	955	
