0	0.00000
1	0.00000
2	0.00000
3	0.00229
4	0.18031
5	0.35432
6	0.76573
7	1.23543
8	1.43236
9	1.52912
10	1.50903
11	1.39642
12	1.20465
13	0.99393
14	0.78761
15	0.60505
16	0.46088
17	0.34339
18	0.27434
19	0.21628
20	0.17437
21	0.13808
22	0.10955
23	0.08705
24	0.07118
25	0.05786
26	0.04962
27	0.04584
28	0.03810
29	0.03341
30	0.03065
31	0.02611
32	0.02216
33	0.01735
34	0.01223
35	0.01056
36	0.00850
37	0.00710
38	0.00596
39	0.00498
40	0.00475
41	0.00405
42	0.00299
43	0.00295
44	0.00097
45	0.00093
46	0.00013
47	0.00003
48	0.00000
49	0.00000
50	0.00000
51	0.00000
52	0.00000
53	0.00000
54	0.00000
55	0.00000
56	0.00000
57	0.00000
58	0.00000
59	0.00000
60	0.00000
61	0.00000
62	0.00000
63	0.00000
64	0.00000
65	0.00000
66	0.00000
67	0.00000
68	0.00000
69	0.00000
70	0.00000
71	0.00000
72	0.00000
73	0.00000
74	0.00000
75	0.00000
76	0.00000
77	0.00000
78	0.00000
79	0.00000
80	0.00000
81	0.00000
82	0.00000
83	0.00000
84	0.00000
85	0.00000
86	0.00000
87	0.00000
88	0.00000
89	0.00000
90	0.00000
91	0.00000
92	0.00000
93	0.00000
94	0.00000
95	0.00000
96	0.00000
97	0.00000
98	0.00000
99	0.00000
