0	0.00000
1	0.00000
2	0.00000
3	0.01373
4	0.08799
5	0.15386
6	0.34985
7	0.73011
8	1.10174
9	1.32566
10	1.37614
11	1.33428
12	1.17634
13	1.00485
14	0.81865
15	0.63450
16	0.48077
17	0.35664
18	0.28664
19	0.22786
20	0.18255
21	0.14460
22	0.11467
23	0.09259
24	0.07455
25	0.06038
26	0.05154
27	0.04643
28	0.03739
29	0.03102
30	0.02757
31	0.02301
32	0.01945
33	0.01516
34	0.01042
35	0.00901
36	0.00772
37	0.00622
38	0.00523
39	0.00505
40	0.00504
41	0.00431
42	0.00354
43	0.00347
44	0.00203
45	0.00203
46	0.00098
47	0.00072
48	0.00000
49	0.00000
50	0.00000
51	0.00000
52	0.00000
53	0.00000
54	0.00000
55	0.00000
56	0.00000
57	0.00000
58	0.00000
59	0.00000
60	0.00000
61	0.00000
62	0.00000
63	0.00000
64	0.00000
65	0.00000
66	0.00000
67	0.00000
68	0.00000
69	0.00000
70	0.00000
71	0.00000
72	0.00000
73	0.00000
74	0.00000
75	0.00000
76	0.00000
77	0.00000
78	0.00000
79	0.00000
80	0.00000
81	0.00000
82	0.00000
83	0.00000
84	0.00000
85	0.00000
86	0.00000
87	0.00000
88	0.00000
89	0.00000
90	0.00000
91	0.00000
92	0.00000
93	0.00000
94	0.00000
95	0.00000
96	0.00000
97	0.00000
98	0.00000
99	0.00000
