0	0	0	0	0	0	
1	749	0	0	0	0	
2	747	0	0	0	0	
3	740	2	0	0	0	
4	596	140	2	0	0	
5	431	153	139	2	0	
6	192	227	149	136	2	
7	61	127	217	146	133	
8	23	33	119	211	276	
9	16	5	31	113	484	
10	14	0	6	27	594	
11	11	0	1	5	621	
12	9	0	1	0	624	
13	7	0	1	0	616	
14	6	0	1	0	615	
15	5	0	1	0	611	
16	4	0	1	0	609	
17	4	0	1	0	607	
18	3	0	1	0	607	
19	3	0	1	0	607	
20	3	0	1	0	607	
21	3	0	1	0	607	
22	1	0	1	0	606	
23	1	0	1	0	605	
24	1	0	1	0	604	
25	1	0	1	0	604	
26	1	0	1	0	604	
27	1	0	1	0	604	
28	1	0	1	0	604	
29	1	0	1	0	604	
30	1	0	1	0	603	
31	1	0	1	0	603	
32	1	0	1	0	603	
33	1	0	1	0	603	
34	1	0	1	0	603	
35	1	0	1	0	603	
36	1	0	1	0	603	
37	1	0	1	0	603	
38	0	0	1	0	603	
39	0	0	1	0	603	
40	0	0	1	0	603	
41	0	0	1	0	603	
42	0	0	1	0	603	
43	0	0	1	0	603	
44	0	0	1	0	603	
45	0	0	1	0	603	
46	0	0	1	0	603	
47	0	0	1	0	603	
48	0	0	1	0	603	
49	0	0	1	0	603	
50	0	0	1	0	603	
51	0	0	1	0	603	
52	0	0	1	0	603	
53	0	0	1	0	603	
54	0	0	1	0	603	
55	0	0	1	0	603	
56	0	0	1	0	603	
57	0	0	1	0	603	
58	0	0	1	0	603	
59	0	0	1	0	603	
60	0	0	1	0	603	
61	0	0	1	0	603	
62	0	0	1	0	603	
63	0	0	1	0	603	
64	0	0	1	0	603	
65	0	0	1	0	603	
66	0	0	1	0	603	
67	0	0	1	0	603	
68	0	0	1	0	603	
69	0	0	1	0	603	
70	0	0	1	0	603	
71	0	0	1	0	603	
72	0	0	1	0	603	
73	0	0	1	0	603	
74	0	0	1	0	603	
75	0	0	1	0	603	
76	0	0	1	0	603	
77	0	0	1	0	603	
78	0	0	1	0	603	
79	0	0	1	0	603	
80	0	0	1	0	603	
81	0	0	1	0	603	
82	0	0	1	0	603	
83	0	0	1	0	603	
84	0	0	1	0	603	
85	0	0	1	0	603	
86	0	0	1	0	603	
87	0	0	1	0	603	
88	0	0	1	0	603	
89	0	0	1	0	603	
90	0	0	1	0	603	
91	0	0	1	0	603	
92	0	0	1	0	603	
93	0	0	1	0	603	
94	0	0	1	0	603	
95	0	0	1	0	603	
96	0	0	1	0	603	
97	0	0	1	0	603	
98	0	0	1	0	603	
99	0	0	1	0	603	
