0	0.00500
1	0.00950
2	0.01850
3	0.03150
4	0.05600
5	0.09850
6	0.14700
7	0.20950
8	0.27750
9	0.34450
10	0.40200
11	0.45950
12	0.50700
13	0.54650
14	0.57800
15	0.59900
16	0.62350
17	0.64200
18	0.65400
19	0.66550
20	0.67350
21	0.67950
22	0.68300
23	0.68850
24	0.69150
25	0.69550
26	0.69850
27	0.70050
28	0.70200
29	0.70350
30	0.70350
31	0.70400
32	0.70450
33	0.70450
34	0.70500
35	0.70500
36	0.70500
37	0.70550
38	0.70550
39	0.70550
40	0.70550
41	0.70550
42	0.70550
43	0.70550
44	0.70550
45	0.70550
46	0.70550
47	0.70550
48	0.70550
49	0.70550
50	0.70550
51	0.70550
52	0.70550
53	0.70550
54	0.70550
55	0.70550
56	0.70550
57	0.70550
58	0.70550
59	0.70550
60	0.70550
61	0.70550
62	0.70550
63	0.70550
64	0.70550
65	0.70550
66	0.70550
67	0.70550
68	0.70550
69	0.70550
70	0.70550
71	0.70550
72	0.70550
73	0.70550
74	0.70550
75	0.70550
76	0.70550
77	0.70550
78	0.70550
79	0.70550
80	0.70550
81	0.70550
82	0.70550
83	0.70550
84	0.70550
85	0.70550
86	0.70550
87	0.70550
88	0.70550
89	0.70550
90	0.70550
91	0.70550
92	0.70550
93	0.70550
94	0.70550
95	0.70550
96	0.70550
97	0.70550
98	0.70550
99	0.70550
