0	0.00000
1	0.00000
2	0.00000
3	0.06134
4	0.24785
5	0.47773
6	0.79443
7	1.12841
8	1.25443
9	1.36655
10	1.35747
11	1.21432
12	0.99837
13	0.80753
14	0.60659
15	0.45572
16	0.33879
17	0.24767
18	0.19280
19	0.15100
20	0.11732
21	0.09175
22	0.07339
23	0.05951
24	0.04666
25	0.03873
26	0.03138
27	0.02676
28	0.02293
29	0.01957
30	0.01670
31	0.01575
32	0.01208
33	0.00939
34	0.00744
35	0.00536
36	0.00460
37	0.00352
38	0.00190
39	0.00228
40	0.00187
41	0.00118
42	0.00118
43	0.00039
44	0.00039
45	0.00039
46	0.00000
47	0.00000
48	0.00000
49	0.00000
50	0.00000
51	0.00000
52	0.00000
53	0.00000
54	0.00000
55	0.00000
56	0.00000
57	0.00000
58	0.00000
59	0.00000
60	0.00000
61	0.00000
62	0.00000
63	0.00000
64	0.00000
65	0.00000
66	0.00000
67	0.00000
68	0.00000
69	0.00000
70	0.00000
71	0.00000
72	0.00000
73	0.00000
74	0.00000
75	0.00000
76	0.00000
77	0.00000
78	0.00000
79	0.00000
80	0.00000
81	0.00000
82	0.00000
83	0.00000
84	0.00000
85	0.00000
86	0.00000
87	0.00000
88	0.00000
89	0.00000
90	0.00000
91	0.00000
92	0.00000
93	0.00000
94	0.00000
95	0.00000
96	0.00000
97	0.00000
98	0.00000
99	0.00000
