0	0.00500
1	0.01400
2	0.03150
3	0.08400
4	0.20650
5	0.41000
6	0.61050
7	0.71200
8	0.75700
9	0.76950
10	0.77250
11	0.77300
12	0.77300
13	0.77300
14	0.77300
15	0.77300
16	0.77300
17	0.77300
18	0.77300
19	0.77300
20	0.77300
21	0.77300
22	0.77300
23	0.77300
24	0.77300
25	0.77300
26	0.77300
27	0.77300
28	0.77300
29	0.77300
30	0.77300
31	0.77300
32	0.77300
33	0.77300
34	0.77300
35	0.77300
36	0.77300
37	0.77300
38	0.77300
39	0.77300
40	0.77300
41	0.77300
42	0.77300
43	0.77300
44	0.77300
45	0.77300
46	0.77300
47	0.77300
48	0.77300
49	0.77300
50	0.77300
51	0.77300
52	0.77300
53	0.77300
54	0.77300
55	0.77300
56	0.77300
57	0.77300
58	0.77300
59	0.77300
60	0.77300
61	0.77300
62	0.77300
63	0.77300
64	0.77300
65	0.77300
66	0.77300
67	0.77300
68	0.77300
69	0.77300
70	0.77300
71	0.77300
72	0.77300
73	0.77300
74	0.77300
75	0.77300
76	0.77300
77	0.77300
78	0.77300
79	0.77300
80	0.77300
81	0.77300
82	0.77300
83	0.77300
84	0.77300
85	0.77300
86	0.77300
87	0.77300
88	0.77300
89	0.77300
90	0.77300
91	0.77300
92	0.77300
93	0.77300
94	0.77300
95	0.77300
96	0.77300
97	0.77300
98	0.77300
99	0.77300
100	0.77300
101	0.77300
102	0.77300
103	0.77300
104	0.77300
105	0.77300
106	0.77300
107	0.77300
108	0.77300
109	0.77300
110	0.77300
111	0.77300
112	0.77300
113	0.77300
114	0.77300
115	0.77300
116	0.77300
117	0.77300
118	0.77300
119	0.77300
120	0.77300
121	0.77300
122	0.77300
123	0.77300
124	0.77300
125	0.77300
126	0.77300
127	0.77300
128	0.77300
129	0.77300
130	0.77300
131	0.77300
132	0.77300
133	0.77300
134	0.77300
135	0.77300
136	0.77300
137	0.77300
138	0.77300
139	0.77300
140	0.77300
141	0.77300
142	0.77300
143	0.77300
144	0.77300
145	0.77300
146	0.77300
147	0.77300
148	0.77300
149	0.77300
