0	0.00500
1	0.01100
2	0.03300
3	0.09750
4	0.25350
5	0.48550
6	0.67600
7	0.74950
8	0.77400
9	0.78200
10	0.78300
11	0.78300
12	0.78300
13	0.78300
14	0.78300
15	0.78300
16	0.78300
17	0.78300
18	0.78300
19	0.78300
20	0.78300
21	0.78300
22	0.78300
23	0.78300
24	0.78300
25	0.78300
26	0.78300
27	0.78300
28	0.78300
29	0.78300
30	0.78300
31	0.78300
32	0.78300
33	0.78300
34	0.78300
35	0.78300
36	0.78300
37	0.78300
38	0.78300
39	0.78300
40	0.78300
41	0.78300
42	0.78300
43	0.78300
44	0.78300
45	0.78300
46	0.78300
47	0.78300
48	0.78300
49	0.78300
50	0.78300
51	0.78300
52	0.78300
53	0.78300
54	0.78300
55	0.78300
56	0.78300
57	0.78300
58	0.78300
59	0.78300
60	0.78300
61	0.78300
62	0.78300
63	0.78300
64	0.78300
65	0.78300
66	0.78300
67	0.78300
68	0.78300
69	0.78300
70	0.78300
71	0.78300
72	0.78300
73	0.78300
74	0.78300
75	0.78300
76	0.78300
77	0.78300
78	0.78300
79	0.78300
80	0.78300
81	0.78300
82	0.78300
83	0.78300
84	0.78300
85	0.78300
86	0.78300
87	0.78300
88	0.78300
89	0.78300
90	0.78300
91	0.78300
92	0.78300
93	0.78300
94	0.78300
95	0.78300
96	0.78300
97	0.78300
98	0.78300
99	0.78300
