0	0.00000
1	0.00050
2	0.00050
3	0.00050
4	0.00000
5	0.00300
6	0.00250
7	0.00050
8	0.00200
9	0.00050
10	0.00150
11	0.00200
12	0.00250
13	0.00200
14	0.00100
15	0.00100
16	0.00200
17	0.00250
18	0.00200
19	0.00450
20	0.00350
21	0.00400
22	0.00450
23	0.00500
24	0.00500
25	0.00500
26	0.00850
27	0.00750
28	0.00550
29	0.00350
30	0.00700
31	0.00950
32	0.00450
33	0.01050
34	0.01000
35	0.00800
36	0.01050
37	0.01150
38	0.01150
39	0.00900
40	0.01450
41	0.01050
42	0.01200
43	0.01400
44	0.01050
45	0.01600
46	0.01150
47	0.01800
48	0.01350
49	0.01150
50	0.01500
51	0.01100
52	0.01450
53	0.01450
54	0.01450
55	0.01550
56	0.01400
57	0.01400
58	0.01250
59	0.01250
60	0.01200
61	0.01200
62	0.01400
63	0.02100
64	0.01450
65	0.01250
66	0.01050
67	0.01400
68	0.01250
69	0.00950
70	0.01350
71	0.01700
72	0.01550
73	0.00900
74	0.01500
75	0.01000
76	0.00850
77	0.00650
78	0.00950
79	0.00800
80	0.00950
81	0.00900
82	0.00850
83	0.00700
84	0.00700
85	0.01000
86	0.00900
87	0.00700
88	0.00750
89	0.01150
90	0.00600
91	0.00750
92	0.00400
93	0.00550
94	0.00700
95	0.00700
96	0.00750
97	0.00600
98	0.00600
99	0.00400
100	0.00250
101	0.00450
102	0.00550
103	0.00500
104	0.00600
105	0.00850
106	0.00250
107	0.00400
108	0.00350
109	0.00250
110	0.00300
111	0.00450
112	0.00350
113	0.00300
114	0.00300
115	0.00400
116	0.00300
117	0.00200
118	0.00150
119	0.00350
120	0.00150
121	0.00200
122	0.00250
123	0.00350
124	0.00350
125	0.00150
126	0.00250
127	0.00300
128	0.00050
129	0.00250
130	0.00100
131	0.00100
132	0.00050
133	0.00150
134	0.00100
135	0.00250
136	0.00150
137	0.00100
138	0.00200
139	0.00050
140	0.00300
141	0.00050
142	0.00050
143	0.00150
144	0.00000
145	0.00050
146	0.00250
147	0.00200
148	0.00200
149	0.00050
150	0.00000
151	0.00000
152	0.00100
153	0.00000
154	0.00100
155	0.00050
156	0.00100
157	0.00050
158	0.00150
159	0.00000
160	0.00050
161	0.00050
162	0.00050
163	0.00000
164	0.00050
165	0.00050
166	0.00000
167	0.00000
168	0.00000
169	0.00050
170	0.00000
171	0.00000
172	0.00100
173	0.00000
174	0.00000
175	0.00000
176	0.00000
177	0.00050
178	0.00000
179	0.00050
