0	0.00000
1	0.00000
2	0.00000
3	0.00000
4	0.00000
5	0.00000
6	0.00000
7	0.00000
8	0.00209
9	0.00195
10	0.00402
11	0.00356
12	0.01066
13	0.01774
14	0.02088
15	0.01670
16	0.01209
17	0.01777
18	0.01663
19	0.01812
20	0.01888
21	0.02076
22	0.02404
23	0.03072
24	0.02875
25	0.03343
26	0.03297
27	0.03597
28	0.05248
29	0.05459
30	0.04371
31	0.03976
32	0.03717
33	0.03859
34	0.03146
35	0.03116
36	0.03379
37	0.03205
38	0.03059
39	0.02483
40	0.02437
41	0.02456
42	0.02290
43	0.02269
44	0.02084
45	0.02021
46	0.01961
47	0.01985
48	0.01820
49	0.01860
50	0.01836
51	0.01629
52	0.01489
53	0.01288
54	0.01200
55	0.01124
56	0.00985
57	0.00976
58	0.00983
59	0.00942
60	0.00798
61	0.00717
62	0.00645
63	0.00591
64	0.00640
65	0.00560
66	0.00572
67	0.00548
68	0.00516
69	0.00569
70	0.00437
71	0.00388
72	0.00308
73	0.00233
74	0.00205
75	0.00226
76	0.00159
77	0.00144
78	0.00099
79	0.00093
80	0.00061
81	0.00061
82	0.00062
83	0.00065
84	0.00030
85	0.00034
86	0.00034
87	0.00062
88	0.00034
89	0.00033
90	0.00033
91	0.00032
92	0.00031
93	0.00031
94	0.00030
95	0.00030
96	0.00030
97	0.00033
98	0.00032
99	0.00031
100	0.00030
101	0.00027
102	0.00025
103	0.00024
104	0.00000
105	0.00000
106	0.00000
107	0.00038
108	0.00036
109	0.00000
110	0.00000
111	0.00000
112	0.00000
113	0.00000
114	0.00000
115	0.00000
116	0.00000
117	0.00000
118	0.00000
119	0.00000
120	0.00000
121	0.00000
122	0.00000
123	0.00000
124	0.00000
125	0.00000
126	0.00000
127	0.00000
128	0.00000
129	0.00000
130	0.00000
131	0.00000
132	0.00000
133	0.00000
134	0.00000
135	0.00000
136	0.00000
137	0.00000
138	0.00000
139	0.00000
140	0.00000
141	0.00000
142	0.00000
143	0.00000
144	0.00000
145	0.00000
146	0.00000
147	0.00000
148	0.00000
149	0.00000
150	0.00000
151	0.00000
152	0.00000
153	0.00000
154	0.00000
155	0.00000
156	0.00000
157	0.00000
158	0.00000
159	0.00000
160	0.00000
161	0.00000
162	0.00000
163	0.00000
164	0.00000
165	0.00000
166	0.00000
167	0.00000
168	0.00000
169	0.00000
170	0.00000
171	0.00000
172	0.00000
173	0.00000
174	0.00000
175	0.00000
176	0.00000
177	0.00000
178	0.00000
179	0.00000
