0	0.00000
1	0.00000
2	0.00000
3	0.03334
4	0.03737
5	0.04282
6	0.04217
7	0.11325
8	0.20835
9	0.20964
10	0.22545
11	0.20053
12	0.25887
13	0.27382
14	0.29396
15	0.25637
16	0.23898
17	0.27054
18	0.30559
19	0.30918
20	0.30335
21	0.30660
22	0.37395
23	0.47590
24	0.47075
25	0.50977
26	0.52635
27	0.56446
28	0.67103
29	0.67295
30	0.59168
31	0.53757
32	0.50856
33	0.51534
34	0.42364
35	0.44969
36	0.45471
37	0.41680
38	0.39643
39	0.38202
40	0.36374
41	0.33908
42	0.32632
43	0.32534
44	0.29676
45	0.29408
46	0.27639
47	0.27942
48	0.25408
49	0.26285
50	0.25772
51	0.23780
52	0.21731
53	0.19213
54	0.17511
55	0.17251
56	0.16425
57	0.16329
58	0.16016
59	0.14996
60	0.14219
61	0.13295
62	0.12560
63	0.11643
64	0.11471
65	0.12780
66	0.12176
67	0.11644
68	0.10857
69	0.10841
70	0.10048
71	0.09318
72	0.08894
73	0.09228
74	0.09208
75	0.08232
76	0.08055
77	0.07535
78	0.06783
79	0.05866
80	0.05468
81	0.05081
82	0.05215
83	0.04883
84	0.04517
85	0.04672
86	0.04459
87	0.04595
88	0.04656
89	0.04347
90	0.04285
91	0.04835
92	0.04431
93	0.04533
94	0.03928
95	0.03673
96	0.03414
97	0.03525
98	0.03241
99	0.03277
100	0.03088
101	0.02801
102	0.02392
103	0.02526
104	0.02607
105	0.02380
106	0.02319
107	0.02579
108	0.02470
109	0.02333
110	0.02102
111	0.01925
112	0.01722
113	0.01817
114	0.01546
115	0.01441
116	0.01376
117	0.01459
118	0.01554
119	0.01459
120	0.01217
121	0.01180
122	0.01163
123	0.01110
124	0.00995
125	0.00968
126	0.01166
127	0.01131
128	0.01311
129	0.01506
130	0.01322
131	0.01382
132	0.01348
133	0.01161
134	0.00965
135	0.00835
136	0.00765
137	0.00937
138	0.00886
139	0.00802
140	0.00788
141	0.00719
142	0.00941
143	0.00845
144	0.00696
145	0.00710
146	0.00613
147	0.00451
148	0.00555
149	0.00554
150	0.00696
151	0.00683
152	0.00556
153	0.00548
154	0.00554
155	0.00351
156	0.00273
157	0.00084
158	0.00144
159	0.00167
160	0.00231
161	0.00206
162	0.00219
163	0.00239
164	0.00211
165	0.00160
166	0.00200
167	0.00188
168	0.00171
169	0.00159
170	0.00090
171	0.00104
172	0.00103
173	0.00044
174	0.00039
175	0.00039
176	0.00039
177	0.00039
178	0.00024
179	0.00049
