0	0.00000
1	0.00000
2	0.00000
3	0.09091
4	0.16667
5	0.23077
6	0.35714
7	0.26667
8	0.40000
9	0.43750
10	0.50000
11	0.38095
12	0.43478
13	0.57692
14	0.58621
15	0.91429
16	0.97674
17	0.86792
18	0.78125
19	0.65789
20	0.68132
21	0.58879
22	0.53968
23	0.52414
24	0.47273
25	0.50267
26	0.48113
27	0.43750
28	0.43123
29	0.43377
30	0.42136
31	0.40691
32	0.41289
33	0.40129
34	0.40232
35	0.37238
36	0.34444
37	0.31884
38	0.27637
39	0.22800
40	0.20626
41	0.18648
42	0.17647
43	0.16389
44	0.15089
45	0.14209
46	0.12641
47	0.11028
48	0.09458
49	0.08405
50	0.07126
51	0.06517
52	0.05511
53	0.04628
54	0.03780
55	0.03451
56	0.03066
57	0.02555
58	0.01918
59	0.01635
60	0.01355
61	0.01146
62	0.01075
63	0.01071
64	0.01001
65	0.00799
66	0.00598
67	0.00597
68	0.00463
69	0.00397
70	0.00264
71	0.00198
72	0.00198
73	0.00264
74	0.00197
75	0.00132
76	0.00132
77	0.00131
78	0.00197
79	0.00263
80	0.00197
81	0.00197
82	0.00131
83	0.00131
84	0.00131
85	0.00066
86	0.00066
87	0.00066
88	0.00066
89	0.00066
90	0.00066
91	0.00000
92	0.00000
93	0.00000
94	0.00000
95	0.00000
96	0.00000
97	0.00000
98	0.00000
99	0.00000
