0	0.00500
1	0.00600
2	0.00700
3	0.00800
4	0.00950
5	0.00950
6	0.01050
7	0.01150
8	0.01350
9	0.01450
10	0.01650
11	0.02050
12	0.02300
13	0.03350
14	0.04250
15	0.04950
16	0.05700
17	0.06300
18	0.07650
19	0.08500
20	0.09700
21	0.11050
22	0.12150
23	0.14050
24	0.15700
25	0.17250
26	0.19250
27	0.21650
28	0.23950
29	0.26450
30	0.29600
31	0.32650
32	0.36250
33	0.39250
34	0.42350
35	0.45500
36	0.47800
37	0.49550
38	0.52050
39	0.54400
40	0.57000
41	0.59300
42	0.61400
43	0.63500
44	0.65050
45	0.66450
46	0.67700
47	0.69000
48	0.69900
49	0.71100
50	0.71800
51	0.72350
52	0.72750
53	0.73450
54	0.73950
55	0.74250
56	0.74400
57	0.74600
58	0.74800
59	0.75000
60	0.75250
61	0.75500
62	0.75650
63	0.75700
64	0.75700
65	0.75850
66	0.75900
67	0.75950
68	0.75950
69	0.75950
70	0.76000
71	0.76100
72	0.76100
73	0.76100
74	0.76100
75	0.76150
76	0.76200
77	0.76300
78	0.76300
79	0.76300
80	0.76300
81	0.76300
82	0.76350
83	0.76350
84	0.76350
85	0.76350
86	0.76350
87	0.76350
88	0.76350
89	0.76350
90	0.76350
91	0.76350
92	0.76350
93	0.76350
94	0.76350
95	0.76350
96	0.76350
97	0.76350
98	0.76350
99	0.76350
