0	0	0	0	0	0	
1	501	0	0	0	0	
2	500	0	0	0	0	
3	500	0	0	0	0	
4	500	0	0	0	0	
5	500	0	0	0	0	
6	499	0	0	0	0	
7	498	0	0	0	0	
8	497	0	0	0	0	
9	0	496	0	0	0	
10	0	0	496	0	0	
11	0	0	494	0	0	
12	0	0	0	493	0	
13	0	0	0	0	492	
14	0	0	0	0	492	
15	0	0	0	0	492	
16	0	0	0	0	491	
17	0	0	0	0	491	
18	0	0	0	0	490	
19	0	0	0	0	490	
20	0	0	0	0	489	
21	0	0	0	0	488	
22	0	0	0	0	488	
23	0	0	0	0	488	
24	0	0	0	0	487	
25	0	0	0	0	486	
26	0	0	0	0	483	
27	0	0	0	0	482	
28	0	0	0	0	482	
29	0	0	0	0	480	
30	0	0	0	0	480	
31	0	0	0	0	478	
32	0	0	0	0	478	
33	0	0	0	0	477	
34	0	0	0	0	477	
35	0	0	0	0	476	
36	0	0	0	0	475	
37	0	0	0	0	475	
38	0	0	0	0	475	
39	0	0	0	0	475	
40	0	0	0	0	474	
41	0	0	0	0	474	
42	0	0	0	0	474	
43	0	0	0	0	474	
44	0	0	0	0	474	
45	0	0	0	0	473	
46	0	0	0	0	473	
47	0	0	0	0	473	
48	0	0	0	0	473	
49	0	0	0	0	473	
50	0	0	0	0	473	
51	0	0	0	0	473	
52	0	0	0	0	473	
53	0	0	0	0	473	
54	0	0	0	0	473	
55	0	0	0	0	473	
56	0	0	0	0	472	
57	0	0	0	0	472	
58	0	0	0	0	472	
59	0	0	0	0	472	
60	0	0	0	0	472	
61	0	0	0	0	472	
62	0	0	0	0	472	
63	0	0	0	0	472	
64	0	0	0	0	472	
65	0	0	0	0	472	
66	0	0	0	0	472	
67	0	0	0	0	472	
68	0	0	0	0	472	
69	0	0	0	0	472	
70	0	0	0	0	472	
71	0	0	0	0	472	
72	0	0	0	0	472	
73	0	0	0	0	472	
74	0	0	0	0	472	
75	0	0	0	0	472	
76	0	0	0	0	472	
77	0	0	0	0	472	
78	0	0	0	0	472	
79	0	0	0	0	472	
80	0	0	0	0	472	
81	0	0	0	0	472	
82	0	0	0	0	472	
83	0	0	0	0	472	
84	0	0	0	0	472	
85	0	0	0	0	472	
86	0	0	0	0	472	
87	0	0	0	0	472	
88	0	0	0	0	472	
89	0	0	0	0	472	
90	0	0	0	0	472	
91	0	0	0	0	472	
92	0	0	0	0	472	
93	0	0	0	0	472	
94	0	0	0	0	472	
95	0	0	0	0	472	
96	0	0	0	0	472	
97	0	0	0	0	472	
98	0	0	0	0	472	
99	0	0	0	0	472	
