10	475.00000000000000000000
20	470
30	471
40	472
50	465
60	410
70	379
80	266
90	186
100	141
110	100
120	91
130	85.75000000000000000000
140	74
150	55
160	56
170	45.14285714285714285714
180	47
190	33
200	33.00000000000000000000
210	25
220	30.00000000000000000000
230	26.00000000000000000000
240	19
250	16
260	18.16666666666666666666
270	23.00000000000000000000
280	23
290	13
300	8
310	7
320	7.57142857142857142857
330	7.16666666666666666666
340	10.20000000000000000000
350	9
360	5.00000000000000000000
370	6.75000000000000000000
380	6
400	1.50000000000000000000
410	1
420	2.50000000000000000000
430	0
440	2.25000000000000000000
450	1.50000000000000000000
