0	0.00000
1	0.00000
2	0.00000
3	0.00214
4	0.06414
5	0.20773
6	0.74813
7	0.99947
8	1.17724
9	1.44454
10	1.45820
11	1.38451
12	1.30817
13	1.17670
14	1.01492
15	0.80773
16	0.60143
17	0.44883
18	0.33487
19	0.25119
20	0.19434
21	0.14353
22	0.11587
23	0.09416
24	0.07652
25	0.06183
26	0.05002
27	0.04193
28	0.03576
29	0.03021
30	0.02437
31	0.02097
32	0.01906
33	0.01542
34	0.01157
35	0.00991
36	0.00687
37	0.00584
38	0.00478
39	0.00306
40	0.00248
41	0.00248
42	0.00107
43	0.00050
44	0.00012
45	0.00000
46	0.00000
47	0.00000
48	0.00000
49	0.00000
50	0.00000
51	0.00000
52	0.00000
53	0.00000
54	0.00000
55	0.00000
56	0.00000
57	0.00000
58	0.00000
59	0.00000
60	0.00000
61	0.00000
62	0.00000
63	0.00000
64	0.00000
65	0.00000
66	0.00000
67	0.00000
68	0.00000
69	0.00000
70	0.00000
71	0.00000
72	0.00000
73	0.00000
74	0.00000
75	0.00000
76	0.00000
77	0.00000
78	0.00000
79	0.00000
80	0.00000
81	0.00000
82	0.00000
83	0.00000
84	0.00000
85	0.00000
86	0.00000
87	0.00000
88	0.00000
89	0.00000
90	0.00000
91	0.00000
92	0.00000
93	0.00000
94	0.00000
95	0.00000
96	0.00000
97	0.00000
98	0.00000
99	0.00000
