0	0.00500
1	0.00650
2	0.00950
3	0.01350
4	0.02650
5	0.04100
6	0.06700
7	0.10200
8	0.14950
9	0.20350
10	0.26700
11	0.33350
12	0.39650
13	0.45300
14	0.49850
15	0.53000
16	0.56100
17	0.58650
18	0.61150
19	0.62650
20	0.64450
21	0.65550
22	0.66300
23	0.66750
24	0.67200
25	0.67550
26	0.67850
27	0.68200
28	0.68400
29	0.68550
30	0.68750
31	0.68850
32	0.68850
33	0.69000
34	0.69100
35	0.69200
36	0.69250
37	0.69250
38	0.69300
39	0.69300
40	0.69300
41	0.69350
42	0.69350
43	0.69350
44	0.69350
45	0.69350
46	0.69350
47	0.69350
48	0.69400
49	0.69400
50	0.69400
51	0.69400
52	0.69400
53	0.69400
54	0.69400
55	0.69400
56	0.69400
57	0.69400
58	0.69400
59	0.69400
60	0.69400
61	0.69400
62	0.69400
63	0.69400
64	0.69400
65	0.69400
66	0.69400
67	0.69400
68	0.69400
69	0.69400
70	0.69400
71	0.69400
72	0.69450
73	0.69450
74	0.69450
75	0.69450
76	0.69450
77	0.69450
78	0.69450
79	0.69450
80	0.69450
81	0.69450
82	0.69450
83	0.69450
84	0.69450
85	0.69450
86	0.69450
87	0.69450
88	0.69450
89	0.69450
90	0.69450
91	0.69450
92	0.69450
93	0.69450
94	0.69450
95	0.69450
96	0.69450
97	0.69450
98	0.69450
99	0.69450
