0	0.00000
1	0.00000
2	0.00000
3	0.01816
4	0.05247
5	0.12978
6	0.40977
7	0.60819
8	0.87471
9	1.24006
10	1.35263
11	1.32759
12	1.30751
13	1.21138
14	1.06462
15	0.85748
16	0.63244
17	0.47124
18	0.35207
19	0.26283
20	0.20283
21	0.14983
22	0.12202
23	0.09812
24	0.07949
25	0.06390
26	0.05088
27	0.04162
28	0.03413
29	0.02785
30	0.02108
31	0.01817
32	0.01621
33	0.01339
34	0.01016
35	0.00894
36	0.00705
37	0.00683
38	0.00580
39	0.00404
40	0.00363
41	0.00364
42	0.00243
43	0.00191
44	0.00103
45	0.00063
46	0.00063
47	0.00026
48	0.00026
49	0.00026
50	0.00044
51	0.00044
52	0.00044
53	0.00044
54	0.00044
55	0.00044
56	0.00044
57	0.00000
58	0.00000
59	0.00000
60	0.00000
61	0.00000
62	0.00000
63	0.00000
64	0.00000
65	0.00000
66	0.00000
67	0.00000
68	0.00000
69	0.00000
70	0.00000
71	0.00000
72	0.00000
73	0.00000
74	0.00000
75	0.00000
76	0.00000
77	0.00000
78	0.00000
79	0.00000
80	0.00000
81	0.00000
82	0.00000
83	0.00000
84	0.00000
85	0.00000
86	0.00000
87	0.00000
88	0.00000
89	0.00000
90	0.00000
91	0.00000
92	0.00000
93	0.00000
94	0.00000
95	0.00000
96	0.00000
97	0.00000
98	0.00000
99	0.00000
