0	0.02000
1	0.02000
2	0.02000
3	0.02000
4	0.02500
5	0.02500
6	0.02500
7	0.02500
8	0.02500
9	0.02500
10	0.02500
11	0.02500
12	0.02500
13	0.02500
14	0.02500
15	0.02500
16	0.03000
17	0.03000
18	0.03000
19	0.03000
20	0.03000
21	0.03000
22	0.03000
23	0.03000
24	0.03500
25	0.04000
26	0.04000
27	0.04500
28	0.04500
29	0.04500
30	0.04500
31	0.04500
32	0.04500
33	0.04500
34	0.04500
35	0.04500
36	0.04500
37	0.04500
38	0.04500
39	0.04500
40	0.04500
41	0.04500
42	0.04500
43	0.04500
44	0.05000
45	0.05000
46	0.05000
47	0.05000
48	0.05000
49	0.05500
50	0.05500
51	0.05500
52	0.05500
53	0.05500
54	0.05500
55	0.05500
56	0.05500
57	0.05500
58	0.06000
59	0.06000
60	0.06000
61	0.06000
62	0.07000
63	0.07000
64	0.07000
65	0.07000
66	0.07000
67	0.07000
68	0.07000
69	0.07000
70	0.07000
71	0.07000
72	0.07000
73	0.07000
74	0.07500
75	0.07500
76	0.07500
77	0.08000
78	0.08500
79	0.09000
80	0.09000
81	0.09000
82	0.09000
83	0.09000
84	0.09500
85	0.09500
86	0.09500
87	0.09500
88	0.09500
89	0.09500
90	0.10000
91	0.10000
92	0.10000
93	0.10000
94	0.10000
95	0.10000
96	0.10000
97	0.10500
98	0.10500
99	0.10500
100	0.10500
101	0.10500
102	0.10500
103	0.10500
104	0.10500
105	0.10500
106	0.10500
107	0.11000
108	0.11000
109	0.11500
110	0.11500
111	0.11500
112	0.12000
113	0.12000
114	0.12000
115	0.12000
116	0.12000
117	0.12000
118	0.12000
119	0.12000
120	0.12000
121	0.12000
122	0.12500
123	0.13000
124	0.13000
125	0.13500
126	0.13500
127	0.13500
128	0.13500
129	0.13500
130	0.13500
131	0.14000
132	0.14000
133	0.14000
134	0.14000
135	0.14000
136	0.14500
137	0.15000
138	0.15500
139	0.16000
140	0.16000
141	0.16000
142	0.16000
143	0.16000
144	0.16000
145	0.16500
146	0.16500
147	0.16500
148	0.17000
149	0.17000
