0	0.00000
1	0.00000
2	0.00000
3	0.00000
4	0.00000
5	0.00000
6	0.00000
7	0.00000
8	0.00000
9	0.00000
10	0.00000
11	0.00000
12	0.00000
13	0.00000
14	0.00429
15	0.00443
16	0.00389
17	0.00305
18	0.00288
19	0.00262
20	0.00236
21	0.00000
22	0.00000
23	0.00000
24	0.00789
25	0.02323
26	0.02082
27	0.02467
28	0.03239
29	0.02621
30	0.03306
31	0.03493
32	0.04097
33	0.03883
34	0.03348
35	0.03653
36	0.03478
37	0.02969
38	0.02884
39	0.03044
40	0.02761
41	0.02757
42	0.02893
43	0.02972
44	0.02846
45	0.03123
46	0.03028
47	0.02876
48	0.02501
49	0.02480
50	0.02541
51	0.02691
52	0.02458
53	0.02318
54	0.02101
55	0.02030
56	0.01744
57	0.01858
58	0.01620
59	0.01387
60	0.01427
61	0.01335
62	0.01327
63	0.01198
64	0.01004
65	0.01022
66	0.00955
67	0.00808
68	0.00777
69	0.00696
70	0.00618
71	0.00521
72	0.00464
73	0.00363
74	0.00243
75	0.00261
76	0.00252
77	0.00219
78	0.00175
79	0.00170
80	0.00169
81	0.00170
82	0.00178
83	0.00149
84	0.00139
85	0.00151
86	0.00145
87	0.00130
88	0.00077
89	0.00037
90	0.00030
91	0.00028
92	0.00029
93	0.00028
94	0.00034
95	0.00031
96	0.00034
97	0.00034
98	0.00039
99	0.00041
100	0.00036
101	0.00032
102	0.00029
103	0.00028
104	0.00028
105	0.00027
106	0.00026
107	0.00025
108	0.00029
109	0.00025
110	0.00000
111	0.00000
112	0.00000
113	0.00000
114	0.00000
115	0.00000
116	0.00000
117	0.00000
118	0.00000
119	0.00000
120	0.00000
121	0.00000
122	0.00000
123	0.00000
124	0.00000
125	0.00000
126	0.00000
127	0.00000
128	0.00000
129	0.00000
130	0.00000
131	0.00000
132	0.00000
133	0.00000
134	0.00000
135	0.00000
136	0.00000
137	0.00000
138	0.00000
139	0.00000
140	0.00000
141	0.00000
142	0.00000
143	0.00000
144	0.00000
145	0.00000
146	0.00000
147	0.00000
148	0.00000
149	0.00000
150	0.00000
151	0.00000
152	0.00000
153	0.00000
154	0.00000
155	0.00000
156	0.00000
157	0.00000
158	0.00000
159	0.00000
160	0.00000
161	0.00000
162	0.00000
163	0.00000
164	0.00000
165	0.00000
166	0.00000
167	0.00000
168	0.00000
169	0.00000
170	0.00000
171	0.00000
172	0.00000
173	0.00000
174	0.00000
175	0.00000
176	0.00000
177	0.00000
178	0.00000
179	0.00000
