0	0.00500
1	0.00500
2	0.00550
3	0.00650
4	0.00700
5	0.00750
6	0.00800
7	0.00900
8	0.00950
9	0.01050
10	0.01150
11	0.01200
12	0.01300
13	0.01450
14	0.01550
15	0.01600
16	0.01700
17	0.01900
18	0.01950
19	0.02050
20	0.02150
21	0.02400
22	0.02650
23	0.03050
24	0.03250
25	0.03450
26	0.03650
27	0.03850
28	0.04350
29	0.04700
30	0.05250
31	0.05700
32	0.06100
33	0.06800
34	0.07350
35	0.07600
36	0.08200
37	0.09000
38	0.09850
39	0.10750
40	0.11750
41	0.12600
42	0.13450
43	0.14800
44	0.15850
45	0.16950
46	0.17850
47	0.19250
48	0.20650
49	0.22450
50	0.23600
51	0.25000
52	0.26050
53	0.27600
54	0.28700
55	0.30200
56	0.31500
57	0.32600
58	0.34350
59	0.35600
60	0.37650
61	0.39100
62	0.40700
63	0.42100
64	0.43750
65	0.45250
66	0.46400
67	0.47850
68	0.49000
69	0.50450
70	0.52000
71	0.53950
72	0.55400
73	0.56750
74	0.58000
75	0.59450
76	0.60850
77	0.62000
78	0.63100
79	0.64300
80	0.65600
81	0.67250
82	0.68350
83	0.69800
84	0.71000
85	0.71850
86	0.72800
87	0.73700
88	0.74400
89	0.75000
90	0.75550
91	0.76350
92	0.77650
93	0.78600
94	0.79200
95	0.79900
96	0.80800
97	0.81850
98	0.82600
99	0.83050
100	0.83800
101	0.84350
102	0.84700
103	0.85350
104	0.85700
105	0.86300
106	0.86800
107	0.87200
108	0.87600
109	0.88100
110	0.88600
111	0.88950
112	0.89650
113	0.89950
114	0.90350
115	0.90650
116	0.91000
117	0.91300
118	0.91550
119	0.91800
120	0.92250
121	0.92400
122	0.92850
123	0.93250
124	0.93450
125	0.93750
126	0.94000
127	0.94050
128	0.94200
129	0.94400
130	0.94450
131	0.94600
132	0.94800
133	0.95000
134	0.95100
135	0.95250
136	0.95350
137	0.95450
138	0.95500
139	0.95550
140	0.95600
141	0.95600
142	0.95750
143	0.95900
144	0.96000
145	0.96050
146	0.96100
147	0.96150
148	0.96300
149	0.96350
150	0.96400
151	0.96500
152	0.96600
153	0.96600
154	0.96600
155	0.96750
156	0.96850
157	0.96900
158	0.96950
159	0.96950
160	0.97050
161	0.97050
162	0.97100
163	0.97250
164	0.97350
165	0.97450
166	0.97450
167	0.97450
168	0.97450
169	0.97450
170	0.97450
171	0.97500
172	0.97500
173	0.97500
174	0.97550
175	0.97550
176	0.97600
177	0.97700
178	0.97700
179	0.97750
