0	0	0	0	0	0	
1	501	0	0	0	0	
2	500	0	0	0	0	
3	500	0	0	0	0	
4	500	0	0	0	0	
5	500	0	0	0	0	
6	500	0	0	0	0	
7	499	0	0	0	0	
8	499	0	0	0	0	
9	499	0	0	0	0	
10	499	0	0	0	0	
11	498	0	0	0	0	
12	498	0	0	0	0	
13	498	0	0	0	0	
14	495	2	0	0	0	
15	494	0	2	0	0	
16	494	0	0	2	0	
17	494	0	0	0	2	
18	494	0	0	0	2	
19	494	0	0	0	2	
20	494	0	0	0	2	
21	492	0	0	0	2	
22	491	0	0	0	2	
23	488	0	0	0	2	
24	484	4	0	0	2	
25	475	8	4	0	2	
26	473	3	7	4	2	
27	469	3	2	7	6	
28	464	5	2	2	13	
29	461	0	6	1	15	
30	457	1	0	6	16	
31	455	1	1	0	22	
32	451	3	1	1	22	
33	445	2	2	1	23	
34	444	1	1	2	24	
35	442	1	1	1	26	
36	440	0	1	1	27	
37	434	0	0	1	28	
38	429	1	0	0	29	
39	424	0	1	0	29	
40	420	0	0	1	29	
41	414	0	0	0	30	
42	414	0	0	0	30	
43	405	1	0	0	30	
44	400	0	1	0	30	
45	398	0	0	1	30	
46	391	0	0	0	31	
47	386	0	0	0	31	
48	378	0	0	0	31	
49	370	0	0	0	31	
50	360	0	0	0	31	
51	356	0	0	0	31	
52	350	0	0	0	31	
53	343	0	0	0	31	
54	337	0	0	0	31	
55	330	0	0	0	31	
56	328	0	0	0	31	
57	322	0	0	0	31	
58	314	0	0	0	31	
59	308	0	0	0	31	
60	295	0	0	0	31	
61	287	0	0	0	31	
62	280	0	0	0	31	
63	272	0	0	0	31	
64	268	0	0	0	31	
65	258	0	0	0	31	
66	255	0	0	0	31	
67	252	0	0	0	31	
68	244	0	0	0	31	
69	237	0	0	0	31	
70	234	0	0	0	31	
71	224	0	0	0	31	
72	216	0	0	0	31	
73	206	0	0	0	31	
74	199	0	0	0	31	
75	191	0	0	0	31	
76	186	0	0	0	31	
77	181	0	0	0	31	
78	174	0	0	0	31	
79	168	0	0	0	31	
80	165	0	0	0	31	
81	160	0	0	0	31	
82	153	0	0	0	31	
83	145	0	0	0	31	
84	137	0	0	0	31	
85	132	0	0	0	31	
86	130	0	0	0	31	
87	127	0	0	0	31	
88	122	0	0	0	31	
89	117	0	0	0	31	
90	115	0	0	0	31	
91	110	0	0	0	31	
92	104	0	0	0	31	
93	99	0	0	0	31	
94	97	0	0	0	31	
95	97	0	0	0	31	
96	91	0	0	0	31	
97	85	0	0	0	31	
98	81	0	0	0	31	
99	79	0	0	0	31	
100	74	0	0	0	31	
101	73	0	0	0	31	
102	72	0	0	0	31	
103	70	0	0	0	31	
104	68	0	0	0	31	
105	66	0	0	0	31	
106	64	0	0	0	31	
107	61	0	0	0	31	
108	59	0	0	0	31	
109	58	0	0	0	31	
110	53	0	0	0	31	
111	51	0	0	0	31	
112	45	0	0	0	31	
113	42	0	0	0	31	
114	39	0	0	0	31	
115	38	0	0	0	31	
116	38	0	0	0	31	
117	35	0	0	0	31	
118	31	0	0	0	31	
119	31	0	0	0	31	
120	29	0	0	0	31	
121	28	0	0	0	31	
122	27	0	0	0	31	
123	26	0	0	0	31	
124	23	0	0	0	31	
125	22	0	0	0	31	
126	20	0	0	0	31	
127	20	0	0	0	31	
128	20	0	0	0	31	
129	19	0	0	0	31	
130	19	0	0	0	31	
131	19	0	0	0	31	
132	17	0	0	0	31	
133	17	0	0	0	31	
134	17	0	0	0	31	
135	17	0	0	0	31	
136	17	0	0	0	31	
137	16	0	0	0	31	
138	15	0	0	0	31	
139	14	0	0	0	31	
140	14	0	0	0	31	
141	14	0	0	0	31	
142	13	0	0	0	31	
143	12	0	0	0	31	
144	11	0	0	0	31	
145	11	0	0	0	31	
146	11	0	0	0	31	
147	11	0	0	0	31	
148	11	0	0	0	31	
149	10	0	0	0	31	
150	9	0	0	0	31	
151	9	0	0	0	31	
152	9	0	0	0	31	
153	9	0	0	0	31	
154	9	0	0	0	31	
155	9	0	0	0	31	
156	9	0	0	0	31	
157	9	0	0	0	31	
158	8	0	0	0	31	
159	8	0	0	0	31	
160	8	0	0	0	31	
161	8	0	0	0	31	
162	8	0	0	0	31	
163	7	0	0	0	31	
164	6	0	0	0	31	
165	6	0	0	0	31	
166	6	0	0	0	31	
167	6	0	0	0	31	
168	6	0	0	0	31	
169	6	0	0	0	31	
170	6	0	0	0	31	
171	5	0	0	0	31	
172	5	0	0	0	31	
173	5	0	0	0	31	
174	5	0	0	0	31	
175	5	0	0	0	31	
176	4	0	0	0	31	
177	4	0	0	0	31	
178	4	0	0	0	31	
179	4	0	0	0	31	
