0	0.00000
1	0.00000
2	0.00000
3	0.60972
4	0.75267
5	0.90952
6	0.93032
7	1.05277
8	1.43682
9	1.48070
10	1.56788
11	1.87888
12	2.05819
13	1.97388
14	1.97940
15	1.87391
16	1.72065
17	1.61816
18	1.48482
19	1.39379
20	1.25577
21	1.15054
22	1.05203
23	0.97473
24	0.90034
25	0.83772
26	0.78655
27	0.73645
28	0.68762
29	0.64908
30	0.61376
31	0.58118
32	0.55290
33	0.52547
34	0.50012
35	0.47821
36	0.45752
37	0.43966
38	0.42447
39	0.40730
40	0.39318
41	0.37885
42	0.36611
43	0.35528
44	0.34382
45	0.33240
46	0.32407
47	0.31313
48	0.30514
49	0.29678
50	0.29124
51	0.28159
52	0.27646
53	0.26913
54	0.26225
55	0.25549
56	0.25062
57	0.24392
58	0.24032
59	0.23498
60	0.22918
61	0.22556
62	0.22046
63	0.21697
64	0.21229
65	0.20833
66	0.20464
67	0.20124
68	0.19792
69	0.19257
70	0.19058
71	0.18778
72	0.18527
73	0.18144
74	0.17847
75	0.17569
76	0.17347
77	0.17066
78	0.16916
79	0.16632
80	0.16285
81	0.15980
82	0.15865
83	0.15582
84	0.15422
85	0.15241
86	0.15019
87	0.14842
88	0.14610
89	0.14338
90	0.14250
91	0.14342
92	0.14223
93	0.14005
94	0.13849
95	0.13569
96	0.13493
97	0.13370
98	0.13294
99	0.13092
100	0.12817
101	0.12736
102	0.12606
103	0.12506
104	0.12473
105	0.12333
106	0.12126
107	0.11990
108	0.11805
109	0.11669
110	0.11651
111	0.11542
112	0.11455
113	0.11296
114	0.11186
115	0.11138
116	0.10937
117	0.10813
118	0.10690
119	0.10599
120	0.10571
121	0.10453
122	0.10423
123	0.10321
124	0.10200
125	0.10137
126	0.10079
127	0.10054
128	0.10008
129	0.09865
130	0.09729
131	0.09655
132	0.09561
133	0.09501
134	0.09426
135	0.09319
136	0.09203
137	0.09142
138	0.09094
139	0.09078
140	0.09074
141	0.08958
142	0.08929
143	0.08821
144	0.08749
145	0.08718
146	0.08663
147	0.08591
148	0.08539
149	0.08511
150	0.08439
151	0.08409
152	0.08381
153	0.08287
154	0.08256
155	0.08176
156	0.08152
157	0.08024
158	0.07865
159	0.07865
160	0.07864
161	0.07725
162	0.07662
163	0.07632
164	0.07603
165	0.07550
166	0.07490
167	0.07479
168	0.07439
169	0.07385
170	0.07335
171	0.07299
172	0.07299
173	0.07272
174	0.07245
175	0.07229
176	0.07129
177	0.07111
178	0.07067
179	0.07052
180	0.07046
181	0.07008
182	0.06981
183	0.06944
184	0.06817
185	0.06806
186	0.06778
187	0.06680
188	0.06611
189	0.06563
190	0.06552
191	0.06552
192	0.06509
193	0.06470
194	0.06470
195	0.06457
196	0.06416
197	0.06349
198	0.06338
199	0.06301
