0	0.01000
1	0.01500
2	0.02500
3	0.03700
4	0.05200
5	0.07200
6	0.10900
7	0.14400
8	0.19200
9	0.27400
10	0.37200
11	0.45200
12	0.54900
13	0.62500
14	0.68900
15	0.75200
16	0.80000
17	0.84500
18	0.86800
19	0.88100
20	0.89000
21	0.90300
22	0.90900
23	0.91500
24	0.92100
25	0.92200
26	0.92300
27	0.92400
28	0.92700
29	0.92700
30	0.92700
31	0.92700
32	0.92700
33	0.92900
34	0.92900
35	0.92900
36	0.93000
37	0.93000
38	0.93000
39	0.93000
40	0.93000
41	0.93100
42	0.93200
43	0.93200
44	0.93200
45	0.93200
46	0.93200
47	0.93200
48	0.93200
49	0.93200
50	0.93200
51	0.93200
52	0.93200
53	0.93200
54	0.93200
55	0.93200
56	0.93200
57	0.93200
58	0.93200
59	0.93200
60	0.93200
61	0.93200
62	0.93300
63	0.93300
64	0.93300
65	0.93300
66	0.93300
67	0.93300
68	0.93300
69	0.93300
70	0.93300
71	0.93300
72	0.93300
73	0.93300
74	0.93300
75	0.93300
76	0.93300
77	0.93300
78	0.93300
79	0.93300
80	0.93300
81	0.93300
82	0.93300
83	0.93300
84	0.93300
85	0.93300
86	0.93300
87	0.93300
88	0.93300
89	0.93300
90	0.93300
91	0.93400
92	0.93400
93	0.93400
94	0.93400
95	0.93400
96	0.93400
97	0.93400
98	0.93400
99	0.93400
100	0.93400
101	0.93500
102	0.93500
103	0.93500
104	0.93500
105	0.93500
106	0.93500
107	0.93500
108	0.93500
109	0.93500
110	0.93500
111	0.93500
112	0.93500
113	0.93500
114	0.93500
115	0.93500
116	0.93500
117	0.93500
118	0.93500
119	0.93500
120	0.93500
121	0.93500
122	0.93500
123	0.93500
124	0.93500
125	0.93500
126	0.93500
127	0.93500
128	0.93500
129	0.93500
130	0.93500
131	0.93500
132	0.93500
133	0.93500
134	0.93500
135	0.93500
136	0.93500
137	0.93500
138	0.93500
139	0.93500
140	0.93500
141	0.93500
142	0.93500
143	0.93500
144	0.93500
145	0.93500
146	0.93500
147	0.93500
148	0.93500
149	0.93500
150	0.93500
151	0.93500
152	0.93500
153	0.93500
154	0.93500
155	0.93500
156	0.93500
157	0.93500
158	0.93500
159	0.93500
160	0.93500
161	0.93500
162	0.93500
163	0.93500
164	0.93500
165	0.93500
166	0.93500
167	0.93500
168	0.93500
169	0.93500
170	0.93500
171	0.93500
172	0.93500
173	0.93500
174	0.93500
175	0.93500
176	0.93500
177	0.93500
178	0.93500
179	0.93500
180	0.93500
181	0.93500
182	0.93500
183	0.93500
184	0.93500
185	0.93500
186	0.93500
187	0.93500
188	0.93500
189	0.93500
190	0.93500
191	0.93500
192	0.93500
193	0.93500
194	0.93500
195	0.93500
196	0.93500
197	0.93500
198	0.93500
199	0.93500
