0	0.00000
1	0.00000
2	0.00000
3	0.20990
4	0.47926
5	0.82151
6	0.91433
7	1.06491
8	1.41090
9	1.45612
10	1.54170
11	1.83584
12	2.00797
13	1.94584
14	1.97530
15	1.86588
16	1.70217
17	1.58336
18	1.44584
19	1.34719
20	1.23307
21	1.11687
22	1.01724
23	0.93076
24	0.85033
25	0.79041
26	0.74685
27	0.69934
28	0.66228
29	0.62498
30	0.59301
31	0.56279
32	0.53703
33	0.51776
34	0.49316
35	0.47333
36	0.45185
37	0.43607
38	0.41965
39	0.40403
40	0.39087
41	0.37838
42	0.36960
43	0.35929
44	0.34911
45	0.33836
46	0.33025
47	0.31375
48	0.30669
49	0.29852
50	0.29306
51	0.28469
52	0.27927
53	0.27278
54	0.26625
55	0.25979
56	0.25497
57	0.24954
58	0.24597
59	0.24131
60	0.23514
61	0.23205
62	0.22301
63	0.22013
64	0.21539
65	0.21166
66	0.20843
67	0.20490
68	0.20153
69	0.19654
70	0.19456
71	0.19212
72	0.18974
73	0.18636
74	0.18343
75	0.18074
76	0.17863
77	0.17645
78	0.17437
79	0.17149
80	0.16832
81	0.16592
82	0.16437
83	0.16167
84	0.16012
85	0.15827
86	0.15644
87	0.15466
88	0.15259
89	0.15026
90	0.14951
91	0.14526
92	0.14387
93	0.14171
94	0.14025
95	0.13799
96	0.13710
97	0.13562
98	0.13468
99	0.13285
100	0.13079
101	0.12828
102	0.12712
103	0.12583
104	0.12531
105	0.12390
106	0.12204
107	0.12089
108	0.11927
109	0.11797
110	0.11775
111	0.11640
112	0.11571
113	0.11431
114	0.11317
115	0.11258
116	0.11073
117	0.10946
118	0.10811
119	0.10727
120	0.10693
121	0.10602
122	0.10568
123	0.10472
124	0.10349
125	0.10302
126	0.10238
127	0.10206
128	0.10153
129	0.10042
130	0.09915
131	0.09815
132	0.09715
133	0.09665
134	0.09576
135	0.09495
136	0.09424
137	0.09365
138	0.09308
139	0.09290
140	0.09275
141	0.09199
142	0.09165
143	0.09085
144	0.08998
145	0.08969
146	0.08914
147	0.08820
148	0.08747
149	0.08727
150	0.08681
151	0.08625
152	0.08602
153	0.08550
154	0.08510
155	0.08391
156	0.08345
157	0.08236
158	0.08115
159	0.08115
160	0.08101
161	0.07999
162	0.07917
163	0.07872
164	0.07841
165	0.07771
166	0.07726
167	0.07715
168	0.07681
169	0.07658
170	0.07602
171	0.07572
172	0.07572
173	0.07540
174	0.07521
175	0.07512
176	0.07399
177	0.07385
178	0.07353
179	0.07336
180	0.07308
181	0.07265
182	0.07242
183	0.07188
184	0.07064
185	0.07049
186	0.07011
187	0.06960
188	0.06917
189	0.06874
190	0.06862
191	0.06862
192	0.06812
193	0.06772
194	0.06772
195	0.06748
196	0.06693
197	0.06656
198	0.06637
199	0.06602
