0	0.00000
1	0.00000
2	0.00000
3	0.69968
4	0.81856
5	0.87987
6	1.11343
7	1.21099
8	1.43254
9	1.62850
10	1.96788
11	1.98607
12	2.13477
13	2.20767
14	2.30132
15	2.23728
16	2.13307
17	1.98536
18	1.78371
19	1.64325
20	1.51410
21	1.36513
22	1.25991
23	1.16712
24	1.06109
25	0.98419
26	0.91019
27	0.84852
28	0.78967
29	0.73862
30	0.69592
31	0.65637
32	0.62074
33	0.59047
34	0.55913
35	0.53425
36	0.51260
37	0.49189
38	0.47210
39	0.45411
40	0.43717
41	0.42188
42	0.40734
43	0.39433
44	0.38193
45	0.36815
46	0.35870
47	0.34782
48	0.33853
49	0.32916
50	0.31957
51	0.31115
52	0.30415
53	0.29475
54	0.28905
55	0.28131
56	0.27422
57	0.27035
58	0.26248
59	0.25742
60	0.25298
61	0.24649
62	0.24227
63	0.23778
64	0.23296
65	0.22717
66	0.22471
67	0.21913
68	0.21660
69	0.21102
70	0.20875
71	0.20804
72	0.20453
73	0.20191
74	0.19821
75	0.19431
76	0.19148
77	0.18926
78	0.18680
79	0.18368
80	0.18010
81	0.17722
82	0.17491
83	0.17311
84	0.17106
85	0.16836
86	0.16553
87	0.16390
88	0.16115
89	0.15920
90	0.15785
91	0.15546
92	0.15378
93	0.15166
94	0.15040
95	0.14930
96	0.14667
97	0.14474
98	0.14296
99	0.14117
100	0.13897
101	0.13866
102	0.13729
103	0.13605
104	0.13437
105	0.13284
106	0.13165
107	0.12957
108	0.12910
109	0.12678
110	0.12583
111	0.12451
112	0.12353
113	0.12276
114	0.12124
115	0.11946
116	0.11783
117	0.11732
118	0.11656
119	0.11595
120	0.11442
121	0.11327
122	0.11249
123	0.11164
124	0.11112
125	0.11000
126	0.10907
127	0.10763
128	0.10640
129	0.10583
130	0.10564
131	0.10490
132	0.10425
133	0.10246
134	0.10216
135	0.10149
136	0.09989
137	0.09894
138	0.09862
139	0.09824
140	0.09766
141	0.09725
142	0.09593
143	0.09480
144	0.09409
145	0.09398
146	0.09307
147	0.09247
148	0.09209
149	0.09047
150	0.08987
151	0.08957
152	0.08859
153	0.08841
154	0.08832
155	0.08781
156	0.08700
157	0.08631
158	0.08535
159	0.08505
160	0.08447
161	0.08416
162	0.08353
163	0.08275
164	0.08203
165	0.08203
166	0.08164
167	0.08164
168	0.08104
169	0.08047
170	0.08009
171	0.07865
172	0.07848
173	0.07785
174	0.07728
175	0.07700
176	0.07664
177	0.07572
178	0.07561
179	0.07489
180	0.07459
181	0.07392
182	0.07299
183	0.07287
184	0.07278
185	0.07276
186	0.07245
187	0.07223
188	0.07203
189	0.07150
190	0.07080
191	0.07004
192	0.06935
193	0.06916
194	0.06916
195	0.06866
196	0.06856
197	0.06847
198	0.06842
199	0.06762
