0	0.01000
1	0.01200
2	0.01700
3	0.02300
4	0.03600
5	0.04800
6	0.06800
7	0.09500
8	0.14500
9	0.19300
10	0.26100
11	0.34700
12	0.44700
13	0.54000
14	0.62900
15	0.70800
16	0.75600
17	0.79700
18	0.83600
19	0.85500
20	0.88000
21	0.89900
22	0.90900
23	0.91600
24	0.91900
25	0.92200
26	0.92300
27	0.92300
28	0.92400
29	0.92500
30	0.92500
31	0.92600
32	0.92600
33	0.92600
34	0.92600
35	0.92700
36	0.93100
37	0.93100
38	0.93100
39	0.93100
40	0.93100
41	0.93100
42	0.93100
43	0.93100
44	0.93200
45	0.93200
46	0.93200
47	0.93300
48	0.93300
49	0.93300
50	0.93300
51	0.93300
52	0.93300
53	0.93300
54	0.93300
55	0.93300
56	0.93300
57	0.93300
58	0.93300
59	0.93300
60	0.93300
61	0.93300
62	0.93300
63	0.93300
64	0.93300
65	0.93300
66	0.93300
67	0.93300
68	0.93300
69	0.93300
70	0.93300
71	0.93400
72	0.93400
73	0.93400
74	0.93400
75	0.93400
76	0.93400
77	0.93400
78	0.93400
79	0.93400
80	0.93400
81	0.93400
82	0.93500
83	0.93500
84	0.93500
85	0.93500
86	0.93500
87	0.93500
88	0.93500
89	0.93500
90	0.93500
91	0.93500
92	0.93500
93	0.93500
94	0.93500
95	0.93500
96	0.93500
97	0.93500
98	0.93500
99	0.93500
100	0.93500
101	0.93500
102	0.93500
103	0.93500
104	0.93500
105	0.93500
106	0.93500
107	0.93500
108	0.93500
109	0.93500
110	0.93500
111	0.93500
112	0.93500
113	0.93500
114	0.93500
115	0.93500
116	0.93500
117	0.93500
118	0.93500
119	0.93500
120	0.93500
121	0.93500
122	0.93600
123	0.93600
124	0.93600
125	0.93600
126	0.93600
127	0.93600
128	0.93600
129	0.93600
130	0.93600
131	0.93600
132	0.93600
133	0.93600
134	0.93600
135	0.93600
136	0.93600
137	0.93600
138	0.93600
139	0.93600
140	0.93600
141	0.93600
142	0.93600
143	0.93600
144	0.93600
145	0.93600
146	0.93600
147	0.93600
148	0.93600
149	0.93600
150	0.93600
151	0.93600
152	0.93600
153	0.93600
154	0.93600
155	0.93600
156	0.93600
157	0.93600
158	0.93600
159	0.93600
160	0.93600
161	0.93600
162	0.93600
163	0.93600
164	0.93600
165	0.93600
166	0.93600
167	0.93600
168	0.93600
169	0.93600
170	0.93600
171	0.93600
172	0.93600
173	0.93600
174	0.93600
175	0.93600
176	0.93600
177	0.93600
178	0.93600
179	0.93600
180	0.93600
181	0.93600
182	0.93600
183	0.93600
184	0.93600
185	0.93600
186	0.93600
187	0.93600
188	0.93600
189	0.93600
190	0.93600
191	0.93600
192	0.93600
193	0.93600
194	0.93600
195	0.93600
196	0.93600
197	0.93600
198	0.93600
199	0.93600
