0	0.00000
1	0.00000
2	0.00000
3	0.30769
4	0.47059
5	0.68182
6	0.89286
7	1.05556
8	1.06977
9	1.01961
10	0.76190
11	0.53947
12	0.40909
13	0.29293
14	0.26364
15	0.25000
16	0.24219
17	0.26277
18	0.25342
19	0.27564
20	0.26347
21	0.21788
22	0.18519
23	0.18500
24	0.18396
25	0.17117
26	0.15021
27	0.15226
28	0.15810
29	0.15909
30	0.15217
31	0.15972
32	0.16000
33	0.14058
34	0.13231
35	0.13609
36	0.13675
37	0.12877
38	0.13456
39	0.13265
40	0.11605
41	0.11695
42	0.11316
43	0.10067
44	0.10000
45	0.10127
46	0.08830
47	0.07631
48	0.06483
49	0.06923
50	0.06591
51	0.06100
52	0.05636
53	0.05367
54	0.04417
55	0.04355
56	0.04124
57	0.03905
58	0.03691
59	0.04153
60	0.04433
61	0.03896
62	0.04173
63	0.04444
64	0.04082
65	0.03106
66	0.02769
67	0.02287
68	0.01818
69	0.02105
70	0.02242
71	0.02080
72	0.01775
73	0.01912
74	0.01757
75	0.01458
76	0.01304
77	0.01156
78	0.01009
79	0.00862
80	0.00860
81	0.01000
82	0.00997
83	0.00852
84	0.00993
85	0.01273
86	0.00987
87	0.00844
88	0.00561
89	0.00420
90	0.00280
91	0.00140
92	0.00279
93	0.00418
94	0.00279
95	0.00279
96	0.00417
97	0.00556
98	0.00694
99	0.00555
100	0.00416
101	0.00277
102	0.00277
103	0.00138
104	0.00138
105	0.00000
106	0.00276
107	0.00414
108	0.00275
109	0.00275
110	0.00413
111	0.00275
112	0.00275
113	0.00137
114	0.00137
115	0.00137
116	0.00137
117	0.00137
118	0.00137
119	0.00412
120	0.00411
121	0.00411
122	0.00274
123	0.00274
124	0.00137
125	0.00137
126	0.00137
127	0.00000
128	0.00000
129	0.00000
130	0.00000
131	0.00000
132	0.00000
133	0.00000
134	0.00000
135	0.00000
136	0.00000
137	0.00000
138	0.00000
139	0.00000
140	0.00000
141	0.00000
142	0.00000
143	0.00000
144	0.00000
145	0.00000
146	0.00000
147	0.00000
148	0.00000
149	0.00000
