0	0	0	0	0	0	
1	4494	0	0	0	0	
2	4487	0	0	0	0	
3	4476	0	0	0	0	
4	0	4460	0	0	0	
5	0	0	4439	0	0	
6	0	0	0	4426	0	
7	0	0	0	0	4419	
8	0	0	0	0	4418	
9	0	0	0	0	4416	
10	0	0	0	0	4414	
11	0	0	0	0	4413	
12	0	0	0	0	4409	
13	0	0	0	0	4406	
14	0	0	0	0	4403	
15	0	0	0	0	4398	
16	0	0	0	0	4395	
17	0	0	0	0	4385	
18	0	0	0	0	4380	
19	0	0	0	0	4380	
20	0	0	0	0	4378	
21	0	0	0	0	4376	
22	0	0	0	0	4375	
23	0	0	0	0	4375	
24	0	0	0	0	4373	
25	0	0	0	0	4369	
26	0	0	0	0	4365	
27	0	0	0	0	4362	
28	0	0	0	0	4359	
29	0	0	0	0	4355	
30	0	0	0	0	4350	
31	0	0	0	0	4350	
32	0	0	0	0	4348	
33	0	0	0	0	4344	
34	0	0	0	0	4340	
35	0	0	0	0	4335	
36	0	0	0	0	4331	
37	0	0	0	0	4327	
38	0	0	0	0	4324	
39	0	0	0	0	4320	
40	0	0	0	0	4316	
41	0	0	0	0	4314	
42	0	0	0	0	4310	
43	0	0	0	0	4306	
44	0	0	0	0	4304	
45	0	0	0	0	4304	
46	0	0	0	0	4304	
47	0	0	0	0	4302	
48	0	0	0	0	4300	
49	0	0	0	0	4299	
50	0	0	0	0	4298	
51	0	0	0	0	4297	
52	0	0	0	0	4297	
53	0	0	0	0	4297	
54	0	0	0	0	4295	
55	0	0	0	0	4293	
56	0	0	0	0	4291	
57	0	0	0	0	4290	
58	0	0	0	0	4289	
59	0	0	0	0	4288	
60	0	0	0	0	4286	
61	0	0	0	0	4285	
62	0	0	0	0	4284	
63	0	0	0	0	4284	
64	0	0	0	0	4284	
65	0	0	0	0	4283	
66	0	0	0	0	4283	
67	0	0	0	0	4279	
68	0	0	0	0	4278	
69	0	0	0	0	4278	
70	0	0	0	0	4277	
71	0	0	0	0	4274	
72	0	0	0	0	4274	
73	0	0	0	0	4273	
74	0	0	0	0	4273	
75	0	0	0	0	4273	
76	0	0	0	0	4273	
77	0	0	0	0	4273	
78	0	0	0	0	4272	
79	0	0	0	0	4270	
80	0	0	0	0	4270	
81	0	0	0	0	4270	
82	0	0	0	0	4269	
83	0	0	0	0	4269	
84	0	0	0	0	4269	
85	0	0	0	0	4269	
86	0	0	0	0	4269	
87	0	0	0	0	4269	
88	0	0	0	0	4269	
89	0	0	0	0	4269	
90	0	0	0	0	4268	
91	0	0	0	0	4268	
92	0	0	0	0	4268	
93	0	0	0	0	4268	
94	0	0	0	0	4267	
95	0	0	0	0	4267	
96	0	0	0	0	4266	
97	0	0	0	0	4266	
98	0	0	0	0	4266	
99	0	0	0	0	4266	
100	0	0	0	0	4266	
101	0	0	0	0	4266	
102	0	0	0	0	4266	
103	0	0	0	0	4266	
104	0	0	0	0	4266	
105	0	0	0	0	4266	
106	0	0	0	0	4266	
107	0	0	0	0	4266	
108	0	0	0	0	4266	
109	0	0	0	0	4266	
110	0	0	0	0	4266	
111	0	0	0	0	4266	
112	0	0	0	0	4266	
113	0	0	0	0	4266	
114	0	0	0	0	4266	
115	0	0	0	0	4266	
116	0	0	0	0	4266	
117	0	0	0	0	4265	
118	0	0	0	0	4265	
119	0	0	0	0	4265	
120	0	0	0	0	4265	
121	0	0	0	0	4265	
122	0	0	0	0	4265	
123	0	0	0	0	4265	
124	0	0	0	0	4265	
125	0	0	0	0	4265	
126	0	0	0	0	4265	
127	0	0	0	0	4265	
128	0	0	0	0	4265	
129	0	0	0	0	4265	
130	0	0	0	0	4265	
131	0	0	0	0	4265	
132	0	0	0	0	4265	
133	0	0	0	0	4265	
134	0	0	0	0	4265	
135	0	0	0	0	4265	
136	0	0	0	0	4265	
137	0	0	0	0	4265	
138	0	0	0	0	4265	
139	0	0	0	0	4265	
140	0	0	0	0	4265	
141	0	0	0	0	4265	
142	0	0	0	0	4265	
143	0	0	0	0	4265	
144	0	0	0	0	4265	
145	0	0	0	0	4265	
146	0	0	0	0	4265	
147	0	0	0	0	4265	
148	0	0	0	0	4265	
149	0	0	0	0	4265	
