0	0.00000
1	0.00000
2	0.00000
3	0.00000
4	0.00000
5	0.00000
6	0.00000
7	0.00000
8	0.00000
9	0.00000
10	0.00000
11	0.00000
12	0.00000
13	0.00000
14	0.00000
15	0.00000
16	0.00000
17	0.00000
18	0.00000
19	0.00000
20	0.00000
21	0.00500
22	0.00000
23	0.00000
24	0.00500
25	0.00000
26	0.00000
27	0.00000
28	0.00000
29	0.00000
30	0.00000
31	0.00000
32	0.00500
33	0.00000
34	0.00000
35	0.00500
36	0.00000
37	0.00000
38	0.01000
39	0.00000
40	0.00000
41	0.00000
42	0.00000
43	0.00000
44	0.00000
45	0.00000
46	0.00500
47	0.00000
48	0.00000
49	0.00000
50	0.00000
51	0.00500
52	0.00000
53	0.00000
54	0.00000
55	0.00000
56	0.00000
57	0.00500
58	0.00000
59	0.00000
60	0.00000
61	0.00000
62	0.00000
63	0.00000
64	0.00000
65	0.00500
66	0.00000
67	0.00000
68	0.00000
69	0.00500
70	0.00500
71	0.00500
72	0.00500
73	0.00500
74	0.00500
75	0.00000
76	0.01000
77	0.00000
78	0.00500
79	0.00500
80	0.00500
81	0.00000
82	0.00000
83	0.00000
84	0.00000
85	0.00500
86	0.00000
87	0.00000
88	0.00000
89	0.01000
90	0.00500
91	0.00500
92	0.00000
93	0.00500
94	0.00500
95	0.00000
96	0.00000
97	0.00500
98	0.00000
99	0.00000
100	0.00000
101	0.01000
102	0.00000
103	0.00000
104	0.00000
105	0.00500
106	0.00500
107	0.00000
108	0.00500
109	0.01000
110	0.00000
111	0.00000
112	0.00500
113	0.00000
114	0.00500
115	0.00500
116	0.00000
117	0.00000
118	0.00500
119	0.00000
120	0.00000
121	0.00000
122	0.00000
123	0.00000
124	0.00000
125	0.00000
126	0.00500
127	0.00000
128	0.01000
129	0.00500
130	0.00000
131	0.00000
132	0.00500
133	0.00000
134	0.00000
135	0.00000
136	0.00500
137	0.01000
138	0.00500
139	0.01000
140	0.00000
141	0.01000
142	0.00000
143	0.00000
144	0.00000
145	0.00500
146	0.00000
147	0.00500
148	0.01500
149	0.01500
