0	0.02000
1	0.02000
2	0.02000
3	0.02000
4	0.02000
5	0.02000
6	0.02000
7	0.02000
8	0.02000
9	0.02000
10	0.02000
11	0.02000
12	0.02000
13	0.02000
14	0.02000
15	0.02000
16	0.02000
17	0.02000
18	0.02000
19	0.02000
20	0.02000
21	0.02500
22	0.02500
23	0.02500
24	0.03000
25	0.03000
26	0.03000
27	0.03000
28	0.03000
29	0.03000
30	0.03000
31	0.03000
32	0.03500
33	0.03500
34	0.03500
35	0.04000
36	0.04000
37	0.04000
38	0.05000
39	0.05000
40	0.05000
41	0.05000
42	0.05000
43	0.05000
44	0.05000
45	0.05000
46	0.05500
47	0.05500
48	0.05500
49	0.05500
50	0.05500
51	0.06000
52	0.06000
53	0.06000
54	0.06000
55	0.06000
56	0.06000
57	0.06500
58	0.06500
59	0.06500
60	0.06500
61	0.06500
62	0.06500
63	0.06500
64	0.06500
65	0.07000
66	0.07000
67	0.07000
68	0.07000
69	0.07500
70	0.08000
71	0.08500
72	0.09000
73	0.09500
74	0.10000
75	0.10000
76	0.11000
77	0.11000
78	0.11500
79	0.12000
80	0.12500
81	0.12500
82	0.12500
83	0.12500
84	0.12500
85	0.13000
86	0.13000
87	0.13000
88	0.13000
89	0.14000
90	0.14500
91	0.15000
92	0.15000
93	0.15500
94	0.16000
95	0.16000
96	0.16000
97	0.16500
98	0.16500
99	0.16500
100	0.16500
101	0.17500
102	0.17500
103	0.17500
104	0.17500
105	0.18000
106	0.18500
107	0.18500
108	0.19000
109	0.20000
110	0.20000
111	0.20000
112	0.20500
113	0.20500
114	0.21000
115	0.21500
116	0.21500
117	0.21500
118	0.22000
119	0.22000
120	0.22000
121	0.22000
122	0.22000
123	0.22000
124	0.22000
125	0.22000
126	0.22500
127	0.22500
128	0.23500
129	0.24000
130	0.24000
131	0.24000
132	0.24500
133	0.24500
134	0.24500
135	0.24500
136	0.25000
137	0.26000
138	0.26500
139	0.27500
140	0.27500
141	0.28500
142	0.28500
143	0.28500
144	0.28500
145	0.29000
146	0.29000
147	0.29500
148	0.31000
149	0.32500
