0	0.00000
1	0.00000
2	0.00000
3	0.28571
4	0.44444
5	0.59091
6	0.70370
7	0.90625
8	1.00000
9	1.13043
10	1.00000
11	0.82432
12	0.72527
13	0.66055
14	0.63077
15	0.58824
16	0.56497
17	0.55122
18	0.46781
19	0.51504
20	0.47020
21	0.45614
22	0.45195
23	0.43519
24	0.40456
25	0.38692
26	0.37205
27	0.34862
28	0.32591
29	0.29284
30	0.26596
31	0.25137
32	0.22746
33	0.20385
34	0.18801
35	0.16135
36	0.14333
37	0.12638
38	0.10883
39	0.09145
40	0.08596
41	0.07198
42	0.06088
43	0.05302
44	0.04624
45	0.04167
46	0.03728
47	0.03431
48	0.02958
49	0.02682
50	0.02228
51	0.01905
52	0.01528
53	0.01156
54	0.00909
55	0.00664
56	0.00602
57	0.00481
58	0.00360
59	0.00360
60	0.00240
61	0.00240
62	0.00239
63	0.00179
64	0.00179
65	0.00179
66	0.00119
67	0.00119
68	0.00060
69	0.00060
70	0.00060
71	0.00060
72	0.00000
73	0.00000
74	0.00000
75	0.00119
76	0.00119
77	0.00119
78	0.00060
79	0.00060
80	0.00060
81	0.00060
82	0.00000
83	0.00000
84	0.00000
85	0.00000
86	0.00000
87	0.00000
88	0.00000
89	0.00000
90	0.00000
91	0.00000
92	0.00000
93	0.00000
94	0.00000
95	0.00000
96	0.00000
97	0.00000
98	0.00000
99	0.00000
100	0.00000
101	0.00000
102	0.00000
103	0.00000
104	0.00000
105	0.00000
106	0.00000
107	0.00000
108	0.00000
109	0.00000
110	0.00000
111	0.00000
112	0.00000
113	0.00000
114	0.00000
115	0.00000
116	0.00000
117	0.00000
118	0.00000
119	0.00000
120	0.00000
121	0.00000
122	0.00000
123	0.00000
124	0.00000
125	0.00000
126	0.00000
127	0.00000
128	0.00000
129	0.00000
130	0.00000
131	0.00000
132	0.00000
133	0.00000
134	0.00000
135	0.00000
136	0.00000
137	0.00000
138	0.00000
139	0.00000
140	0.00000
141	0.00000
142	0.00000
143	0.00000
144	0.00000
145	0.00000
146	0.00000
147	0.00000
148	0.00000
149	0.00000
