0	0.00200
1	0.00360
2	0.00520
3	0.00700
4	0.00920
5	0.01220
6	0.01560
7	0.01960
8	0.02400
9	0.02700
10	0.03140
11	0.03620
12	0.04240
13	0.04860
14	0.05540
15	0.06360
16	0.06840
17	0.08060
18	0.08880
19	0.09960
20	0.11180
21	0.12400
22	0.13540
23	0.14840
24	0.16300
25	0.17640
26	0.19040
27	0.20220
28	0.21420
29	0.22800
30	0.23960
31	0.25040
32	0.26160
33	0.26920
34	0.27760
35	0.28520
36	0.29140
37	0.29600
38	0.30320
39	0.30680
40	0.31020
41	0.31380
42	0.31680
43	0.32000
44	0.32280
45	0.32560
46	0.32720
47	0.32920
48	0.33040
49	0.33160
50	0.33220
51	0.33260
52	0.33320
53	0.33340
54	0.33400
55	0.33420
56	0.33440
57	0.33460
58	0.33460
59	0.33480
60	0.33520
61	0.33520
62	0.33520
63	0.33540
64	0.33540
65	0.33540
66	0.33540
67	0.33540
68	0.33540
69	0.33540
70	0.33540
71	0.33540
72	0.33540
73	0.33580
74	0.33580
75	0.33580
76	0.33580
77	0.33580
78	0.33580
79	0.33580
80	0.33580
81	0.33580
82	0.33580
83	0.33580
84	0.33580
85	0.33580
86	0.33580
87	0.33580
88	0.33580
89	0.33580
90	0.33580
91	0.33580
92	0.33580
93	0.33580
94	0.33580
95	0.33580
96	0.33580
97	0.33580
98	0.33580
99	0.33580
100	0.33580
101	0.33580
102	0.33580
103	0.33580
104	0.33580
105	0.33580
106	0.33580
107	0.33580
108	0.33580
109	0.33580
110	0.33580
111	0.33580
112	0.33580
113	0.33580
114	0.33580
115	0.33580
116	0.33580
117	0.33580
118	0.33580
119	0.33580
120	0.33580
121	0.33580
122	0.33580
123	0.33580
124	0.33580
125	0.33580
126	0.33580
127	0.33580
128	0.33580
129	0.33580
130	0.33580
131	0.33580
132	0.33580
133	0.33580
134	0.33580
135	0.33580
136	0.33580
137	0.33580
138	0.33580
139	0.33580
140	0.33580
141	0.33580
142	0.33580
143	0.33580
144	0.33580
145	0.33580
146	0.33580
147	0.33580
148	0.33580
149	0.33580
