0	0.00500
1	0.00900
2	0.01200
3	0.02050
4	0.03450
5	0.05450
6	0.08750
7	0.13500
8	0.19000
9	0.25800
10	0.31500
11	0.38200
12	0.43950
13	0.48600
14	0.52950
15	0.56350
16	0.59600
17	0.61550
18	0.63000
19	0.64450
20	0.65600
21	0.66450
22	0.67200
23	0.67850
24	0.68200
25	0.68500
26	0.68800
27	0.69100
28	0.69400
29	0.69600
30	0.69800
31	0.69800
32	0.69850
33	0.69900
34	0.69900
35	0.69900
36	0.69900
37	0.69900
38	0.69950
39	0.69950
40	0.70000
41	0.70000
42	0.70000
43	0.70050
44	0.70050
45	0.70050
46	0.70050
47	0.70050
48	0.70050
49	0.70050
50	0.70050
51	0.70050
52	0.70050
53	0.70050
54	0.70050
55	0.70050
56	0.70050
57	0.70050
58	0.70050
59	0.70050
60	0.70050
61	0.70050
62	0.70050
63	0.70050
64	0.70050
65	0.70050
66	0.70050
67	0.70050
68	0.70050
69	0.70050
70	0.70050
71	0.70050
72	0.70050
73	0.70050
74	0.70050
75	0.70050
76	0.70050
77	0.70050
78	0.70050
79	0.70050
80	0.70050
81	0.70050
82	0.70050
83	0.70050
84	0.70050
85	0.70050
86	0.70050
87	0.70050
88	0.70050
89	0.70050
90	0.70050
91	0.70050
92	0.70050
93	0.70050
94	0.70100
95	0.70100
96	0.70100
97	0.70100
98	0.70100
99	0.70100
