0	0.00000
1	0.00000
2	0.00000
3	0.05071
4	0.11804
5	0.30736
6	0.50180
7	0.73833
8	1.30553
9	1.38293
10	1.44722
11	1.36788
12	1.19409
13	1.03667
14	0.83588
15	0.64136
16	0.48491
17	0.36436
18	0.28219
19	0.21415
20	0.16284
21	0.12823
22	0.10132
23	0.08004
24	0.06476
25	0.05449
26	0.04472
27	0.03715
28	0.02970
29	0.02571
30	0.02211
31	0.01880
32	0.01558
33	0.01252
34	0.01067
35	0.00913
36	0.00627
37	0.00409
38	0.00229
39	0.00084
40	0.00138
41	0.00112
42	0.00100
43	0.00100
44	0.00098
45	0.00121
46	0.00121
47	0.00069
48	0.00069
49	0.00023
50	0.00023
51	0.00023
52	0.00000
53	0.00000
54	0.00000
55	0.00000
56	0.00000
57	0.00000
58	0.00000
59	0.00000
60	0.00000
61	0.00000
62	0.00000
63	0.00000
64	0.00000
65	0.00000
66	0.00000
67	0.00000
68	0.00000
69	0.00000
70	0.00000
71	0.00000
72	0.00000
73	0.00000
74	0.00000
75	0.00000
76	0.00000
77	0.00000
78	0.00000
79	0.00000
80	0.00000
81	0.00000
82	0.00000
83	0.00000
84	0.00000
85	0.00000
86	0.00000
87	0.00000
88	0.00000
89	0.00000
90	0.00000
91	0.00000
92	0.00000
93	0.00000
94	0.00000
95	0.00000
96	0.00009
97	0.00009
98	0.00009
99	0.00009
