0	0	0	0	0	0	
1	747	0	0	0	0	
2	744	0	0	0	0	
3	691	48	0	0	0	
4	571	112	46	0	0	
5	357	206	108	45	0	
6	177	175	199	105	41	
7	76	89	169	197	144	
8	31	43	83	165	336	
9	22	8	38	76	496	
10	20	2	7	37	567	
11	16	2	1	9	596	
12	14	2	1	3	601	
13	11	2	1	3	600	
14	8	2	1	3	599	
15	6	2	1	3	597	
16	6	2	1	3	595	
17	5	2	1	3	595	
18	4	2	1	3	594	
19	3	2	1	3	594	
20	3	2	1	3	593	
21	2	2	1	3	593	
22	2	2	1	3	593	
23	1	2	1	3	593	
24	1	2	1	3	592	
25	1	2	1	3	592	
26	1	2	1	3	592	
27	1	2	1	3	592	
28	1	2	1	3	592	
29	1	2	1	3	591	
30	1	2	1	3	591	
31	1	2	1	3	591	
32	1	2	1	3	591	
33	1	2	1	3	591	
34	1	2	1	3	591	
35	1	2	1	3	591	
36	1	2	1	3	591	
37	1	2	1	3	591	
38	1	2	1	3	591	
39	1	2	1	3	591	
40	1	2	1	3	591	
41	1	2	1	3	591	
42	1	2	1	3	591	
43	1	2	1	3	591	
44	1	2	1	3	591	
45	1	2	1	3	591	
46	1	2	1	3	591	
47	1	2	1	3	591	
48	1	2	1	3	591	
49	1	2	1	3	591	
50	1	2	1	3	591	
51	1	2	1	3	591	
52	1	2	1	3	591	
53	1	2	1	3	591	
54	1	2	1	3	591	
55	1	2	1	3	591	
56	1	2	1	3	591	
57	1	2	1	3	591	
58	1	2	1	3	591	
59	1	2	1	3	591	
60	1	2	1	3	591	
61	1	2	1	3	591	
62	1	2	1	3	591	
63	1	2	1	3	591	
64	1	2	1	3	591	
65	1	2	1	3	591	
66	1	2	1	3	591	
67	1	2	1	3	591	
68	1	2	1	3	591	
69	1	2	1	3	591	
70	1	2	1	3	591	
71	1	2	1	3	591	
72	1	2	1	3	591	
73	1	2	1	3	591	
74	1	2	1	3	591	
75	1	2	1	3	591	
76	1	2	1	3	591	
77	1	2	1	3	591	
78	1	2	1	3	591	
79	1	2	1	3	591	
80	1	2	1	3	591	
81	1	2	1	3	591	
82	1	2	1	3	591	
83	1	2	1	3	591	
84	1	2	1	3	591	
85	1	2	1	3	591	
86	1	2	1	3	591	
87	1	2	1	3	591	
88	1	2	1	3	591	
89	1	2	1	3	591	
90	1	2	1	3	591	
91	1	2	1	3	591	
92	1	2	1	3	591	
93	1	2	1	3	591	
94	0	2	1	3	591	
95	0	2	1	3	591	
96	0	2	1	3	591	
97	0	2	1	3	591	
98	0	2	1	3	591	
99	0	2	1	3	591	
