0	0.02000
1	0.02000
2	0.02000
3	0.02000
4	0.02000
5	0.02000
6	0.02000
7	0.02000
8	0.02000
9	0.02000
10	0.02000
11	0.02000
12	0.02000
13	0.02000
14	0.02000
15	0.02000
16	0.02000
17	0.02000
18	0.02000
19	0.02000
20	0.02500
21	0.02500
22	0.02500
23	0.02500
24	0.02500
25	0.02500
26	0.02500
27	0.02500
28	0.02500
29	0.02500
30	0.03000
31	0.03000
32	0.03000
33	0.03500
34	0.03500
35	0.03500
36	0.03500
37	0.03500
38	0.03500
39	0.03500
40	0.03500
41	0.03500
42	0.03500
43	0.03500
44	0.03500
45	0.03500
46	0.03500
47	0.03500
48	0.03500
49	0.03500
50	0.03500
51	0.03500
52	0.03500
53	0.03500
54	0.03500
55	0.03500
56	0.04000
57	0.04000
58	0.04000
59	0.04000
60	0.04000
61	0.04000
62	0.04000
63	0.04000
64	0.04500
65	0.04500
66	0.04500
67	0.04500
68	0.04500
69	0.04500
70	0.04500
71	0.04500
72	0.04500
73	0.04500
74	0.05000
75	0.05500
76	0.05500
77	0.05500
78	0.05500
79	0.05500
80	0.05500
81	0.05500
82	0.06000
83	0.06000
84	0.06000
85	0.06000
86	0.06000
87	0.06000
88	0.06000
89	0.06500
90	0.06500
91	0.06500
92	0.06500
93	0.07000
94	0.07000
95	0.07500
96	0.07500
97	0.08000
98	0.08500
99	0.08500
100	0.08500
101	0.08500
102	0.09000
103	0.09500
104	0.09500
105	0.09500
106	0.09500
107	0.10000
108	0.10000
109	0.10000
110	0.10000
111	0.10000
112	0.10500
113	0.11000
114	0.11000
115	0.11500
116	0.12000
117	0.12000
118	0.12500
119	0.12500
120	0.12500
121	0.13000
122	0.14500
123	0.14500
124	0.15500
125	0.15500
126	0.16500
127	0.16500
128	0.17000
129	0.17500
130	0.18000
131	0.18500
132	0.18500
133	0.19000
134	0.19000
135	0.19000
136	0.19500
137	0.19500
138	0.19500
139	0.19500
140	0.19500
141	0.19500
142	0.19500
143	0.19500
144	0.19500
145	0.20000
146	0.20000
147	0.20000
148	0.20500
149	0.21500
