0	0	0	0	0	0	
1	1287	0	0	0	0	
2	1257	0	0	0	0	
3	0	1172	0	0	0	
4	0	0	1002	0	0	
5	0	0	0	847	0	
6	0	0	0	0	786	
7	0	0	0	0	782	
8	0	0	0	0	778	
9	0	0	0	0	775	
10	0	0	0	0	774	
11	0	0	0	0	773	
12	0	0	0	0	773	
13	0	0	0	0	773	
14	0	0	0	0	773	
15	0	0	0	0	773	
16	0	0	0	0	773	
17	0	0	0	0	773	
18	0	0	0	0	773	
19	0	0	0	0	773	
20	0	0	0	0	773	
21	0	0	0	0	773	
22	0	0	0	0	773	
23	0	0	0	0	773	
24	0	0	0	0	773	
25	0	0	0	0	773	
26	0	0	0	0	773	
27	0	0	0	0	773	
28	0	0	0	0	773	
29	0	0	0	0	773	
30	0	0	0	0	773	
31	0	0	0	0	773	
32	0	0	0	0	773	
33	0	0	0	0	773	
34	0	0	0	0	773	
35	0	0	0	0	773	
36	0	0	0	0	773	
37	0	0	0	0	773	
38	0	0	0	0	773	
39	0	0	0	0	773	
40	0	0	0	0	773	
41	0	0	0	0	773	
42	0	0	0	0	773	
43	0	0	0	0	773	
44	0	0	0	0	773	
45	0	0	0	0	773	
46	0	0	0	0	773	
47	0	0	0	0	773	
48	0	0	0	0	773	
49	0	0	0	0	773	
50	0	0	0	0	773	
51	0	0	0	0	773	
52	0	0	0	0	773	
53	0	0	0	0	773	
54	0	0	0	0	773	
55	0	0	0	0	773	
56	0	0	0	0	773	
57	0	0	0	0	773	
58	0	0	0	0	773	
59	0	0	0	0	773	
60	0	0	0	0	773	
61	0	0	0	0	773	
62	0	0	0	0	773	
63	0	0	0	0	773	
64	0	0	0	0	773	
65	0	0	0	0	773	
66	0	0	0	0	773	
67	0	0	0	0	773	
68	0	0	0	0	773	
69	0	0	0	0	773	
70	0	0	0	0	773	
71	0	0	0	0	773	
72	0	0	0	0	773	
73	0	0	0	0	773	
74	0	0	0	0	773	
75	0	0	0	0	773	
76	0	0	0	0	773	
77	0	0	0	0	773	
78	0	0	0	0	773	
79	0	0	0	0	773	
80	0	0	0	0	773	
81	0	0	0	0	773	
82	0	0	0	0	773	
83	0	0	0	0	773	
84	0	0	0	0	773	
85	0	0	0	0	773	
86	0	0	0	0	773	
87	0	0	0	0	773	
88	0	0	0	0	773	
89	0	0	0	0	773	
90	0	0	0	0	773	
91	0	0	0	0	773	
92	0	0	0	0	773	
93	0	0	0	0	773	
94	0	0	0	0	773	
95	0	0	0	0	773	
96	0	0	0	0	773	
97	0	0	0	0	773	
98	0	0	0	0	773	
99	0	0	0	0	773	
100	0	0	0	0	773	
101	0	0	0	0	773	
102	0	0	0	0	773	
103	0	0	0	0	773	
104	0	0	0	0	773	
105	0	0	0	0	773	
106	0	0	0	0	773	
107	0	0	0	0	773	
108	0	0	0	0	773	
109	0	0	0	0	773	
110	0	0	0	0	773	
111	0	0	0	0	773	
112	0	0	0	0	773	
113	0	0	0	0	773	
114	0	0	0	0	773	
115	0	0	0	0	773	
116	0	0	0	0	773	
117	0	0	0	0	773	
118	0	0	0	0	773	
119	0	0	0	0	773	
120	0	0	0	0	773	
121	0	0	0	0	773	
122	0	0	0	0	773	
123	0	0	0	0	773	
124	0	0	0	0	773	
125	0	0	0	0	773	
126	0	0	0	0	773	
127	0	0	0	0	773	
128	0	0	0	0	773	
129	0	0	0	0	773	
130	0	0	0	0	773	
131	0	0	0	0	773	
132	0	0	0	0	773	
133	0	0	0	0	773	
134	0	0	0	0	773	
135	0	0	0	0	773	
136	0	0	0	0	773	
137	0	0	0	0	773	
138	0	0	0	0	773	
139	0	0	0	0	773	
140	0	0	0	0	773	
141	0	0	0	0	773	
142	0	0	0	0	773	
143	0	0	0	0	773	
144	0	0	0	0	773	
145	0	0	0	0	773	
146	0	0	0	0	773	
147	0	0	0	0	773	
148	0	0	0	0	773	
149	0	0	0	0	773	
150	0	0	0	0	773	
