0	0.00000
1	0.00050
2	0.00050
3	0.00050
4	0.00000
5	0.00000
6	0.00000
7	0.00000
8	0.00000
9	0.00000
10	0.00100
11	0.00050
12	0.00000
13	0.00050
14	0.00050
15	0.00050
16	0.00050
17	0.00050
18	0.00200
19	0.00100
20	0.00200
21	0.00250
22	0.00150
23	0.00200
24	0.00100
25	0.00250
26	0.00250
27	0.00300
28	0.00350
29	0.00500
30	0.00350
31	0.00250
32	0.00300
33	0.00500
34	0.00450
35	0.00100
36	0.00400
37	0.00500
38	0.00300
39	0.00500
40	0.00750
41	0.00300
42	0.00400
43	0.00650
44	0.00400
45	0.00650
46	0.00700
47	0.00650
48	0.01000
49	0.00600
50	0.00950
51	0.01100
52	0.00900
53	0.00950
54	0.00750
55	0.01300
56	0.01100
57	0.01000
58	0.01600
59	0.01550
60	0.01350
61	0.01450
62	0.01450
63	0.01150
64	0.00950
65	0.01450
66	0.01600
67	0.01450
68	0.01100
69	0.01150
70	0.01150
71	0.01900
72	0.01800
73	0.01150
74	0.01100
75	0.01500
76	0.01500
77	0.01750
78	0.01100
79	0.01100
80	0.01200
81	0.01550
82	0.01250
83	0.01150
84	0.01050
85	0.01250
86	0.01150
87	0.00800
88	0.01150
89	0.01050
90	0.01600
91	0.00850
92	0.00800
93	0.01000
94	0.01350
95	0.00750
96	0.00950
97	0.00550
98	0.00500
99	0.00450
100	0.00800
101	0.00400
102	0.00900
103	0.00700
104	0.01100
105	0.00800
106	0.00450
107	0.00750
108	0.00750
109	0.00400
110	0.00600
111	0.00650
112	0.00600
113	0.00700
114	0.00350
115	0.00400
116	0.00300
117	0.00450
118	0.00300
119	0.00750
120	0.00350
121	0.00350
122	0.00350
123	0.00500
124	0.00350
125	0.00300
126	0.00500
127	0.00100
128	0.00200
129	0.00150
130	0.00300
131	0.00350
132	0.00300
133	0.00200
134	0.00150
135	0.00150
136	0.00150
137	0.00250
138	0.00350
139	0.00200
140	0.00150
141	0.00050
142	0.00150
143	0.00050
144	0.00150
145	0.00050
146	0.00050
147	0.00050
148	0.00150
149	0.00100
150	0.00050
151	0.00150
152	0.00300
153	0.00250
154	0.00050
155	0.00100
156	0.00200
157	0.00000
158	0.00100
159	0.00100
160	0.00000
161	0.00050
162	0.00100
163	0.00000
164	0.00000
165	0.00100
166	0.00050
167	0.00150
168	0.00000
169	0.00050
170	0.00050
171	0.00000
172	0.00000
173	0.00050
174	0.00150
175	0.00050
176	0.00150
177	0.00000
178	0.00050
179	0.00100
