0	0.00500
1	0.00550
2	0.00600
3	0.00650
4	0.00650
5	0.00650
6	0.00650
7	0.00650
8	0.00650
9	0.00650
10	0.00750
11	0.00800
12	0.00800
13	0.00850
14	0.00900
15	0.00950
16	0.01000
17	0.01050
18	0.01250
19	0.01350
20	0.01550
21	0.01800
22	0.01950
23	0.02150
24	0.02250
25	0.02500
26	0.02750
27	0.03050
28	0.03400
29	0.03900
30	0.04250
31	0.04500
32	0.04800
33	0.05300
34	0.05750
35	0.05850
36	0.06250
37	0.06750
38	0.07050
39	0.07550
40	0.08300
41	0.08600
42	0.09000
43	0.09650
44	0.10050
45	0.10700
46	0.11400
47	0.12050
48	0.13050
49	0.13650
50	0.14600
51	0.15700
52	0.16600
53	0.17550
54	0.18300
55	0.19600
56	0.20700
57	0.21700
58	0.23300
59	0.24850
60	0.26200
61	0.27650
62	0.29100
63	0.30250
64	0.31200
65	0.32650
66	0.34250
67	0.35700
68	0.36800
69	0.37950
70	0.39100
71	0.41000
72	0.42800
73	0.43950
74	0.45050
75	0.46550
76	0.48050
77	0.49800
78	0.50900
79	0.52000
80	0.53200
81	0.54750
82	0.56000
83	0.57150
84	0.58200
85	0.59450
86	0.60600
87	0.61400
88	0.62550
89	0.63600
90	0.65200
91	0.66050
92	0.66850
93	0.67850
94	0.69200
95	0.69950
96	0.70900
97	0.71450
98	0.71950
99	0.72400
100	0.73200
101	0.73600
102	0.74500
103	0.75200
104	0.76300
105	0.77100
106	0.77550
107	0.78300
108	0.79050
109	0.79450
110	0.80050
111	0.80700
112	0.81300
113	0.82000
114	0.82350
115	0.82750
116	0.83050
117	0.83500
118	0.83800
119	0.84550
120	0.84900
121	0.85250
122	0.85600
123	0.86100
124	0.86450
125	0.86750
126	0.87250
127	0.87350
128	0.87550
129	0.87700
130	0.88000
131	0.88350
132	0.88650
133	0.88850
134	0.89000
135	0.89150
136	0.89300
137	0.89550
138	0.89900
139	0.90100
140	0.90250
141	0.90300
142	0.90450
143	0.90500
144	0.90650
145	0.90700
146	0.90750
147	0.90800
148	0.90950
149	0.91050
150	0.91100
151	0.91250
152	0.91550
153	0.91800
154	0.91850
155	0.91950
156	0.92150
157	0.92150
158	0.92250
159	0.92350
160	0.92350
161	0.92400
162	0.92500
163	0.92500
164	0.92500
165	0.92600
166	0.92650
167	0.92800
168	0.92800
169	0.92850
170	0.92900
171	0.92900
172	0.92900
173	0.92950
174	0.93100
175	0.93150
176	0.93300
177	0.93300
178	0.93350
179	0.93450
