0	0.00000
1	0.00000
2	0.00000
3	0.00520
4	0.01921
5	0.03208
6	0.03024
7	0.03024
8	0.03024
9	0.03024
10	0.02506
11	0.01231
12	0.03734
13	0.04490
14	0.04492
15	0.05054
16	0.05418
17	0.09216
18	0.10478
19	0.10884
20	0.16722
21	0.20783
22	0.31465
23	0.41043
24	0.39575
25	0.42373
26	0.38611
27	0.40021
28	0.39073
29	0.37058
30	0.40884
31	0.41202
32	0.38952
33	0.38409
34	0.42932
35	0.49091
36	0.48083
37	0.37776
38	0.36341
39	0.40263
40	0.38601
41	0.39766
42	0.47194
43	0.44025
44	0.39711
45	0.38771
46	0.35170
47	0.33555
48	0.34005
49	0.30338
50	0.32863
51	0.33624
52	0.35774
53	0.36125
54	0.33297
55	0.31619
56	0.28296
57	0.28292
58	0.27825
59	0.25784
60	0.27790
61	0.28163
62	0.25223
63	0.24144
64	0.23359
65	0.21461
66	0.18403
67	0.18286
68	0.19086
69	0.18754
70	0.17546
71	0.15680
72	0.14976
73	0.15703
74	0.15853
75	0.14552
76	0.13876
77	0.13484
78	0.13557
79	0.14134
80	0.12883
81	0.11963
82	0.10704
83	0.10752
84	0.09877
85	0.08997
86	0.07997
87	0.07703
88	0.07767
89	0.07162
90	0.07072
91	0.06669
92	0.06998
93	0.06685
94	0.06286
95	0.06044
96	0.06521
97	0.06142
98	0.06065
99	0.05446
100	0.04700
101	0.04180
102	0.04079
103	0.03406
104	0.03500
105	0.03415
106	0.03864
107	0.04201
108	0.03778
109	0.03858
110	0.03858
111	0.03584
112	0.03637
113	0.03317
114	0.03246
115	0.03394
116	0.03151
117	0.02939
118	0.02666
119	0.02564
120	0.02242
121	0.02385
122	0.02174
123	0.02184
124	0.02206
125	0.02337
126	0.02270
127	0.02040
128	0.02045
129	0.01687
130	0.01609
131	0.01300
132	0.01225
133	0.01224
134	0.01224
135	0.01133
136	0.01210
137	0.01206
138	0.01288
139	0.01233
140	0.01280
141	0.01232
142	0.01162
143	0.00950
144	0.00883
145	0.00775
146	0.00888
147	0.00550
148	0.00574
149	0.00525
150	0.00562
151	0.00493
152	0.00494
153	0.00402
154	0.00598
155	0.00708
156	0.00686
157	0.00652
158	0.00700
159	0.00599
160	0.00597
161	0.00577
162	0.00433
163	0.00441
164	0.00444
165	0.00371
166	0.00374
167	0.00398
168	0.00341
169	0.00436
170	0.00366
171	0.00345
172	0.00400
173	0.00375
174	0.00295
175	0.00251
176	0.00554
177	0.00543
178	0.00536
179	0.00441
