0	0.00000
1	0.00050
2	0.00300
3	0.00200
4	0.00200
5	0.00250
6	0.00100
7	0.00400
8	0.00350
9	0.00500
10	0.00250
11	0.00550
12	0.00650
13	0.00700
14	0.00550
15	0.00950
16	0.00900
17	0.01000
18	0.01400
19	0.01550
20	0.01850
21	0.01950
22	0.02100
23	0.01850
24	0.02200
25	0.02500
26	0.02750
27	0.02850
28	0.02750
29	0.02900
30	0.02700
31	0.02950
32	0.03250
33	0.02750
34	0.02650
35	0.01900
36	0.02200
37	0.02800
38	0.02600
39	0.02100
40	0.01650
41	0.01150
42	0.01450
43	0.01050
44	0.01300
45	0.01200
46	0.00950
47	0.00800
48	0.00650
49	0.00450
50	0.00700
51	0.00550
52	0.00650
53	0.00450
54	0.00400
55	0.00200
56	0.00350
57	0.00050
58	0.00400
59	0.00350
60	0.00100
61	0.00200
62	0.00100
63	0.00000
64	0.00100
65	0.00000
66	0.00100
67	0.00050
68	0.00050
69	0.00050
70	0.00000
71	0.00000
72	0.00000
73	0.00000
74	0.00000
75	0.00000
76	0.00000
77	0.00000
78	0.00000
79	0.00000
80	0.00000
81	0.00000
82	0.00000
83	0.00000
84	0.00000
85	0.00000
86	0.00000
87	0.00000
88	0.00000
89	0.00000
90	0.00000
91	0.00000
92	0.00000
93	0.00000
94	0.00000
95	0.00000
96	0.00000
97	0.00000
98	0.00000
99	0.00000
