0	0.00500
1	0.00550
2	0.00850
3	0.01050
4	0.01250
5	0.01500
6	0.01600
7	0.02000
8	0.02350
9	0.02850
10	0.03100
11	0.03650
12	0.04300
13	0.05000
14	0.05550
15	0.06500
16	0.07400
17	0.08400
18	0.09800
19	0.11350
20	0.13200
21	0.15150
22	0.17250
23	0.19100
24	0.21300
25	0.23800
26	0.26550
27	0.29400
28	0.32150
29	0.35050
30	0.37750
31	0.40700
32	0.43950
33	0.46700
34	0.49350
35	0.51250
36	0.53450
37	0.56250
38	0.58850
39	0.60950
40	0.62600
41	0.63750
42	0.65200
43	0.66250
44	0.67550
45	0.68750
46	0.69700
47	0.70500
48	0.71150
49	0.71600
50	0.72300
51	0.72850
52	0.73500
53	0.73950
54	0.74350
55	0.74550
56	0.74900
57	0.74950
58	0.75350
59	0.75700
60	0.75800
61	0.76000
62	0.76100
63	0.76100
64	0.76200
65	0.76200
66	0.76300
67	0.76350
68	0.76400
69	0.76450
70	0.76450
71	0.76450
72	0.76450
73	0.76450
74	0.76450
75	0.76450
76	0.76450
77	0.76450
78	0.76450
79	0.76450
80	0.76450
81	0.76450
82	0.76450
83	0.76450
84	0.76450
85	0.76450
86	0.76450
87	0.76450
88	0.76450
89	0.76450
90	0.76450
91	0.76450
92	0.76450
93	0.76450
94	0.76450
95	0.76450
96	0.76450
97	0.76450
98	0.76450
99	0.76450
