0	0.00000
1	0.00100
2	0.00050
3	0.00000
4	0.00000
5	0.00000
6	0.00050
7	0.00000
8	0.00000
9	0.00000
10	0.00050
11	0.00100
12	0.00000
13	0.00050
14	0.00000
15	0.00200
16	0.00100
17	0.00000
18	0.00150
19	0.00050
20	0.00200
21	0.00050
22	0.00350
23	0.00050
24	0.00150
25	0.00300
26	0.00100
27	0.00250
28	0.00200
29	0.00000
30	0.00300
31	0.00450
32	0.00350
33	0.00250
34	0.00250
35	0.00250
36	0.00400
37	0.00550
38	0.00500
39	0.00800
40	0.00950
41	0.00400
42	0.00500
43	0.00650
44	0.00500
45	0.01000
46	0.00650
47	0.00850
48	0.01300
49	0.01000
50	0.00850
51	0.00900
52	0.00900
53	0.00850
54	0.01300
55	0.01050
56	0.01200
57	0.01450
58	0.01350
59	0.01600
60	0.01750
61	0.01200
62	0.01450
63	0.01000
64	0.01750
65	0.01700
66	0.01850
67	0.01250
68	0.01300
69	0.00800
70	0.01300
71	0.01500
72	0.01350
73	0.02000
74	0.01600
75	0.01250
76	0.01400
77	0.01700
78	0.01100
79	0.01100
80	0.01550
81	0.01300
82	0.01150
83	0.01200
84	0.01100
85	0.01100
86	0.00750
87	0.00800
88	0.01050
89	0.00950
90	0.01050
91	0.01200
92	0.00750
93	0.01300
94	0.01250
95	0.00700
96	0.00900
97	0.01050
98	0.01000
99	0.00450
100	0.00750
101	0.00850
102	0.00900
103	0.00650
104	0.00950
105	0.00500
106	0.01000
107	0.00750
108	0.00750
109	0.00500
110	0.00850
111	0.00400
112	0.00600
113	0.00550
114	0.00750
115	0.00750
116	0.00600
117	0.00350
118	0.00300
119	0.00450
120	0.00150
121	0.00200
122	0.00250
123	0.00400
124	0.00300
125	0.00150
126	0.00400
127	0.00300
128	0.00200
129	0.00150
130	0.00150
131	0.00150
132	0.00150
133	0.00300
134	0.00100
135	0.00100
136	0.00200
137	0.00200
138	0.00150
139	0.00150
140	0.00200
141	0.00200
142	0.00300
143	0.00250
144	0.00000
145	0.00050
146	0.00150
147	0.00000
148	0.00200
149	0.00150
150	0.00150
151	0.00050
152	0.00050
153	0.00100
154	0.00050
155	0.00050
156	0.00150
157	0.00000
158	0.00150
159	0.00000
160	0.00050
161	0.00100
162	0.00100
163	0.00000
164	0.00050
165	0.00200
166	0.00000
167	0.00050
168	0.00000
169	0.00050
170	0.00100
171	0.00050
172	0.00000
173	0.00050
174	0.00000
175	0.00100
176	0.00050
177	0.00150
178	0.00050
179	0.00000
