0	0.00500
1	0.00600
2	0.00650
3	0.00650
4	0.00650
5	0.00650
6	0.00700
7	0.00700
8	0.00700
9	0.00700
10	0.00750
11	0.00850
12	0.00850
13	0.00900
14	0.00900
15	0.01100
16	0.01200
17	0.01200
18	0.01350
19	0.01400
20	0.01600
21	0.01650
22	0.02000
23	0.02050
24	0.02200
25	0.02500
26	0.02600
27	0.02850
28	0.03050
29	0.03050
30	0.03350
31	0.03800
32	0.04150
33	0.04400
34	0.04650
35	0.04900
36	0.05300
37	0.05850
38	0.06350
39	0.07150
40	0.08100
41	0.08500
42	0.09000
43	0.09650
44	0.10150
45	0.11150
46	0.11800
47	0.12650
48	0.13950
49	0.14950
50	0.15800
51	0.16700
52	0.17600
53	0.18450
54	0.19750
55	0.20800
56	0.22000
57	0.23450
58	0.24800
59	0.26400
60	0.28150
61	0.29350
62	0.30800
63	0.31800
64	0.33550
65	0.35250
66	0.37100
67	0.38350
68	0.39650
69	0.40450
70	0.41750
71	0.43250
72	0.44600
73	0.46600
74	0.48200
75	0.49450
76	0.50850
77	0.52550
78	0.53650
79	0.54750
80	0.56300
81	0.57600
82	0.58750
83	0.59950
84	0.61050
85	0.62150
86	0.62900
87	0.63700
88	0.64750
89	0.65700
90	0.66750
91	0.67950
92	0.68700
93	0.70000
94	0.71250
95	0.71950
96	0.72850
97	0.73900
98	0.74900
99	0.75350
100	0.76100
101	0.76950
102	0.77850
103	0.78500
104	0.79450
105	0.79950
106	0.80950
107	0.81700
108	0.82450
109	0.82950
110	0.83800
111	0.84200
112	0.84800
113	0.85350
114	0.86100
115	0.86850
116	0.87450
117	0.87800
118	0.88100
119	0.88550
120	0.88700
121	0.88900
122	0.89150
123	0.89550
124	0.89850
125	0.90000
126	0.90400
127	0.90700
128	0.90900
129	0.91050
130	0.91200
131	0.91350
132	0.91500
133	0.91800
134	0.91900
135	0.92000
136	0.92200
137	0.92400
138	0.92550
139	0.92700
140	0.92900
141	0.93100
142	0.93400
143	0.93650
144	0.93650
145	0.93700
146	0.93850
147	0.93850
148	0.94050
149	0.94200
150	0.94350
151	0.94400
152	0.94450
153	0.94550
154	0.94600
155	0.94650
156	0.94800
157	0.94800
158	0.94950
159	0.94950
160	0.95000
161	0.95100
162	0.95200
163	0.95200
164	0.95250
165	0.95450
166	0.95450
167	0.95500
168	0.95500
169	0.95550
170	0.95650
171	0.95700
172	0.95700
173	0.95750
174	0.95750
175	0.95850
176	0.95900
177	0.96050
178	0.96100
179	0.96100
