0	0.00500
1	0.01500
2	0.04000
3	0.11500
4	0.28400
5	0.53450
6	0.71500
7	0.78200
8	0.80150
9	0.80400
10	0.80450
11	0.80450
12	0.80450
13	0.80450
14	0.80450
15	0.80450
16	0.80450
17	0.80450
18	0.80450
19	0.80450
20	0.80450
21	0.80450
22	0.80450
23	0.80450
24	0.80450
25	0.80450
26	0.80450
27	0.80450
28	0.80450
29	0.80450
30	0.80450
31	0.80450
32	0.80450
33	0.80450
34	0.80450
35	0.80450
36	0.80450
37	0.80450
38	0.80450
39	0.80450
40	0.80450
41	0.80450
42	0.80450
43	0.80450
44	0.80450
45	0.80450
46	0.80450
47	0.80450
48	0.80450
49	0.80450
50	0.80450
51	0.80450
52	0.80450
53	0.80450
54	0.80450
55	0.80450
56	0.80450
57	0.80450
58	0.80450
59	0.80450
60	0.80450
61	0.80450
62	0.80450
63	0.80450
64	0.80450
65	0.80450
66	0.80450
67	0.80450
68	0.80450
69	0.80450
70	0.80450
71	0.80450
72	0.80450
73	0.80450
74	0.80450
75	0.80450
76	0.80450
77	0.80450
78	0.80450
79	0.80450
80	0.80450
81	0.80450
82	0.80450
83	0.80450
84	0.80450
85	0.80450
86	0.80450
87	0.80450
88	0.80450
89	0.80450
90	0.80450
91	0.80450
92	0.80450
93	0.80450
94	0.80450
95	0.80450
96	0.80450
97	0.80450
98	0.80450
99	0.80450
100	0.80450
101	0.80450
102	0.80450
103	0.80450
104	0.80450
105	0.80450
106	0.80450
107	0.80450
108	0.80450
109	0.80450
110	0.80450
111	0.80450
112	0.80450
113	0.80450
114	0.80450
115	0.80450
116	0.80450
117	0.80450
118	0.80450
119	0.80450
120	0.80450
121	0.80450
122	0.80450
123	0.80450
124	0.80450
125	0.80450
126	0.80450
127	0.80450
128	0.80450
129	0.80450
130	0.80450
131	0.80450
132	0.80450
133	0.80450
134	0.80450
135	0.80450
136	0.80450
137	0.80450
138	0.80450
139	0.80450
140	0.80450
141	0.80450
142	0.80450
143	0.80450
144	0.80450
145	0.80450
146	0.80450
147	0.80450
148	0.80450
149	0.80450
