0	0.00000
1	0.00000
2	0.00000
3	0.08107
4	0.39652
5	0.80353
6	1.01920
7	1.31264
8	1.40357
9	1.44313
10	1.34505
11	1.14188
12	0.95820
13	0.75222
14	0.55850
15	0.41418
16	0.32447
17	0.24524
18	0.18781
19	0.14213
20	0.11556
21	0.09088
22	0.06912
23	0.05794
24	0.04704
25	0.04027
26	0.03414
27	0.02729
28	0.02319
29	0.02092
30	0.01577
31	0.01366
32	0.01108
33	0.00836
34	0.00656
35	0.00394
36	0.00285
37	0.00229
38	0.00159
39	0.00041
40	0.00039
41	0.00032
42	0.00032
43	0.00032
44	0.00010
45	0.00010
46	0.00000
47	0.00000
48	0.00000
49	0.00000
50	0.00000
51	0.00000
52	0.00000
53	0.00000
54	0.00000
55	0.00000
56	0.00000
57	0.00000
58	0.00000
59	0.00000
60	0.00000
61	0.00000
62	0.00000
63	0.00000
64	0.00000
65	0.00000
66	0.00000
67	0.00000
68	0.00000
69	0.00000
70	0.00000
71	0.00000
72	0.00000
73	0.00000
74	0.00000
75	0.00000
76	0.00000
77	0.00000
78	0.00000
79	0.00000
80	0.00000
81	0.00000
82	0.00000
83	0.00000
84	0.00000
85	0.00000
86	0.00000
87	0.00000
88	0.00000
89	0.00000
90	0.00000
91	0.00000
92	0.00000
93	0.00000
94	0.00000
95	0.00000
96	0.00000
97	0.00000
98	0.00000
99	0.00000
