0	0.00500
1	0.00950
2	0.01850
3	0.03500
4	0.05750
5	0.10000
6	0.15500
7	0.21900
8	0.28750
9	0.35000
10	0.41250
11	0.46750
12	0.50900
13	0.54700
14	0.58650
15	0.61400
16	0.63650
17	0.65250
18	0.67100
19	0.67950
20	0.68350
21	0.69200
22	0.69500
23	0.70050
24	0.70300
25	0.70600
26	0.70800
27	0.70900
28	0.71050
29	0.71100
30	0.71350
31	0.71350
32	0.71400
33	0.71400
34	0.71400
35	0.71450
36	0.71450
37	0.71500
38	0.71500
39	0.71550
40	0.71550
41	0.71550
42	0.71550
43	0.71550
44	0.71600
45	0.71600
46	0.71600
47	0.71600
48	0.71600
49	0.71600
50	0.71600
51	0.71600
52	0.71600
53	0.71600
54	0.71600
55	0.71600
56	0.71600
57	0.71600
58	0.71600
59	0.71600
60	0.71600
61	0.71600
62	0.71600
63	0.71600
64	0.71600
65	0.71600
66	0.71600
67	0.71600
68	0.71600
69	0.71600
70	0.71600
71	0.71600
72	0.71600
73	0.71600
74	0.71600
75	0.71600
76	0.71600
77	0.71600
78	0.71600
79	0.71600
80	0.71600
81	0.71600
82	0.71600
83	0.71600
84	0.71600
85	0.71600
86	0.71600
87	0.71600
88	0.71600
89	0.71600
90	0.71600
91	0.71600
92	0.71600
93	0.71600
94	0.71600
95	0.71600
96	0.71600
97	0.71600
98	0.71600
99	0.71600
