0	0.00000
1	0.00000
2	0.00000
3	0.07693
4	0.24171
5	0.52210
6	0.78553
7	1.17998
8	1.36178
9	1.41074
10	1.32685
11	1.17263
12	0.99798
13	0.78821
14	0.58599
15	0.43649
16	0.34151
17	0.25986
18	0.19755
19	0.14878
20	0.12189
21	0.09544
22	0.07231
23	0.06071
24	0.04820
25	0.04076
26	0.03287
27	0.02472
28	0.02124
29	0.01956
30	0.01415
31	0.01290
32	0.01048
33	0.00833
34	0.00687
35	0.00500
36	0.00384
37	0.00332
38	0.00259
39	0.00121
40	0.00121
41	0.00130
42	0.00130
43	0.00130
44	0.00097
45	0.00097
46	0.00057
47	0.00055
48	0.00022
49	0.00022
50	0.00022
51	0.00022
52	0.00022
53	0.00000
54	0.00000
55	0.00000
56	0.00000
57	0.00000
58	0.00000
59	0.00000
60	0.00000
61	0.00000
62	0.00000
63	0.00000
64	0.00000
65	0.00000
66	0.00000
67	0.00000
68	0.00000
69	0.00000
70	0.00000
71	0.00000
72	0.00000
73	0.00000
74	0.00000
75	0.00000
76	0.00000
77	0.00000
78	0.00000
79	0.00000
80	0.00000
81	0.00000
82	0.00000
83	0.00000
84	0.00000
85	0.00000
86	0.00000
87	0.00000
88	0.00000
89	0.00000
90	0.00000
91	0.00000
92	0.00000
93	0.00000
94	0.00000
95	0.00000
96	0.00000
97	0.00000
98	0.00000
99	0.00000
