0	0.00000
1	0.00000
2	0.00000
3	0.00000
4	0.00000
5	0.00000
6	0.00000
7	0.00000
8	0.00000
9	0.00000
10	0.00000
11	0.00000
12	0.00000
13	0.00000
14	0.00000
15	0.00431
16	0.00793
17	0.01641
18	0.02054
19	0.03526
20	0.02812
21	0.04216
22	0.03718
23	0.06031
24	0.06808
25	0.06122
26	0.07527
27	0.06990
28	0.05858
29	0.05381
30	0.04374
31	0.03802
32	0.04923
33	0.06267
34	0.05933
35	0.07519
36	0.07045
37	0.08698
38	0.08382
39	0.10407
40	0.10873
41	0.10321
42	0.10220
43	0.08849
44	0.08920
45	0.08799
46	0.08283
47	0.07909
48	0.06996
49	0.06690
50	0.05912
51	0.05491
52	0.05511
53	0.05127
54	0.05014
55	0.04394
56	0.04262
57	0.04011
58	0.04187
59	0.03994
60	0.04403
61	0.03987
62	0.04101
63	0.03729
64	0.03324
65	0.03062
66	0.02844
67	0.02578
68	0.02800
69	0.02816
70	0.02486
71	0.02390
72	0.02671
73	0.02572
74	0.02389
75	0.02231
76	0.01997
77	0.01967
78	0.01809
79	0.01694
80	0.01549
81	0.01656
82	0.01653
83	0.01501
84	0.01486
85	0.01284
86	0.01320
87	0.01253
88	0.01191
89	0.01170
90	0.01230
91	0.01196
92	0.01260
93	0.01237
94	0.01133
95	0.01082
96	0.00889
97	0.00943
98	0.00920
99	0.00857
100	0.00765
101	0.00967
102	0.00843
103	0.00752
104	0.00677
105	0.00733
106	0.00657
107	0.00635
108	0.00539
109	0.00561
110	0.00491
111	0.00443
112	0.00447
113	0.00440
114	0.00426
115	0.00311
116	0.00336
117	0.00452
118	0.00401
119	0.00379
120	0.00380
121	0.00358
122	0.00403
123	0.00374
124	0.00334
125	0.00321
126	0.00288
127	0.00299
128	0.00273
129	0.00244
130	0.00251
131	0.00225
132	0.00207
133	0.00193
134	0.00158
135	0.00157
136	0.00135
137	0.00135
138	0.00154
139	0.00106
140	0.00086
141	0.00110
142	0.00114
143	0.00074
144	0.00043
145	0.00037
146	0.00041
147	0.00024
148	0.00014
149	0.00013
150	0.00027
151	0.00000
152	0.00013
153	0.00000
154	0.00020
155	0.00000
156	0.00030
157	0.00010
158	0.00019
159	0.00022
160	0.00013
161	0.00012
162	0.00010
163	0.00010
164	0.00009
165	0.00011
166	0.00012
167	0.00000
168	0.00000
169	0.00011
170	0.00000
171	0.00000
172	0.00000
173	0.00000
174	0.00000
175	0.00000
176	0.00000
177	0.00000
178	0.00000
179	0.00000
