0	0.00500
1	0.01350
2	0.04400
3	0.11700
4	0.29950
5	0.56250
6	0.75300
7	0.82650
8	0.84250
9	0.84650
10	0.84800
11	0.84800
12	0.84800
13	0.84800
14	0.84800
15	0.84800
16	0.84800
17	0.84800
18	0.84800
19	0.84800
20	0.84800
21	0.84800
22	0.84800
23	0.84800
24	0.84800
25	0.84800
26	0.84800
27	0.84800
28	0.84800
29	0.84800
30	0.84800
31	0.84800
32	0.84800
33	0.84800
34	0.84800
35	0.84800
36	0.84800
37	0.84800
38	0.84800
39	0.84800
40	0.84800
41	0.84800
42	0.84800
43	0.84800
44	0.84800
45	0.84800
46	0.84800
47	0.84800
48	0.84800
49	0.84800
50	0.84800
51	0.84800
52	0.84800
53	0.84800
54	0.84800
55	0.84800
56	0.84800
57	0.84800
58	0.84800
59	0.84800
60	0.84800
61	0.84800
62	0.84800
63	0.84800
64	0.84800
65	0.84800
66	0.84800
67	0.84800
68	0.84800
69	0.84800
70	0.84800
71	0.84800
72	0.84800
73	0.84800
74	0.84800
75	0.84800
76	0.84800
77	0.84800
78	0.84800
79	0.84800
80	0.84800
81	0.84800
82	0.84800
83	0.84800
84	0.84800
85	0.84800
86	0.84800
87	0.84800
88	0.84800
89	0.84800
90	0.84800
91	0.84800
92	0.84800
93	0.84800
94	0.84800
95	0.84800
96	0.84800
97	0.84800
98	0.84800
99	0.84800
100	0.84800
101	0.84800
102	0.84800
103	0.84800
104	0.84800
105	0.84800
106	0.84800
107	0.84800
108	0.84800
109	0.84800
110	0.84800
111	0.84800
112	0.84800
113	0.84800
114	0.84800
115	0.84800
116	0.84800
117	0.84800
118	0.84800
119	0.84800
120	0.84800
121	0.84800
122	0.84800
123	0.84800
124	0.84800
125	0.84800
126	0.84800
127	0.84800
128	0.84800
129	0.84800
130	0.84800
131	0.84800
132	0.84800
133	0.84800
134	0.84800
135	0.84800
136	0.84800
137	0.84800
138	0.84800
139	0.84800
140	0.84800
141	0.84800
142	0.84800
143	0.84800
144	0.84800
145	0.84800
146	0.84800
147	0.84800
148	0.84800
149	0.84800
