0	0	0	0	0	0	
1	740	0	0	0	0	
2	714	0	0	0	0	
3	321	328	0	0	0	
4	0	255	277	0	0	
5	0	0	167	215	0	
6	0	0	16	117	187	
7	0	0	12	21	272	
8	0	0	12	21	272	
9	0	0	12	21	272	
10	0	0	12	21	271	
11	0	0	12	21	271	
12	0	0	12	21	271	
13	0	0	12	21	271	
14	0	0	12	21	271	
15	0	0	12	21	271	
16	0	0	12	21	271	
17	0	0	12	21	271	
18	0	0	12	21	271	
19	0	0	12	21	271	
20	0	0	12	21	271	
21	0	0	12	21	271	
22	0	0	12	21	271	
23	0	0	12	21	271	
24	0	0	12	21	271	
25	0	0	12	21	271	
26	0	0	12	21	271	
27	0	0	12	21	271	
28	0	0	12	21	271	
29	0	0	12	21	271	
30	0	0	12	21	271	
31	0	0	12	21	271	
32	0	0	12	21	271	
33	0	0	12	21	271	
34	0	0	12	21	271	
35	0	0	12	21	271	
36	0	0	12	21	271	
37	0	0	12	21	271	
38	0	0	12	21	271	
39	0	0	12	21	271	
40	0	0	12	21	271	
41	0	0	12	21	271	
42	0	0	12	21	271	
43	0	0	12	21	271	
44	0	0	12	21	271	
45	0	0	12	21	271	
46	0	0	12	21	271	
47	0	0	12	21	271	
48	0	0	12	21	271	
49	0	0	12	21	271	
50	0	0	12	21	271	
51	0	0	12	21	271	
52	0	0	12	21	271	
53	0	0	12	21	271	
54	0	0	12	21	271	
55	0	0	12	21	271	
56	0	0	12	21	271	
57	0	0	12	21	271	
58	0	0	12	21	271	
59	0	0	12	21	271	
60	0	0	12	21	271	
61	0	0	12	21	271	
62	0	0	12	21	271	
63	0	0	12	21	271	
64	0	0	12	21	271	
65	0	0	12	21	271	
66	0	0	12	21	271	
67	0	0	12	21	271	
68	0	0	12	21	271	
69	0	0	12	21	271	
70	0	0	12	21	271	
71	0	0	12	21	271	
72	0	0	12	21	271	
73	0	0	12	21	271	
74	0	0	12	21	271	
75	0	0	12	21	271	
76	0	0	12	21	271	
77	0	0	12	21	271	
78	0	0	12	21	271	
79	0	0	12	21	271	
80	0	0	12	21	271	
81	0	0	12	21	271	
82	0	0	12	21	271	
83	0	0	12	21	271	
84	0	0	12	21	271	
85	0	0	12	21	271	
86	0	0	12	21	271	
87	0	0	12	21	271	
88	0	0	12	21	271	
89	0	0	12	21	271	
90	0	0	12	21	271	
91	0	0	12	21	271	
92	0	0	12	21	271	
93	0	0	12	21	271	
94	0	0	12	21	271	
95	0	0	12	21	271	
96	0	0	12	21	271	
97	0	0	12	21	271	
98	0	0	12	21	271	
99	0	0	12	21	271	
100	0	0	12	21	271	
101	0	0	12	21	271	
102	0	0	12	21	271	
103	0	0	12	21	271	
104	0	0	12	21	271	
105	0	0	12	21	271	
106	0	0	12	21	271	
107	0	0	12	21	271	
108	0	0	12	21	271	
109	0	0	12	21	271	
110	0	0	12	21	271	
111	0	0	12	21	271	
112	0	0	12	21	271	
113	0	0	12	21	271	
114	0	0	12	21	271	
115	0	0	12	21	271	
116	0	0	12	21	271	
117	0	0	12	21	271	
118	0	0	12	21	271	
119	0	0	12	21	271	
120	0	0	12	21	271	
121	0	0	12	21	271	
122	0	0	12	21	271	
123	0	0	12	21	271	
124	0	0	12	21	271	
125	0	0	12	21	271	
126	0	0	12	21	271	
127	0	0	12	21	271	
128	0	0	12	21	271	
129	0	0	12	21	271	
130	0	0	12	21	271	
131	0	0	12	21	271	
132	0	0	12	21	271	
133	0	0	12	21	271	
134	0	0	12	21	271	
135	0	0	12	21	271	
136	0	0	12	21	271	
137	0	0	12	21	271	
138	0	0	12	21	271	
139	0	0	12	21	271	
140	0	0	12	21	271	
141	0	0	12	21	271	
142	0	0	12	21	271	
143	0	0	12	21	271	
144	0	0	12	21	271	
145	0	0	12	21	271	
146	0	0	12	21	271	
147	0	0	12	21	271	
148	0	0	12	21	271	
149	0	0	12	21	271	
