0	0.00500
1	0.01150
2	0.02500
3	0.04350
4	0.07400
5	0.13200
6	0.21200
7	0.31800
8	0.43600
9	0.54950
10	0.64600
11	0.72350
12	0.76550
13	0.79800
14	0.81450
15	0.82400
16	0.82850
17	0.83100
18	0.83350
19	0.83450
20	0.83550
21	0.83600
22	0.83600
23	0.83600
24	0.83600
25	0.83600
26	0.83600
27	0.83600
28	0.83600
29	0.83600
30	0.83600
31	0.83600
32	0.83600
33	0.83600
34	0.83600
35	0.83600
36	0.83600
37	0.83600
38	0.83600
39	0.83600
40	0.83600
41	0.83600
42	0.83600
43	0.83600
44	0.83600
45	0.83600
46	0.83600
47	0.83600
48	0.83600
49	0.83600
50	0.83600
51	0.83600
52	0.83600
53	0.83600
54	0.83600
55	0.83600
56	0.83600
57	0.83600
58	0.83600
59	0.83600
60	0.83600
61	0.83600
62	0.83600
63	0.83600
64	0.83600
65	0.83600
66	0.83600
67	0.83600
68	0.83600
69	0.83600
70	0.83600
71	0.83600
72	0.83600
73	0.83600
74	0.83600
75	0.83600
76	0.83600
77	0.83600
78	0.83600
79	0.83600
80	0.83600
81	0.83600
82	0.83600
83	0.83600
84	0.83600
85	0.83600
86	0.83600
87	0.83600
88	0.83600
89	0.83600
90	0.83600
91	0.83600
92	0.83600
93	0.83600
94	0.83600
95	0.83600
96	0.83600
97	0.83600
98	0.83600
99	0.83600
100	0.83600
101	0.83600
102	0.83600
103	0.83600
104	0.83600
105	0.83600
106	0.83600
107	0.83600
108	0.83600
109	0.83600
110	0.83600
111	0.83600
112	0.83600
113	0.83600
114	0.83600
115	0.83600
116	0.83600
117	0.83600
118	0.83600
119	0.83600
120	0.83600
121	0.83600
122	0.83600
123	0.83600
124	0.83600
125	0.83600
126	0.83600
127	0.83600
128	0.83600
129	0.83600
130	0.83600
131	0.83600
132	0.83600
133	0.83600
134	0.83600
135	0.83600
136	0.83600
137	0.83600
138	0.83600
139	0.83600
140	0.83600
141	0.83600
142	0.83600
143	0.83600
144	0.83600
145	0.83600
146	0.83600
147	0.83600
148	0.83600
149	0.83600
150	0.83600
151	0.83600
152	0.83600
153	0.83600
154	0.83600
155	0.83600
156	0.83600
157	0.83600
158	0.83600
159	0.83600
160	0.83600
161	0.83600
162	0.83600
163	0.83600
164	0.83600
165	0.83600
166	0.83600
167	0.83600
168	0.83600
169	0.83600
170	0.83600
171	0.83600
172	0.83600
173	0.83600
174	0.83600
175	0.83600
176	0.83600
177	0.83600
178	0.83600
179	0.83600
