0	0	0	0	0	0	
1	499	0	0	0	0	
2	494	0	0	0	0	
3	451	35	0	0	0	
4	130	305	35	0	0	
5	44	81	285	32	0	
6	41	21	59	262	31	
7	32	19	13	47	282	
8	27	15	13	15	307	
9	19	15	10	15	305	
10	15	11	10	15	304	
11	9	8	10	14	303	
12	6	8	9	14	301	
13	2	7	9	14	300	
14	1	5	8	14	300	
15	0	5	8	14	300	
16	0	5	8	14	300	
17	0	5	8	14	300	
18	0	5	8	14	300	
19	0	5	8	14	300	
20	0	5	8	14	300	
21	0	5	8	14	300	
22	0	5	8	14	300	
23	0	5	8	14	300	
24	0	5	8	14	300	
25	0	5	8	14	300	
26	0	5	8	14	300	
27	0	5	8	14	300	
28	0	5	8	14	300	
29	0	5	8	14	300	
30	0	5	8	14	300	
31	0	5	8	14	300	
32	0	5	8	14	300	
33	0	5	8	14	300	
34	0	5	8	14	300	
35	0	5	8	14	300	
36	0	5	8	14	300	
37	0	5	8	14	300	
38	0	5	8	14	300	
39	0	5	8	14	300	
40	0	5	8	14	300	
41	0	5	8	14	300	
42	0	5	8	14	300	
43	0	5	8	14	300	
44	0	5	8	14	300	
45	0	5	8	14	300	
46	0	5	8	14	300	
47	0	5	8	14	300	
48	0	5	8	14	300	
49	0	5	8	14	300	
50	0	5	8	14	300	
51	0	5	8	14	300	
52	0	5	8	14	300	
53	0	5	8	14	300	
54	0	5	8	14	300	
55	0	5	8	14	300	
56	0	5	8	14	300	
57	0	5	8	14	300	
58	0	5	8	14	300	
59	0	5	8	14	300	
60	0	5	8	14	300	
61	0	5	8	14	300	
62	0	5	8	14	300	
63	0	5	8	14	300	
64	0	5	8	14	300	
65	0	5	8	14	300	
66	0	5	8	14	300	
67	0	5	8	14	300	
68	0	5	8	14	300	
69	0	5	8	14	300	
70	0	5	8	14	300	
71	0	5	8	14	300	
72	0	5	8	14	300	
73	0	5	8	14	300	
74	0	5	8	14	300	
75	0	5	8	14	300	
76	0	5	8	14	300	
77	0	5	8	14	300	
78	0	5	8	14	300	
79	0	5	8	14	300	
80	0	5	8	14	300	
81	0	5	8	14	300	
82	0	5	8	14	300	
83	0	5	8	14	300	
84	0	5	8	14	300	
85	0	5	8	14	300	
86	0	5	8	14	300	
87	0	5	8	14	300	
88	0	5	8	14	300	
89	0	5	8	14	300	
90	0	5	8	14	300	
91	0	5	8	14	300	
92	0	5	8	14	300	
93	0	5	8	14	300	
94	0	5	8	14	300	
95	0	5	8	14	300	
96	0	5	8	14	300	
97	0	5	8	14	300	
98	0	5	8	14	300	
99	0	5	8	14	300	
100	0	5	8	14	300	
101	0	5	8	14	300	
102	0	5	8	14	300	
103	0	5	8	14	300	
104	0	5	8	14	300	
105	0	5	8	14	300	
106	0	5	8	14	300	
107	0	5	8	14	300	
108	0	5	8	14	300	
109	0	5	8	14	300	
110	0	5	8	14	300	
111	0	5	8	14	300	
112	0	5	8	14	300	
113	0	5	8	14	300	
114	0	5	8	14	300	
115	0	5	8	14	300	
116	0	5	8	14	300	
117	0	5	8	14	300	
118	0	5	8	14	300	
119	0	5	8	14	300	
120	0	5	8	14	300	
121	0	5	8	14	300	
122	0	5	8	14	300	
123	0	5	8	14	300	
124	0	5	8	14	300	
125	0	5	8	14	300	
126	0	5	8	14	300	
127	0	5	8	14	300	
128	0	5	8	14	300	
129	0	5	8	14	300	
130	0	5	8	14	300	
131	0	5	8	14	300	
132	0	5	8	14	300	
133	0	5	8	14	300	
134	0	5	8	14	300	
135	0	5	8	14	300	
136	0	5	8	14	300	
137	0	5	8	14	300	
138	0	5	8	14	300	
139	0	5	8	14	300	
140	0	5	8	14	300	
141	0	5	8	14	300	
142	0	5	8	14	300	
143	0	5	8	14	300	
144	0	5	8	14	300	
145	0	5	8	14	300	
146	0	5	8	14	300	
147	0	5	8	14	300	
148	0	5	8	14	300	
149	0	5	8	14	300	
150	0	5	8	14	300	
151	0	5	8	14	300	
152	0	5	8	14	300	
153	0	5	8	14	300	
154	0	5	8	14	300	
155	0	5	8	14	300	
156	0	5	8	14	300	
157	0	5	8	14	300	
158	0	5	8	14	300	
159	0	5	8	14	300	
160	0	5	8	14	300	
161	0	5	8	14	300	
162	0	5	8	14	300	
163	0	5	8	14	300	
164	0	5	8	14	300	
165	0	5	8	14	300	
166	0	5	8	14	300	
167	0	5	8	14	300	
168	0	5	8	14	300	
169	0	5	8	14	300	
170	0	5	8	14	300	
171	0	5	8	14	300	
172	0	5	8	14	300	
173	0	5	8	14	300	
174	0	5	8	14	300	
175	0	5	8	14	300	
176	0	5	8	14	300	
177	0	5	8	14	300	
178	0	5	8	14	300	
179	0	5	8	14	300	
