0	0.00000
1	0.00000
2	0.00000
3	0.08068
4	0.53962
5	0.80586
6	1.14744
7	1.30774
8	1.45834
9	1.46366
10	1.26969
11	1.04075
12	0.85411
13	0.69124
14	0.52626
15	0.38477
16	0.29997
17	0.23881
18	0.17735
19	0.13687
20	0.10188
21	0.08119
22	0.06693
23	0.05665
24	0.04830
25	0.04250
26	0.03756
27	0.03249
28	0.03020
29	0.02442
30	0.01992
31	0.01561
32	0.01137
33	0.00834
34	0.00633
35	0.00329
36	0.00289
37	0.00193
38	0.00033
39	0.00028
40	0.00010
41	0.00015
42	0.00003
43	0.00000
44	0.00000
45	0.00000
46	0.00000
47	0.00000
48	0.00000
49	0.00000
50	0.00000
51	0.00000
52	0.00000
53	0.00000
54	0.00000
55	0.00000
56	0.00000
57	0.00000
58	0.00000
59	0.00000
60	0.00000
61	0.00000
62	0.00000
63	0.00000
64	0.00000
65	0.00000
66	0.00000
67	0.00000
68	0.00000
69	0.00000
70	0.00000
71	0.00000
72	0.00000
73	0.00000
74	0.00000
75	0.00000
76	0.00000
77	0.00000
78	0.00000
79	0.00000
80	0.00000
81	0.00000
82	0.00000
83	0.00000
84	0.00000
85	0.00000
86	0.00000
87	0.00000
88	0.00000
89	0.00000
90	0.00000
91	0.00000
92	0.00000
93	0.00000
94	0.00000
95	0.00000
96	0.00000
97	0.00000
98	0.00000
99	0.00000
