0	0	0	0	0	0	
1	747	0	0	0	0	
2	732	0	0	0	0	
3	55	628	0	0	0	
4	0	49	542	0	0	
5	0	0	35	439	0	
6	0	0	0	26	407	
7	0	0	0	0	429	
8	0	0	0	0	429	
9	0	0	0	0	429	
10	0	0	0	0	429	
11	0	0	0	0	429	
12	0	0	0	0	429	
13	0	0	0	0	429	
14	0	0	0	0	429	
15	0	0	0	0	429	
16	0	0	0	0	429	
17	0	0	0	0	429	
18	0	0	0	0	429	
19	0	0	0	0	429	
20	0	0	0	0	429	
21	0	0	0	0	429	
22	0	0	0	0	429	
23	0	0	0	0	429	
24	0	0	0	0	429	
25	0	0	0	0	429	
26	0	0	0	0	429	
27	0	0	0	0	429	
28	0	0	0	0	429	
29	0	0	0	0	429	
30	0	0	0	0	429	
31	0	0	0	0	429	
32	0	0	0	0	429	
33	0	0	0	0	429	
34	0	0	0	0	429	
35	0	0	0	0	429	
36	0	0	0	0	429	
37	0	0	0	0	429	
38	0	0	0	0	429	
39	0	0	0	0	429	
40	0	0	0	0	429	
41	0	0	0	0	429	
42	0	0	0	0	429	
43	0	0	0	0	429	
44	0	0	0	0	429	
45	0	0	0	0	429	
46	0	0	0	0	429	
47	0	0	0	0	429	
48	0	0	0	0	429	
49	0	0	0	0	429	
50	0	0	0	0	429	
51	0	0	0	0	429	
52	0	0	0	0	429	
53	0	0	0	0	429	
54	0	0	0	0	429	
55	0	0	0	0	429	
56	0	0	0	0	429	
57	0	0	0	0	429	
58	0	0	0	0	429	
59	0	0	0	0	429	
60	0	0	0	0	429	
61	0	0	0	0	429	
62	0	0	0	0	429	
63	0	0	0	0	429	
64	0	0	0	0	429	
65	0	0	0	0	429	
66	0	0	0	0	429	
67	0	0	0	0	429	
68	0	0	0	0	429	
69	0	0	0	0	429	
70	0	0	0	0	429	
71	0	0	0	0	429	
72	0	0	0	0	429	
73	0	0	0	0	429	
74	0	0	0	0	429	
75	0	0	0	0	429	
76	0	0	0	0	429	
77	0	0	0	0	429	
78	0	0	0	0	429	
79	0	0	0	0	429	
80	0	0	0	0	429	
81	0	0	0	0	429	
82	0	0	0	0	429	
83	0	0	0	0	429	
84	0	0	0	0	429	
85	0	0	0	0	429	
86	0	0	0	0	429	
87	0	0	0	0	429	
88	0	0	0	0	429	
89	0	0	0	0	429	
90	0	0	0	0	429	
91	0	0	0	0	429	
92	0	0	0	0	429	
93	0	0	0	0	429	
94	0	0	0	0	429	
95	0	0	0	0	429	
96	0	0	0	0	429	
97	0	0	0	0	429	
98	0	0	0	0	429	
99	0	0	0	0	429	
100	0	0	0	0	429	
101	0	0	0	0	429	
102	0	0	0	0	429	
103	0	0	0	0	429	
104	0	0	0	0	429	
105	0	0	0	0	429	
106	0	0	0	0	429	
107	0	0	0	0	429	
108	0	0	0	0	429	
109	0	0	0	0	429	
110	0	0	0	0	429	
111	0	0	0	0	429	
112	0	0	0	0	429	
113	0	0	0	0	429	
114	0	0	0	0	429	
115	0	0	0	0	429	
116	0	0	0	0	429	
117	0	0	0	0	429	
118	0	0	0	0	429	
119	0	0	0	0	429	
120	0	0	0	0	429	
121	0	0	0	0	429	
122	0	0	0	0	429	
123	0	0	0	0	429	
124	0	0	0	0	429	
125	0	0	0	0	429	
126	0	0	0	0	429	
127	0	0	0	0	429	
128	0	0	0	0	429	
129	0	0	0	0	429	
130	0	0	0	0	429	
131	0	0	0	0	429	
132	0	0	0	0	429	
133	0	0	0	0	429	
134	0	0	0	0	429	
135	0	0	0	0	429	
136	0	0	0	0	429	
137	0	0	0	0	429	
138	0	0	0	0	429	
139	0	0	0	0	429	
140	0	0	0	0	429	
141	0	0	0	0	429	
142	0	0	0	0	429	
143	0	0	0	0	429	
144	0	0	0	0	429	
145	0	0	0	0	429	
146	0	0	0	0	429	
147	0	0	0	0	429	
148	0	0	0	0	429	
149	0	0	0	0	429	
