0	0	0	0	0	0	
1	744	0	0	0	0	
2	727	0	0	0	0	
3	1	662	0	0	0	
4	0	1	553	0	0	
5	0	0	1	456	0	
6	0	0	0	1	408	
7	0	0	0	0	409	
8	0	0	0	0	408	
9	0	0	0	0	408	
10	0	0	0	0	408	
11	0	0	0	0	408	
12	0	0	0	0	408	
13	0	0	0	0	408	
14	0	0	0	0	408	
15	0	0	0	0	408	
16	0	0	0	0	408	
17	0	0	0	0	408	
18	0	0	0	0	408	
19	0	0	0	0	408	
20	0	0	0	0	408	
21	0	0	0	0	408	
22	0	0	0	0	408	
23	0	0	0	0	408	
24	0	0	0	0	408	
25	0	0	0	0	408	
26	0	0	0	0	408	
27	0	0	0	0	408	
28	0	0	0	0	408	
29	0	0	0	0	408	
30	0	0	0	0	408	
31	0	0	0	0	408	
32	0	0	0	0	408	
33	0	0	0	0	408	
34	0	0	0	0	408	
35	0	0	0	0	408	
36	0	0	0	0	408	
37	0	0	0	0	408	
38	0	0	0	0	408	
39	0	0	0	0	408	
40	0	0	0	0	408	
41	0	0	0	0	408	
42	0	0	0	0	408	
43	0	0	0	0	408	
44	0	0	0	0	408	
45	0	0	0	0	408	
46	0	0	0	0	408	
47	0	0	0	0	408	
48	0	0	0	0	408	
49	0	0	0	0	408	
50	0	0	0	0	408	
51	0	0	0	0	408	
52	0	0	0	0	408	
53	0	0	0	0	408	
54	0	0	0	0	408	
55	0	0	0	0	408	
56	0	0	0	0	408	
57	0	0	0	0	408	
58	0	0	0	0	408	
59	0	0	0	0	408	
60	0	0	0	0	408	
61	0	0	0	0	408	
62	0	0	0	0	408	
63	0	0	0	0	408	
64	0	0	0	0	408	
65	0	0	0	0	408	
66	0	0	0	0	408	
67	0	0	0	0	408	
68	0	0	0	0	408	
69	0	0	0	0	408	
70	0	0	0	0	408	
71	0	0	0	0	408	
72	0	0	0	0	408	
73	0	0	0	0	408	
74	0	0	0	0	408	
75	0	0	0	0	408	
76	0	0	0	0	408	
77	0	0	0	0	408	
78	0	0	0	0	408	
79	0	0	0	0	408	
80	0	0	0	0	408	
81	0	0	0	0	408	
82	0	0	0	0	408	
83	0	0	0	0	408	
84	0	0	0	0	408	
85	0	0	0	0	408	
86	0	0	0	0	408	
87	0	0	0	0	408	
88	0	0	0	0	408	
89	0	0	0	0	408	
90	0	0	0	0	408	
91	0	0	0	0	408	
92	0	0	0	0	408	
93	0	0	0	0	408	
94	0	0	0	0	408	
95	0	0	0	0	408	
96	0	0	0	0	408	
97	0	0	0	0	408	
98	0	0	0	0	408	
99	0	0	0	0	408	
100	0	0	0	0	408	
101	0	0	0	0	408	
102	0	0	0	0	408	
103	0	0	0	0	408	
104	0	0	0	0	408	
105	0	0	0	0	408	
106	0	0	0	0	408	
107	0	0	0	0	408	
108	0	0	0	0	408	
109	0	0	0	0	408	
110	0	0	0	0	408	
111	0	0	0	0	408	
112	0	0	0	0	408	
113	0	0	0	0	408	
114	0	0	0	0	408	
115	0	0	0	0	408	
116	0	0	0	0	408	
117	0	0	0	0	408	
118	0	0	0	0	408	
119	0	0	0	0	408	
120	0	0	0	0	408	
121	0	0	0	0	408	
122	0	0	0	0	408	
123	0	0	0	0	408	
124	0	0	0	0	408	
125	0	0	0	0	408	
126	0	0	0	0	408	
127	0	0	0	0	408	
128	0	0	0	0	408	
129	0	0	0	0	408	
130	0	0	0	0	408	
131	0	0	0	0	408	
132	0	0	0	0	408	
133	0	0	0	0	408	
134	0	0	0	0	408	
135	0	0	0	0	408	
136	0	0	0	0	408	
137	0	0	0	0	408	
138	0	0	0	0	408	
139	0	0	0	0	408	
140	0	0	0	0	408	
141	0	0	0	0	408	
142	0	0	0	0	408	
143	0	0	0	0	408	
144	0	0	0	0	408	
145	0	0	0	0	408	
146	0	0	0	0	408	
147	0	0	0	0	408	
148	0	0	0	0	408	
149	0	0	0	0	408	
