0	0.00000
1	0.00000
2	0.00000
3	0.01906
4	0.09776
5	0.26957
6	0.56471
7	0.88002
8	1.11606
9	1.32032
10	1.47016
11	1.40971
12	1.23443
13	1.00913
14	0.78609
15	0.57522
16	0.40992
17	0.30441
18	0.21660
19	0.15577
20	0.11505
21	0.09023
22	0.07123
23	0.05297
24	0.04368
25	0.03342
26	0.03059
27	0.02297
28	0.01726
29	0.01396
30	0.01227
31	0.01076
32	0.01053
33	0.00690
34	0.00591
35	0.00468
36	0.00378
37	0.00430
38	0.00269
39	0.00180
40	0.00180
41	0.00089
42	0.00089
43	0.00089
44	0.00022
45	0.00000
46	0.00000
47	0.00000
48	0.00000
49	0.00058
50	0.00058
51	0.00058
52	0.00058
53	0.00058
54	0.00058
55	0.00058
56	0.00000
57	0.00000
58	0.00000
59	0.00000
60	0.00000
61	0.00000
62	0.00021
63	0.00021
64	0.00021
65	0.00021
66	0.00021
67	0.00021
68	0.00021
69	0.00000
70	0.00000
71	0.00000
72	0.00000
73	0.00000
74	0.00000
75	0.00000
76	0.00000
77	0.00000
78	0.00000
79	0.00000
80	0.00000
81	0.00000
82	0.00000
83	0.00000
84	0.00000
85	0.00000
86	0.00000
87	0.00000
88	0.00000
89	0.00000
90	0.00000
91	0.00000
92	0.00000
93	0.00000
94	0.00000
95	0.00000
96	0.00000
97	0.00000
98	0.00000
99	0.00000
