0	0.00500
1	0.01250
2	0.03600
3	0.09300
4	0.23050
5	0.43050
6	0.63100
7	0.73500
8	0.76050
9	0.77100
10	0.77400
11	0.77450
12	0.77450
13	0.77450
14	0.77450
15	0.77450
16	0.77450
17	0.77450
18	0.77450
19	0.77450
20	0.77450
21	0.77450
22	0.77450
23	0.77450
24	0.77450
25	0.77450
26	0.77450
27	0.77450
28	0.77450
29	0.77450
30	0.77450
31	0.77450
32	0.77450
33	0.77450
34	0.77450
35	0.77450
36	0.77450
37	0.77450
38	0.77450
39	0.77450
40	0.77450
41	0.77450
42	0.77450
43	0.77450
44	0.77450
45	0.77450
46	0.77450
47	0.77450
48	0.77450
49	0.77450
50	0.77450
51	0.77450
52	0.77450
53	0.77450
54	0.77450
55	0.77450
56	0.77450
57	0.77450
58	0.77450
59	0.77450
60	0.77450
61	0.77450
62	0.77450
63	0.77450
64	0.77450
65	0.77450
66	0.77450
67	0.77450
68	0.77450
69	0.77450
70	0.77450
71	0.77450
72	0.77450
73	0.77450
74	0.77450
75	0.77450
76	0.77450
77	0.77450
78	0.77450
79	0.77450
80	0.77450
81	0.77450
82	0.77450
83	0.77450
84	0.77450
85	0.77450
86	0.77450
87	0.77450
88	0.77450
89	0.77450
90	0.77450
91	0.77450
92	0.77450
93	0.77450
94	0.77450
95	0.77450
96	0.77450
97	0.77450
98	0.77450
99	0.77450
100	0.77450
101	0.77450
102	0.77450
103	0.77450
104	0.77450
105	0.77450
106	0.77450
107	0.77450
108	0.77450
109	0.77450
110	0.77450
111	0.77450
112	0.77450
113	0.77450
114	0.77450
115	0.77450
116	0.77450
117	0.77450
118	0.77450
119	0.77450
120	0.77450
121	0.77450
122	0.77450
123	0.77450
124	0.77450
125	0.77450
126	0.77450
127	0.77450
128	0.77450
129	0.77450
130	0.77450
131	0.77450
132	0.77450
133	0.77450
134	0.77450
135	0.77450
136	0.77450
137	0.77450
138	0.77450
139	0.77450
140	0.77450
141	0.77450
142	0.77450
143	0.77450
144	0.77450
145	0.77450
146	0.77450
147	0.77450
148	0.77450
149	0.77450
