0	0.00000
1	0.00000
2	0.00000
3	0.67237
4	0.80645
5	1.05860
6	1.12425
7	1.37943
8	1.54667
9	1.74789
10	1.90370
11	2.06130
12	2.15257
13	2.12270
14	1.96823
15	1.83013
16	1.68801
17	1.52853
18	1.38088
19	1.25076
20	1.14090
21	1.04048
22	0.95050
23	0.87785
24	0.81138
25	0.75503
26	0.70722
27	0.66186
28	0.62169
29	0.58741
30	0.55724
31	0.52880
32	0.50297
33	0.47991
34	0.45805
35	0.43831
36	0.42086
37	0.40392
38	0.38869
39	0.37436
40	0.34181
41	0.30439
42	0.26537
43	0.22658
44	0.19034
45	0.15674
46	0.12718
47	0.10020
48	0.07698
49	0.05803
50	0.04314
51	0.03173
52	0.02342
53	0.01764
54	0.01318
55	0.01065
56	0.00931
57	0.00874
58	0.00858
59	0.00850
60	0.00843
61	0.00833
62	0.00828
63	0.00807
64	0.00809
65	0.00809
66	0.00772
67	0.00295
68	0.00000
69	0.00000
70	0.00000
71	0.00000
72	0.00000
73	0.00000
74	0.00000
75	0.00000
76	0.00000
77	0.00000
78	0.00000
79	0.00000
80	0.00000
81	0.00000
82	0.00000
83	0.00000
84	0.00000
85	0.00000
86	0.00000
87	0.00000
88	0.00000
89	0.00000
90	0.00000
91	0.00000
92	0.00000
93	0.00000
94	0.00000
95	0.00000
96	0.00000
97	0.00000
98	0.00000
99	0.00000
100	0.00000
101	0.00000
102	0.00000
103	0.00000
104	0.00000
105	0.00000
106	0.00000
107	0.00000
108	0.00000
109	0.00000
110	0.00000
111	0.00000
112	0.00000
113	0.00000
114	0.00000
115	0.00000
116	0.00000
117	0.00000
118	0.00000
119	0.00000
120	0.00000
121	0.00000
122	0.00000
123	0.00000
124	0.00000
125	0.00000
126	0.00000
127	0.00000
128	0.00000
129	0.00000
130	0.00000
131	0.00000
132	0.00000
133	0.00000
134	0.00000
135	0.00000
136	0.00000
137	0.00000
138	0.00000
139	0.00000
140	0.00000
141	0.00000
142	0.00000
143	0.00000
144	0.00000
145	0.00000
146	0.00000
147	0.00000
148	0.00000
149	0.00000
150	0.00000
