0	0.00500
1	0.00850
2	0.01550
3	0.02600
4	0.03850
5	0.05950
6	0.08850
7	0.13000
8	0.18500
9	0.25750
10	0.34900
11	0.43900
12	0.50950
13	0.57800
14	0.63150
15	0.67100
16	0.69950
17	0.71800
18	0.73350
19	0.74250
20	0.74700
21	0.75250
22	0.75500
23	0.75800
24	0.76050
25	0.76150
26	0.76150
27	0.76250
28	0.76350
29	0.76400
30	0.76400
31	0.76400
32	0.76400
33	0.76400
34	0.76400
35	0.76400
36	0.76400
37	0.76400
38	0.76400
39	0.76400
40	0.76400
41	0.76400
42	0.76400
43	0.76400
44	0.76400
45	0.76400
46	0.76400
47	0.76400
48	0.76400
49	0.76400
50	0.76400
51	0.76400
52	0.76400
53	0.76400
54	0.76400
55	0.76400
56	0.76400
57	0.76400
58	0.76400
59	0.76400
60	0.76400
61	0.76400
62	0.76400
63	0.76400
64	0.76400
65	0.76400
66	0.76400
67	0.76400
68	0.76400
69	0.76400
70	0.76400
71	0.76400
72	0.76400
73	0.76400
74	0.76400
75	0.76400
76	0.76400
77	0.76400
78	0.76400
79	0.76400
80	0.76400
81	0.76400
82	0.76400
83	0.76400
84	0.76400
85	0.76400
86	0.76400
87	0.76400
88	0.76400
89	0.76400
90	0.76400
91	0.76400
92	0.76400
93	0.76400
94	0.76400
95	0.76400
96	0.76400
97	0.76400
98	0.76400
99	0.76400
100	0.76400
101	0.76400
102	0.76400
103	0.76400
104	0.76400
105	0.76400
106	0.76400
107	0.76400
108	0.76400
109	0.76400
110	0.76400
111	0.76400
112	0.76400
113	0.76400
114	0.76400
115	0.76400
116	0.76400
117	0.76400
118	0.76400
119	0.76400
120	0.76400
121	0.76400
122	0.76400
123	0.76400
124	0.76400
125	0.76400
126	0.76400
127	0.76400
128	0.76400
129	0.76400
130	0.76400
131	0.76400
132	0.76400
133	0.76400
134	0.76400
135	0.76400
136	0.76400
137	0.76400
138	0.76400
139	0.76400
140	0.76400
141	0.76400
142	0.76400
143	0.76400
144	0.76400
145	0.76400
146	0.76400
147	0.76400
148	0.76400
149	0.76400
150	0.76400
