0	0.00500
1	0.01350
2	0.03700
3	0.10400
4	0.25150
5	0.48800
6	0.69400
7	0.77850
8	0.80000
9	0.80600
10	0.80700
11	0.80750
12	0.80750
13	0.80750
14	0.80750
15	0.80750
16	0.80750
17	0.80750
18	0.80750
19	0.80750
20	0.80750
21	0.80750
22	0.80750
23	0.80750
24	0.80750
25	0.80750
26	0.80750
27	0.80750
28	0.80750
29	0.80750
30	0.80750
31	0.80750
32	0.80750
33	0.80750
34	0.80750
35	0.80750
36	0.80750
37	0.80750
38	0.80750
39	0.80750
40	0.80750
41	0.80750
42	0.80750
43	0.80750
44	0.80750
45	0.80750
46	0.80750
47	0.80750
48	0.80750
49	0.80750
50	0.80750
51	0.80750
52	0.80750
53	0.80750
54	0.80750
55	0.80750
56	0.80750
57	0.80750
58	0.80750
59	0.80750
60	0.80750
61	0.80750
62	0.80750
63	0.80750
64	0.80750
65	0.80750
66	0.80750
67	0.80750
68	0.80750
69	0.80750
70	0.80750
71	0.80750
72	0.80750
73	0.80750
74	0.80750
75	0.80750
76	0.80750
77	0.80750
78	0.80750
79	0.80750
80	0.80750
81	0.80750
82	0.80750
83	0.80750
84	0.80750
85	0.80750
86	0.80750
87	0.80750
88	0.80750
89	0.80750
90	0.80750
91	0.80750
92	0.80750
93	0.80750
94	0.80750
95	0.80750
96	0.80750
97	0.80750
98	0.80750
99	0.80750
100	0.80750
101	0.80750
102	0.80750
103	0.80750
104	0.80750
105	0.80750
106	0.80750
107	0.80750
108	0.80750
109	0.80750
110	0.80750
111	0.80750
112	0.80750
113	0.80750
114	0.80750
115	0.80750
116	0.80750
117	0.80750
118	0.80750
119	0.80750
120	0.80750
121	0.80750
122	0.80750
123	0.80750
124	0.80750
125	0.80750
126	0.80750
127	0.80750
128	0.80750
129	0.80750
130	0.80750
131	0.80750
132	0.80750
133	0.80750
134	0.80750
135	0.80750
136	0.80750
137	0.80750
138	0.80750
139	0.80750
140	0.80750
141	0.80750
142	0.80750
143	0.80750
144	0.80750
145	0.80750
146	0.80750
147	0.80750
148	0.80750
149	0.80750
