0	0.00000
1	0.00000
2	0.00000
3	0.06521
4	0.28346
5	0.72123
6	1.07379
7	1.25059
8	1.30350
9	1.37617
10	1.25324
11	1.13768
12	0.91214
13	0.72077
14	0.54154
15	0.38799
16	0.29167
17	0.21601
18	0.16044
19	0.12470
20	0.09537
21	0.07738
22	0.05969
23	0.04600
24	0.03683
25	0.02825
26	0.02154
27	0.01659
28	0.00910
29	0.00576
30	0.00422
31	0.00152
32	0.00187
33	0.00184
34	0.00061
35	0.00077
36	0.00042
37	0.00005
38	0.00005
39	0.00000
40	0.00000
41	0.00000
42	0.00000
43	0.00000
44	0.00000
45	0.00000
46	0.00000
47	0.00000
48	0.00000
49	0.00000
50	0.00000
51	0.00000
52	0.00000
53	0.00000
54	0.00000
55	0.00000
56	0.00000
57	0.00000
58	0.00000
59	0.00000
60	0.00000
61	0.00000
62	0.00000
63	0.00000
64	0.00000
65	0.00000
66	0.00000
67	0.00000
68	0.00000
69	0.00000
70	0.00000
71	0.00000
72	0.00000
73	0.00000
74	0.00000
75	0.00000
76	0.00000
77	0.00000
78	0.00000
79	0.00000
80	0.00000
81	0.00000
82	0.00000
83	0.00000
84	0.00000
85	0.00000
86	0.00000
87	0.00000
88	0.00000
89	0.00000
90	0.00000
91	0.00000
92	0.00000
93	0.00000
94	0.00000
95	0.00000
96	0.00000
97	0.00000
98	0.00000
99	0.00000
