0	0.00000
1	0.00000
2	0.00000
3	0.04989
4	0.17667
5	0.38738
6	0.72341
7	1.10965
8	1.29482
9	1.45096
10	1.36915
11	1.27194
12	1.04594
13	0.83548
14	0.61930
15	0.44603
16	0.33070
17	0.24351
18	0.18294
19	0.14244
20	0.10841
21	0.08743
22	0.06800
23	0.05343
24	0.04326
25	0.03263
26	0.02567
27	0.02074
28	0.01364
29	0.01124
30	0.00901
31	0.00586
32	0.00649
33	0.00604
34	0.00415
35	0.00446
36	0.00351
37	0.00227
38	0.00214
39	0.00103
40	0.00073
41	0.00073
42	0.00033
43	0.00000
44	0.00000
45	0.00000
46	0.00000
47	0.00000
48	0.00027
49	0.00027
50	0.00027
51	0.00027
52	0.00027
53	0.00027
54	0.00027
55	0.00000
56	0.00000
57	0.00000
58	0.00000
59	0.00000
60	0.00000
61	0.00000
62	0.00000
63	0.00000
64	0.00000
65	0.00000
66	0.00000
67	0.00000
68	0.00000
69	0.00000
70	0.00000
71	0.00000
72	0.00000
73	0.00000
74	0.00000
75	0.00000
76	0.00000
77	0.00000
78	0.00000
79	0.00000
80	0.00000
81	0.00000
82	0.00000
83	0.00000
84	0.00000
85	0.00000
86	0.00000
87	0.00000
88	0.00000
89	0.00000
90	0.00000
91	0.00000
92	0.00000
93	0.00000
94	0.00000
95	0.00000
96	0.00000
97	0.00000
98	0.00000
99	0.00000
