0	0.00000
1	0.00000
2	0.00000
3	0.00000
4	0.00150
5	0.00050
6	0.00000
7	0.00050
8	0.00000
9	0.00100
10	0.00100
11	0.00050
12	0.00050
13	0.00050
14	0.00100
15	0.00050
16	0.00050
17	0.00100
18	0.00100
19	0.00000
20	0.00050
21	0.00250
22	0.00000
23	0.00150
24	0.00100
25	0.00350
26	0.00150
27	0.00200
28	0.00150
29	0.00400
30	0.00250
31	0.00200
32	0.00350
33	0.00350
34	0.00200
35	0.00150
36	0.00500
37	0.00200
38	0.00450
39	0.00200
40	0.00150
41	0.00400
42	0.00500
43	0.00600
44	0.00500
45	0.00600
46	0.01050
47	0.00900
48	0.00550
49	0.00950
50	0.00750
51	0.00850
52	0.00750
53	0.01250
54	0.00900
55	0.01050
56	0.00900
57	0.01100
58	0.01100
59	0.00800
60	0.01150
61	0.01000
62	0.01350
63	0.01350
64	0.01250
65	0.01300
66	0.01350
67	0.01300
68	0.00950
69	0.01450
70	0.01000
71	0.01400
72	0.00900
73	0.01100
74	0.00800
75	0.01450
76	0.01300
77	0.01400
78	0.01200
79	0.01100
80	0.00900
81	0.00900
82	0.01200
83	0.00900
84	0.00950
85	0.00800
86	0.00650
87	0.01050
88	0.00850
89	0.00750
90	0.00750
91	0.00350
92	0.00400
93	0.00850
94	0.00400
95	0.00450
96	0.00300
97	0.00550
98	0.00450
99	0.00150
100	0.00400
101	0.00350
102	0.00250
103	0.00500
104	0.00150
105	0.00100
106	0.00150
107	0.00100
108	0.00050
109	0.00100
110	0.00150
111	0.00050
112	0.00100
113	0.00000
114	0.00200
115	0.00150
116	0.00150
117	0.00200
118	0.00200
119	0.00050
120	0.00150
121	0.00050
122	0.00200
123	0.00000
124	0.00000
125	0.00050
126	0.00000
127	0.00100
128	0.00050
129	0.00050
130	0.00050
131	0.00000
132	0.00050
133	0.00050
134	0.00000
135	0.00050
136	0.00050
137	0.00000
138	0.00000
139	0.00000
140	0.00050
141	0.00050
142	0.00000
143	0.00000
144	0.00050
145	0.00000
146	0.00000
147	0.00000
148	0.00000
149	0.00000
