0	0.00000
1	0.00000
2	0.00000
3	0.00000
4	0.00000
5	0.00050
6	0.00050
7	0.00000
8	0.00000
9	0.00000
10	0.00000
11	0.00050
12	0.00000
13	0.00000
14	0.00050
15	0.00000
16	0.00050
17	0.00100
18	0.00050
19	0.00050
20	0.00000
21	0.00100
22	0.00100
23	0.00050
24	0.00150
25	0.00150
26	0.00100
27	0.00250
28	0.00050
29	0.00200
30	0.00150
31	0.00150
32	0.00200
33	0.00050
34	0.00100
35	0.00300
36	0.00200
37	0.00250
38	0.00200
39	0.00200
40	0.00300
41	0.00250
42	0.00450
43	0.00450
44	0.00400
45	0.00550
46	0.00700
47	0.00550
48	0.00700
49	0.00750
50	0.00500
51	0.00450
52	0.00750
53	0.00600
54	0.00850
55	0.00700
56	0.00750
57	0.00900
58	0.01000
59	0.00750
60	0.01200
61	0.01000
62	0.00700
63	0.00800
64	0.01150
65	0.01600
66	0.01250
67	0.01350
68	0.01250
69	0.01450
70	0.01200
71	0.01500
72	0.01750
73	0.01800
74	0.01200
75	0.01300
76	0.01250
77	0.01350
78	0.01850
79	0.01350
80	0.01900
81	0.01350
82	0.01600
83	0.01550
84	0.01650
85	0.01350
86	0.01600
87	0.01400
88	0.01300
89	0.01650
90	0.01550
91	0.01350
92	0.01100
93	0.01400
94	0.01050
95	0.01600
96	0.01000
97	0.01100
98	0.01300
99	0.01150
100	0.00950
101	0.00850
102	0.00900
103	0.00800
104	0.00750
105	0.01250
106	0.00950
107	0.00950
108	0.00850
109	0.01050
110	0.00800
111	0.00600
112	0.00950
113	0.00850
114	0.00600
115	0.00650
116	0.00750
117	0.00450
118	0.00350
119	0.00550
120	0.00500
121	0.00550
122	0.00450
123	0.00250
124	0.00150
125	0.00250
126	0.00400
127	0.00250
128	0.00300
129	0.00300
130	0.00050
131	0.00550
132	0.00150
133	0.00350
134	0.00200
135	0.00200
136	0.00300
137	0.00150
138	0.00300
139	0.00150
140	0.00200
141	0.00250
142	0.00050
143	0.00250
144	0.00350
145	0.00150
146	0.00050
147	0.00100
148	0.00200
149	0.00000
150	0.00150
151	0.00250
152	0.00100
153	0.00150
154	0.00050
155	0.00100
156	0.00100
157	0.00100
158	0.00100
159	0.00050
160	0.00150
161	0.00050
162	0.00150
163	0.00150
164	0.00050
165	0.00150
166	0.00200
167	0.00050
168	0.00150
169	0.00050
170	0.00050
171	0.00000
172	0.00100
173	0.00300
174	0.00000
175	0.00050
176	0.00000
177	0.00150
178	0.00000
179	0.00000
