0	0.00000
1	0.00000
2	0.00000
3	0.00000
4	0.00000
5	0.00000
6	0.00000
7	0.00000
8	0.00000
9	0.00000
10	0.00000
11	0.00000
12	0.00000
13	0.00000
14	0.00000
15	0.00000
16	0.00000
17	0.00000
18	0.00000
19	0.00000
20	0.00000
21	0.00000
22	0.00000
23	0.00000
24	0.00000
25	0.00000
26	0.00000
27	0.00000
28	0.00375
29	0.00947
30	0.00837
31	0.00810
32	0.01259
33	0.01036
34	0.01212
35	0.00665
36	0.00126
37	0.00263
38	0.00968
39	0.01219
40	0.01720
41	0.01962
42	0.02478
43	0.02699
44	0.02676
45	0.02822
46	0.03062
47	0.02876
48	0.03749
49	0.03542
50	0.04815
51	0.04628
52	0.04217
53	0.03889
54	0.03479
55	0.02867
56	0.03225
57	0.03042
58	0.03004
59	0.02974
60	0.02853
61	0.02719
62	0.02574
63	0.02480
64	0.02116
65	0.01862
66	0.01960
67	0.01879
68	0.01936
69	0.01808
70	0.01731
71	0.01867
72	0.01792
73	0.01554
74	0.01640
75	0.01630
76	0.01401
77	0.01255
78	0.01023
79	0.01006
80	0.00953
81	0.00896
82	0.00927
83	0.00707
84	0.00672
85	0.00683
86	0.00686
87	0.00588
88	0.00563
89	0.00517
90	0.00455
91	0.00508
92	0.00396
93	0.00433
94	0.00315
95	0.00271
96	0.00213
97	0.00185
98	0.00141
99	0.00134
100	0.00146
101	0.00187
102	0.00179
103	0.00137
104	0.00129
105	0.00130
106	0.00000
107	0.00000
108	0.00000
109	0.00000
110	0.00061
111	0.00032
112	0.00035
113	0.00032
114	0.00000
115	0.00000
116	0.00000
117	0.00000
118	0.00000
119	0.00000
120	0.00000
121	0.00000
122	0.00000
123	0.00000
124	0.00000
125	0.00000
126	0.00000
127	0.00000
128	0.00000
129	0.00000
130	0.00000
131	0.00000
132	0.00000
133	0.00000
134	0.00000
135	0.00000
136	0.00000
137	0.00000
138	0.00000
139	0.00000
140	0.00000
141	0.00000
142	0.00000
143	0.00000
144	0.00000
145	0.00000
146	0.00000
147	0.00000
148	0.00000
149	0.00000
150	0.00000
151	0.00000
152	0.00000
153	0.00000
154	0.00000
155	0.00000
156	0.00000
157	0.00000
158	0.00000
159	0.00000
160	0.00000
161	0.00000
162	0.00000
163	0.00000
164	0.00000
165	0.00000
166	0.00000
167	0.00000
168	0.00000
169	0.00000
170	0.00000
171	0.00000
172	0.00000
173	0.00000
174	0.00000
175	0.00000
176	0.00000
177	0.00000
178	0.00000
179	0.00000
