0	0.00500
1	0.00500
2	0.00500
3	0.00500
4	0.00500
5	0.00550
6	0.00600
7	0.00600
8	0.00600
9	0.00600
10	0.00600
11	0.00650
12	0.00650
13	0.00650
14	0.00700
15	0.00700
16	0.00750
17	0.00850
18	0.00900
19	0.00950
20	0.00950
21	0.01050
22	0.01150
23	0.01200
24	0.01350
25	0.01500
26	0.01600
27	0.01850
28	0.01900
29	0.02100
30	0.02250
31	0.02400
32	0.02600
33	0.02650
34	0.02750
35	0.03050
36	0.03250
37	0.03500
38	0.03700
39	0.03900
40	0.04200
41	0.04450
42	0.04900
43	0.05350
44	0.05750
45	0.06300
46	0.07000
47	0.07550
48	0.08250
49	0.09000
50	0.09500
51	0.09950
52	0.10700
53	0.11300
54	0.12150
55	0.12850
56	0.13600
57	0.14500
58	0.15500
59	0.16250
60	0.17450
61	0.18450
62	0.19150
63	0.19950
64	0.21100
65	0.22700
66	0.23950
67	0.25300
68	0.26550
69	0.28000
70	0.29200
71	0.30700
72	0.32450
73	0.34250
74	0.35450
75	0.36750
76	0.38000
77	0.39350
78	0.41200
79	0.42550
80	0.44450
81	0.45800
82	0.47400
83	0.48950
84	0.50600
85	0.51950
86	0.53550
87	0.54950
88	0.56250
89	0.57900
90	0.59450
91	0.60800
92	0.61900
93	0.63300
94	0.64350
95	0.65950
96	0.66950
97	0.68050
98	0.69350
99	0.70500
100	0.71450
101	0.72300
102	0.73200
103	0.74000
104	0.74750
105	0.76000
106	0.76950
107	0.77900
108	0.78750
109	0.79800
110	0.80600
111	0.81200
112	0.82150
113	0.83000
114	0.83600
115	0.84250
116	0.85000
117	0.85450
118	0.85800
119	0.86350
120	0.86850
121	0.87400
122	0.87850
123	0.88100
124	0.88250
125	0.88500
126	0.88900
127	0.89150
128	0.89450
129	0.89750
130	0.89800
131	0.90350
132	0.90500
133	0.90850
134	0.91050
135	0.91250
136	0.91550
137	0.91700
138	0.92000
139	0.92150
140	0.92350
141	0.92600
142	0.92650
143	0.92900
144	0.93250
145	0.93400
146	0.93450
147	0.93550
148	0.93750
149	0.93750
150	0.93900
151	0.94150
152	0.94250
153	0.94400
154	0.94450
155	0.94550
156	0.94650
157	0.94750
158	0.94850
159	0.94900
160	0.95050
161	0.95100
162	0.95250
163	0.95400
164	0.95450
165	0.95600
166	0.95800
167	0.95850
168	0.96000
169	0.96050
170	0.96100
171	0.96100
172	0.96200
173	0.96500
174	0.96500
175	0.96550
176	0.96550
177	0.96700
178	0.96700
179	0.96700
