0	0	0	0	0	0	
1	501	0	0	0	0	
2	501	0	0	0	0	
3	501	0	0	0	0	
4	501	0	0	0	0	
5	501	0	0	0	0	
6	500	0	0	0	0	
7	500	0	0	0	0	
8	500	0	0	0	0	
9	500	0	0	0	0	
10	500	0	0	0	0	
11	500	0	0	0	0	
12	500	0	0	0	0	
13	500	0	0	0	0	
14	499	0	0	0	0	
15	499	0	0	0	0	
16	499	0	0	0	0	
17	499	0	0	0	0	
18	499	0	0	0	0	
19	499	0	0	0	0	
20	499	0	0	0	0	
21	499	0	0	0	0	
22	499	0	0	0	0	
23	499	0	0	0	0	
24	498	0	0	0	0	
25	497	0	0	0	0	
26	497	0	0	0	0	
27	495	0	0	0	0	
28	493	2	0	0	0	
29	489	3	2	0	0	
30	488	0	3	2	0	
31	486	1	1	2	2	
32	484	2	1	1	4	
33	484	1	1	1	5	
34	484	0	1	1	6	
35	483	0	1	0	7	
36	482	0	1	0	7	
37	480	0	1	0	7	
38	479	1	1	0	7	
39	476	2	2	0	7	
40	470	4	3	1	7	
41	468	3	4	2	8	
42	463	2	4	3	10	
43	458	2	3	3	13	
44	453	1	3	2	16	
45	451	3	1	2	18	
46	445	4	2	0	20	
47	444	0	5	1	20	
48	440	2	0	5	21	
49	435	4	0	0	26	
50	427	6	3	0	26	
51	425	0	6	3	26	
52	421	1	0	6	29	
53	417	0	1	0	35	
54	413	0	0	1	35	
55	408	0	0	0	36	
56	403	1	0	0	36	
57	401	0	1	0	36	
58	396	0	0	1	36	
59	392	0	0	0	37	
60	388	0	0	0	37	
61	386	0	0	0	37	
62	380	0	0	0	37	
63	378	0	0	0	37	
64	374	0	0	0	37	
65	368	0	0	0	37	
66	362	0	0	0	37	
67	358	0	0	0	37	
68	352	0	0	0	37	
69	345	0	0	0	37	
70	340	0	0	0	37	
71	335	0	0	0	37	
72	330	0	0	0	37	
73	324	0	0	0	37	
74	322	0	0	0	37	
75	315	0	0	0	37	
76	307	0	0	0	37	
77	300	0	0	0	37	
78	294	0	0	0	37	
79	285	0	0	0	37	
80	279	0	0	0	37	
81	272	0	0	0	37	
82	261	0	0	0	37	
83	251	0	0	0	37	
84	244	0	0	0	37	
85	239	0	0	0	37	
86	235	0	0	0	37	
87	226	0	0	0	37	
88	225	0	0	0	37	
89	214	0	0	0	37	
90	205	0	0	0	37	
91	197	0	0	0	37	
92	191	0	0	0	37	
93	184	0	0	0	37	
94	179	0	0	0	37	
95	174	0	0	0	37	
96	166	0	0	0	37	
97	161	0	0	0	37	
98	156	0	0	0	37	
99	150	0	0	0	37	
100	146	0	0	0	37	
101	143	0	0	0	37	
102	139	0	0	0	37	
103	138	0	0	0	37	
104	137	0	0	0	37	
105	128	0	0	0	37	
106	122	0	0	0	37	
107	116	0	0	0	37	
108	109	0	0	0	37	
109	107	0	0	0	37	
110	104	0	0	0	37	
111	102	0	0	0	37	
112	98	0	0	0	37	
113	94	0	0	0	37	
114	92	0	0	0	37	
115	89	0	0	0	37	
116	84	0	0	0	37	
117	82	0	0	0	37	
118	80	0	0	0	37	
119	78	0	0	0	37	
120	75	0	0	0	37	
121	71	0	0	0	37	
122	69	0	0	0	37	
123	67	0	0	0	37	
124	67	0	0	0	37	
125	67	0	0	0	37	
126	63	0	0	0	37	
127	62	0	0	0	37	
128	61	0	0	0	37	
129	58	0	0	0	37	
130	58	0	0	0	37	
131	54	0	0	0	37	
132	52	0	0	0	37	
133	50	0	0	0	37	
134	50	0	0	0	37	
135	48	0	0	0	37	
136	46	0	0	0	37	
137	43	0	0	0	37	
138	39	0	0	0	37	
139	39	0	0	0	37	
140	36	0	0	0	37	
141	35	0	0	0	37	
142	35	0	0	0	37	
143	33	0	0	0	37	
144	33	0	0	0	37	
145	33	0	0	0	37	
146	33	0	0	0	37	
147	33	0	0	0	37	
148	32	0	0	0	37	
149	32	0	0	0	37	
150	32	0	0	0	37	
151	32	0	0	0	37	
152	32	0	0	0	37	
153	30	0	0	0	37	
154	29	0	0	0	37	
155	28	0	0	0	37	
156	28	0	0	0	37	
157	27	0	0	0	37	
158	26	0	0	0	37	
159	26	0	0	0	37	
160	26	0	0	0	37	
161	25	0	0	0	37	
162	23	0	0	0	37	
163	22	0	0	0	37	
164	21	0	0	0	37	
165	18	0	0	0	37	
166	17	0	0	0	37	
167	17	0	0	0	37	
168	15	0	0	0	37	
169	15	0	0	0	37	
170	14	0	0	0	37	
171	14	0	0	0	37	
172	14	0	0	0	37	
173	12	0	0	0	37	
174	12	0	0	0	37	
175	11	0	0	0	37	
176	11	0	0	0	37	
177	10	0	0	0	37	
178	10	0	0	0	37	
179	10	0	0	0	37	
