0	0.00000
1	0.00000
2	0.00000
3	0.00000
4	0.00000
5	0.00000
6	0.00000
7	0.00000
8	0.00000
9	0.00000
10	0.00000
11	0.00000
12	0.00000
13	0.00000
14	0.00000
15	0.00000
16	0.00000
17	0.00000
18	0.00000
19	0.00000
20	0.00000
21	0.00000
22	0.00000
23	0.00000
24	0.00000
25	0.00406
26	0.00467
27	0.00448
28	0.01858
29	0.02835
30	0.03214
31	0.02589
32	0.02584
33	0.03863
34	0.04186
35	0.05352
36	0.05216
37	0.05135
38	0.05590
39	0.05988
40	0.06380
41	0.05597
42	0.05624
43	0.06084
44	0.05373
45	0.04845
46	0.05604
47	0.05695
48	0.05648
49	0.05471
50	0.04880
51	0.04097
52	0.03691
53	0.03865
54	0.03388
55	0.03147
56	0.02887
57	0.02588
58	0.02536
59	0.02781
60	0.02780
61	0.02803
62	0.02735
63	0.02579
64	0.01879
65	0.02087
66	0.02116
67	0.02127
68	0.01872
69	0.01243
70	0.01185
71	0.01201
72	0.01133
73	0.01028
74	0.00848
75	0.00660
76	0.00558
77	0.00554
78	0.00558
79	0.00516
80	0.00520
81	0.00482
82	0.00315
83	0.00414
84	0.00369
85	0.00398
86	0.00371
87	0.00366
88	0.00381
89	0.00254
90	0.00166
91	0.00161
92	0.00208
93	0.00197
94	0.00184
95	0.00182
96	0.00155
97	0.00174
98	0.00083
99	0.00073
100	0.00066
101	0.00065
102	0.00062
103	0.00060
104	0.00057
105	0.00065
106	0.00058
107	0.00069
108	0.00069
109	0.00055
110	0.00054
111	0.00048
112	0.00053
113	0.00049
114	0.00047
115	0.00057
116	0.00050
117	0.00053
118	0.00056
119	0.00049
120	0.00050
121	0.00041
122	0.00051
123	0.00044
124	0.00044
125	0.00047
126	0.00035
127	0.00030
128	0.00030
129	0.00036
130	0.00036
131	0.00045
132	0.00046
133	0.00045
134	0.00044
135	0.00035
136	0.00033
137	0.00034
138	0.00032
139	0.00000
140	0.00000
141	0.00000
142	0.00000
143	0.00000
144	0.00036
145	0.00040
146	0.00000
147	0.00034
148	0.00000
149	0.00000
