0	0	0	0	0	0	
1	201	0	0	0	0	
2	201	0	0	0	0	
3	201	0	0	0	0	
4	201	0	0	0	0	
5	201	0	0	0	0	
6	201	0	0	0	0	
7	201	0	0	0	0	
8	201	0	0	0	0	
9	201	0	0	0	0	
10	201	0	0	0	0	
11	201	0	0	0	0	
12	201	0	0	0	0	
13	201	0	0	0	0	
14	201	0	0	0	0	
15	201	0	0	0	0	
16	201	0	0	0	0	
17	201	0	0	0	0	
18	201	0	0	0	0	
19	201	0	0	0	0	
20	201	0	0	0	0	
21	200	0	0	0	0	
22	200	0	0	0	0	
23	200	0	0	0	0	
24	200	0	0	0	0	
25	199	1	0	0	0	
26	199	0	1	0	0	
27	198	0	0	1	0	
28	195	3	0	0	1	
29	193	2	3	0	1	
30	192	1	2	3	1	
31	192	0	1	2	4	
32	192	0	0	1	6	
33	187	3	0	0	7	
34	184	3	2	0	7	
35	180	5	3	1	7	
36	179	1	4	3	8	
37	176	1	1	3	11	
38	175	0	2	0	14	
39	174	1	0	2	14	
40	173	0	1	1	15	
41	172	0	0	1	16	
42	171	0	0	0	17	
43	167	2	0	0	17	
44	166	0	2	0	17	
45	165	0	1	1	17	
46	162	1	0	1	18	
47	158	0	1	0	19	
48	155	1	1	0	19	
49	153	1	2	0	19	
50	151	1	1	1	19	
51	150	1	1	1	19	
52	149	1	1	1	19	
53	147	1	1	1	19	
54	144	1	1	1	19	
55	141	1	1	1	19	
56	139	1	1	1	19	
57	136	1	0	1	19	
58	134	1	0	1	19	
59	131	1	0	1	19	
60	129	1	0	1	19	
61	128	1	0	1	19	
62	125	1	0	1	19	
63	119	1	0	1	19	
64	117	1	0	1	19	
65	113	1	0	1	19	
66	110	1	0	1	19	
67	109	1	0	1	19	
68	104	1	0	1	19	
69	100	0	0	1	19	
70	99	0	0	1	19	
71	96	0	0	1	19	
72	96	0	0	1	19	
73	93	0	0	1	19	
74	90	0	0	1	19	
75	88	0	0	1	19	
76	85	0	0	1	19	
77	82	0	0	1	19	
78	80	0	0	1	18	
79	78	0	0	1	18	
80	74	0	0	1	18	
81	70	0	0	1	18	
82	66	0	0	1	18	
83	64	0	0	1	18	
84	60	0	0	1	18	
85	58	0	0	1	18	
86	56	0	0	1	18	
87	54	0	0	1	18	
88	52	0	0	1	18	
89	50	0	0	1	18	
90	48	0	0	1	18	
91	46	0	0	1	18	
92	40	0	0	1	18	
93	39	0	0	1	18	
94	39	0	0	1	18	
95	36	0	0	1	18	
96	36	0	0	1	18	
97	35	0	0	1	18	
98	33	0	0	1	18	
99	33	0	0	1	18	
100	31	0	0	1	18	
101	30	0	0	1	18	
102	29	0	0	1	18	
103	28	0	0	1	18	
104	26	0	0	1	18	
105	25	0	0	1	18	
106	24	0	0	1	18	
107	24	0	0	1	18	
108	24	0	0	1	18	
109	24	0	0	1	18	
110	23	0	0	1	18	
111	23	0	0	1	18	
112	21	0	0	1	18	
113	19	0	0	1	18	
114	19	0	0	1	18	
115	19	0	0	1	18	
116	18	0	0	1	18	
117	16	0	0	1	18	
118	14	0	0	1	18	
119	14	0	0	1	18	
120	14	0	0	1	18	
121	12	0	0	1	18	
122	12	0	0	1	18	
123	12	0	0	1	18	
124	12	0	0	1	18	
125	12	0	0	1	18	
126	12	0	0	1	18	
127	12	0	0	1	18	
128	11	0	0	1	18	
129	11	0	0	1	18	
130	11	0	0	1	18	
131	8	0	0	1	18	
132	8	0	0	1	18	
133	8	0	0	1	18	
134	8	0	0	1	18	
135	8	0	0	1	18	
136	7	0	0	1	18	
137	7	0	0	1	18	
138	5	0	0	1	18	
139	5	0	0	1	18	
140	5	0	0	1	18	
141	5	0	0	1	18	
142	4	0	0	1	18	
143	4	0	0	1	18	
144	4	0	0	1	18	
145	4	0	0	1	18	
146	4	0	0	1	18	
147	4	0	0	1	18	
148	4	0	0	1	18	
149	3	0	0	1	18	
