0	0.00000
1	0.00000
2	0.00000
3	0.01826
4	0.04644
5	0.23000
6	0.40758
7	0.69049
8	1.04614
9	1.23127
10	1.40158
11	1.39284
12	1.32085
13	1.15579
14	0.94916
15	0.71327
16	0.57307
17	0.42603
18	0.32133
19	0.25074
20	0.19549
21	0.15093
22	0.12166
23	0.09639
24	0.08225
25	0.06634
26	0.05299
27	0.04136
28	0.03599
29	0.03077
30	0.02466
31	0.02018
32	0.01789
33	0.01655
34	0.01503
35	0.01305
36	0.01079
37	0.00970
38	0.00696
39	0.00462
40	0.00411
41	0.00323
42	0.00215
43	0.00168
44	0.00121
45	0.00121
46	0.00121
47	0.00046
48	0.00046
49	0.00046
50	0.00046
51	0.00046
52	0.00046
53	0.00046
54	0.00000
55	0.00000
56	0.00000
57	0.00000
58	0.00000
59	0.00000
60	0.00000
61	0.00000
62	0.00000
63	0.00000
64	0.00000
65	0.00000
66	0.00000
67	0.00000
68	0.00000
69	0.00000
70	0.00000
71	0.00000
72	0.00000
73	0.00000
74	0.00000
75	0.00000
76	0.00000
77	0.00000
78	0.00000
79	0.00000
80	0.00000
81	0.00000
82	0.00000
83	0.00000
84	0.00000
85	0.00000
86	0.00000
87	0.00000
88	0.00000
89	0.00000
90	0.00000
91	0.00000
92	0.00000
93	0.00000
94	0.00000
95	0.00000
96	0.00000
97	0.00000
98	0.00000
99	0.00000
