0	0.00000
1	0.00200
2	0.00100
3	0.00100
4	0.00300
5	0.00350
6	0.00200
7	0.00400
8	0.00300
9	0.00300
10	0.00350
11	0.00150
12	0.00550
13	0.00450
14	0.00650
15	0.00850
16	0.00750
17	0.00600
18	0.00450
19	0.00950
20	0.00600
21	0.01000
22	0.00900
23	0.01150
24	0.01250
25	0.01050
26	0.01350
27	0.01600
28	0.01050
29	0.01050
30	0.01400
31	0.01050
32	0.00950
33	0.01200
34	0.01400
35	0.01250
36	0.00700
37	0.01450
38	0.00950
39	0.01150
40	0.01250
41	0.01300
42	0.01250
43	0.01150
44	0.01100
45	0.01350
46	0.01150
47	0.01400
48	0.01100
49	0.00800
50	0.00800
51	0.00950
52	0.00550
53	0.00650
54	0.00550
55	0.00700
56	0.00300
57	0.00350
58	0.00300
59	0.00250
60	0.00400
61	0.00450
62	0.00350
63	0.00200
64	0.00200
65	0.00300
66	0.00300
67	0.00150
68	0.00100
69	0.00150
70	0.00200
71	0.00300
72	0.00050
73	0.00100
74	0.00100
75	0.00050
76	0.00000
77	0.00000
78	0.00150
79	0.00050
80	0.00150
81	0.00050
82	0.00100
83	0.00150
84	0.00000
85	0.00100
86	0.00100
87	0.00000
88	0.00000
89	0.00050
90	0.00050
91	0.00050
92	0.00000
93	0.00050
94	0.00000
95	0.00000
96	0.00000
97	0.00100
98	0.00000
99	0.00000
