0	0.00500
1	0.00700
2	0.00800
3	0.00900
4	0.01200
5	0.01550
6	0.01750
7	0.02150
8	0.02450
9	0.02750
10	0.03100
11	0.03250
12	0.03800
13	0.04250
14	0.04900
15	0.05750
16	0.06500
17	0.07100
18	0.07550
19	0.08500
20	0.09100
21	0.10100
22	0.11000
23	0.12150
24	0.13400
25	0.14450
26	0.15800
27	0.17400
28	0.18450
29	0.19500
30	0.20900
31	0.21950
32	0.22900
33	0.24100
34	0.25500
35	0.26750
36	0.27450
37	0.28900
38	0.29850
39	0.31000
40	0.32250
41	0.33550
42	0.34800
43	0.35950
44	0.37050
45	0.38400
46	0.39550
47	0.40950
48	0.42050
49	0.42850
50	0.43650
51	0.44600
52	0.45150
53	0.45800
54	0.46350
55	0.47050
56	0.47350
57	0.47700
58	0.48000
59	0.48250
60	0.48650
61	0.49100
62	0.49450
63	0.49650
64	0.49850
65	0.50150
66	0.50450
67	0.50600
68	0.50700
69	0.50850
70	0.51050
71	0.51350
72	0.51400
73	0.51500
74	0.51600
75	0.51650
76	0.51650
77	0.51650
78	0.51800
79	0.51850
80	0.52000
81	0.52050
82	0.52150
83	0.52300
84	0.52300
85	0.52400
86	0.52500
87	0.52500
88	0.52500
89	0.52550
90	0.52600
91	0.52650
92	0.52650
93	0.52700
94	0.52700
95	0.52700
96	0.52700
97	0.52800
98	0.52800
99	0.52800
