0	0	0	0	0	0	
1	20	0	0	0	0	
2	20	0	0	0	0	
3	20	0	0	0	0	
4	20	0	0	0	0	
5	20	0	0	0	0	
6	20	0	0	0	0	
7	20	0	0	0	0	
8	20	0	0	0	0	
9	20	0	0	0	0	
10	20	0	0	0	0	
11	20	0	0	0	0	
12	20	0	0	0	0	
13	20	0	0	0	0	
14	20	0	0	0	0	
15	20	0	0	0	0	
16	20	0	0	0	0	
17	20	0	0	0	0	
18	20	0	0	0	0	
19	20	0	0	0	0	
20	20	0	0	0	0	
21	20	0	0	0	0	
22	20	0	0	0	0	
23	19	1	0	0	0	
24	19	1	0	0	0	
25	19	1	0	0	0	
26	19	1	0	0	0	
27	19	1	0	0	0	
28	19	1	0	0	0	
29	19	1	0	0	0	
30	19	1	0	0	0	
31	19	1	0	0	0	
32	19	1	0	0	0	
33	19	1	0	0	0	
34	19	1	0	0	0	
35	19	1	0	0	0	
36	19	1	0	0	0	
37	19	1	0	0	0	
38	19	1	0	0	0	
39	19	1	0	0	0	
40	19	1	0	0	0	
41	19	1	0	0	0	
42	19	1	0	0	0	
43	19	1	0	0	0	
44	19	1	0	0	0	
45	19	1	0	0	0	
46	19	1	0	0	0	
47	19	1	0	0	0	
48	19	1	0	0	0	
49	19	1	0	0	0	
50	19	1	0	0	0	
51	19	1	0	0	0	
52	19	1	0	0	0	
53	19	1	0	0	0	
54	19	1	0	0	0	
55	19	1	0	0	0	
56	19	1	0	0	0	
57	19	1	0	0	0	
58	19	1	0	0	0	
59	19	1	0	0	0	
60	19	1	0	0	0	
61	19	1	0	0	0	
62	19	1	0	0	0	
63	19	1	0	0	0	
64	19	1	0	0	0	
65	19	1	0	0	0	
66	19	1	0	0	0	
67	19	1	0	0	0	
68	19	1	0	0	0	
69	19	1	0	0	0	
70	19	1	0	0	0	
71	19	1	0	0	0	
72	19	1	0	0	0	
73	19	1	0	0	0	
74	19	1	0	0	0	
75	19	1	0	0	0	
76	19	1	0	0	0	
77	19	1	0	0	0	
78	19	1	0	0	0	
79	19	1	0	0	0	
80	19	1	0	0	0	
81	19	1	0	0	0	
82	19	1	0	0	0	
83	19	1	0	0	0	
84	19	1	0	0	0	
85	19	1	0	0	0	
86	19	1	0	0	0	
87	19	1	0	0	0	
88	19	1	0	0	0	
89	19	1	0	0	0	
90	19	1	0	0	0	
91	19	1	0	0	0	
92	18	1	0	0	0	
93	18	1	0	0	0	
94	18	1	0	0	0	
95	18	1	0	0	0	
96	18	1	0	0	0	
97	18	1	0	0	0	
98	18	1	0	0	0	
99	18	1	0	0	0	
100	18	1	0	0	0	
101	18	1	0	0	0	
102	18	1	0	0	0	
103	18	1	0	0	0	
104	18	1	0	0	0	
105	18	1	0	0	0	
106	18	1	0	0	0	
107	18	1	0	0	0	
108	18	1	0	0	0	
109	17	1	0	0	0	
110	17	1	0	0	0	
111	17	1	0	0	0	
112	17	1	0	0	0	
113	16	1	0	0	0	
114	16	1	0	0	0	
115	16	1	0	0	0	
116	16	1	0	0	0	
117	16	1	0	0	0	
118	16	1	0	0	0	
119	16	1	0	0	0	
120	16	1	0	0	0	
121	15	1	0	0	0	
122	15	1	0	0	0	
123	15	1	0	0	0	
124	14	2	0	0	0	
125	14	2	0	0	0	
126	14	2	0	0	0	
127	14	2	0	0	0	
128	14	2	0	0	0	
129	14	2	0	0	0	
130	14	2	0	0	0	
131	14	2	0	0	0	
132	14	2	0	0	0	
133	14	2	0	0	0	
134	14	2	0	0	0	
135	14	2	0	0	0	
136	14	1	0	0	0	
137	14	1	0	0	0	
138	14	1	0	0	0	
139	14	1	0	0	0	
140	14	1	0	0	0	
141	14	1	0	0	0	
142	14	1	0	0	0	
143	14	1	0	0	0	
144	14	1	0	0	0	
145	14	1	0	0	0	
146	14	1	0	0	0	
147	14	1	0	0	0	
148	14	1	0	0	0	
149	14	1	0	0	0	
150	14	1	0	0	0	
151	14	1	0	0	0	
152	14	1	0	0	0	
153	14	1	0	0	0	
154	14	1	0	0	0	
155	14	1	0	0	0	
156	14	1	0	0	0	
157	13	2	0	0	0	
158	13	2	0	0	0	
159	13	2	0	0	0	
160	13	2	0	0	0	
161	13	2	0	0	0	
162	13	2	0	0	0	
163	12	2	0	0	0	
164	12	2	0	0	0	
165	12	2	0	0	0	
166	12	2	0	0	0	
167	12	2	0	0	0	
168	12	2	0	0	0	
169	12	2	0	0	0	
170	12	2	0	0	0	
171	12	2	0	0	0	
172	12	2	0	0	0	
173	12	2	0	0	0	
174	12	2	0	0	0	
175	12	2	0	0	0	
176	12	2	0	0	0	
177	12	2	0	0	0	
178	12	2	0	0	0	
179	12	2	0	0	0	
180	12	2	0	0	0	
181	12	2	0	0	0	
182	12	2	0	0	0	
183	12	2	0	0	0	
184	11	2	0	0	0	
185	11	2	0	0	0	
186	10	3	0	0	0	
187	10	3	0	0	0	
188	10	3	0	0	0	
189	10	3	0	0	0	
190	10	3	0	0	0	
191	10	3	0	0	0	
192	10	3	0	0	0	
193	10	3	0	0	0	
194	10	3	0	0	0	
195	10	3	0	0	0	
196	10	3	0	0	0	
197	10	3	0	0	0	
198	9	2	0	0	0	
199	9	2	0	0	0	
200	8	2	0	0	0	
201	8	2	0	0	0	
202	8	2	0	0	0	
203	8	2	0	0	0	
204	8	2	0	0	0	
205	8	2	0	0	0	
206	8	2	0	0	0	
207	8	2	0	0	0	
208	8	2	0	0	0	
209	8	2	0	0	0	
210	8	1	0	0	0	
211	8	1	0	0	0	
212	8	1	0	0	0	
213	8	1	0	0	0	
214	8	1	0	0	0	
215	8	1	0	0	0	
216	8	1	0	0	0	
217	8	1	0	0	0	
218	7	1	0	0	0	
219	7	1	0	0	0	
220	7	1	0	0	0	
221	7	1	0	0	0	
222	7	1	0	0	0	
223	7	1	0	0	0	
224	7	1	0	0	0	
225	7	1	0	0	0	
226	7	1	0	0	0	
227	7	1	0	0	0	
228	7	1	0	0	0	
229	7	1	0	0	0	
230	7	1	0	0	0	
231	7	1	0	0	0	
232	7	1	0	0	0	
233	7	1	0	0	0	
234	7	1	0	0	0	
235	6	1	0	0	0	
236	6	1	0	0	0	
237	6	1	0	0	0	
238	5	1	0	0	0	
239	5	1	0	0	0	
240	5	1	0	0	0	
241	5	1	0	0	0	
242	5	1	0	0	0	
243	5	1	0	0	0	
244	5	1	0	0	0	
245	5	1	0	0	0	
246	5	1	0	0	0	
247	5	1	0	0	0	
248	5	1	0	0	0	
249	5	1	0	0	0	
250	5	1	0	0	0	
251	5	1	0	0	0	
252	5	1	0	0	0	
253	5	1	0	0	0	
254	5	1	0	0	0	
255	5	1	0	0	0	
256	5	1	0	0	0	
257	5	1	0	0	0	
258	5	1	0	0	0	
259	5	1	0	0	0	
260	5	1	0	0	0	
261	5	1	0	0	0	
262	5	1	0	0	0	
263	5	1	0	0	0	
264	5	1	0	0	0	
265	5	1	0	0	0	
266	5	1	0	0	0	
267	5	1	0	0	0	
268	5	1	0	0	0	
269	5	1	0	0	0	
270	5	1	0	0	0	
271	5	1	0	0	0	
272	5	1	0	0	0	
273	5	1	0	0	0	
274	5	1	0	0	0	
275	5	1	0	0	0	
276	5	1	0	0	0	
277	5	1	0	0	0	
278	5	1	0	0	0	
279	5	1	0	0	0	
280	5	1	0	0	0	
281	5	1	0	0	0	
282	5	1	0	0	0	
283	5	1	0	0	0	
284	5	1	0	0	0	
285	5	1	0	0	0	
286	5	1	0	0	0	
287	5	1	0	0	0	
288	5	1	0	0	0	
289	5	1	0	0	0	
290	4	1	0	0	0	
291	4	1	0	0	0	
292	4	1	0	0	0	
293	4	1	0	0	0	
294	4	1	0	0	0	
295	4	1	0	0	0	
296	4	1	0	0	0	
297	4	1	0	0	0	
298	4	1	0	0	0	
299	4	1	0	0	0	
300	4	1	0	0	0	
301	4	1	0	0	0	
302	4	1	0	0	0	
303	4	1	0	0	0	
304	4	1	0	0	0	
305	4	1	0	0	0	
306	4	1	0	0	0	
307	4	1	0	0	0	
308	4	1	0	0	0	
309	4	1	0	0	0	
310	4	1	0	0	0	
311	3	1	0	0	0	
312	3	1	0	0	0	
313	2	1	0	0	0	
314	2	1	0	0	0	
315	2	1	0	0	0	
316	2	1	0	0	0	
317	2	1	0	0	0	
318	2	1	0	0	0	
319	2	1	0	0	0	
320	2	1	0	0	0	
321	2	1	0	0	0	
322	2	1	0	0	0	
323	2	1	0	0	0	
324	2	1	0	0	0	
325	2	1	0	0	0	
326	2	1	0	0	0	
327	2	1	0	0	0	
328	2	1	0	0	0	
329	2	1	0	0	0	
330	2	1	0	0	0	
331	2	1	0	0	0	
332	2	1	0	0	0	
333	2	1	0	0	0	
334	2	1	0	0	0	
335	2	1	0	0	0	
336	2	1	0	0	0	
337	2	1	0	0	0	
338	2	1	0	0	0	
339	2	1	0	0	0	
340	2	1	0	0	0	
341	2	1	0	0	0	
342	2	1	0	0	0	
343	2	1	0	0	0	
344	2	1	0	0	0	
345	2	1	0	0	0	
346	2	1	0	0	0	
347	2	1	0	0	0	
348	2	1	0	0	0	
349	2	1	0	0	0	
350	2	1	0	0	0	
351	2	1	0	0	0	
352	2	1	0	0	0	
353	2	1	0	0	0	
354	2	1	0	0	0	
355	2	1	0	0	0	
356	2	1	0	0	0	
357	2	1	0	0	0	
358	2	1	0	0	0	
359	2	1	0	0	0	
360	2	1	0	0	0	
361	2	1	0	0	0	
362	2	1	0	0	0	
363	2	1	0	0	0	
364	2	1	0	0	0	
365	2	1	0	0	0	
366	2	1	0	0	0	
367	2	1	0	0	0	
368	2	1	0	0	0	
369	2	1	0	0	0	
370	2	1	0	0	0	
371	2	1	0	0	0	
372	2	1	0	0	0	
373	2	1	0	0	0	
374	2	1	0	0	0	
375	2	1	0	0	0	
376	2	1	0	0	0	
377	2	1	0	0	0	
378	2	1	0	0	0	
379	2	1	0	0	0	
380	2	1	0	0	0	
381	2	1	0	0	0	
382	2	1	0	0	0	
383	2	1	0	0	0	
384	2	1	0	0	0	
385	2	1	0	0	0	
386	2	1	0	0	0	
387	2	1	0	0	0	
388	2	1	0	0	0	
389	2	1	0	0	0	
390	2	1	0	0	0	
391	2	1	0	0	0	
392	2	1	0	0	0	
393	2	1	0	0	0	
394	2	1	0	0	0	
395	2	1	0	0	0	
396	2	1	0	0	0	
397	2	1	0	0	0	
398	2	1	0	0	0	
399	2	1	0	0	0	
400	2	1	0	0	0	
401	2	1	0	0	0	
402	2	1	0	0	0	
403	2	1	0	0	0	
404	2	1	0	0	0	
405	2	1	0	0	0	
406	2	1	0	0	0	
407	2	1	0	0	0	
408	2	1	0	0	0	
409	2	1	0	0	0	
410	2	1	0	0	0	
411	2	1	0	0	0	
412	2	1	0	0	0	
413	2	1	0	0	0	
414	2	1	0	0	0	
415	2	1	0	0	0	
416	2	1	0	0	0	
417	2	1	0	0	0	
418	2	1	0	0	0	
419	2	1	0	0	0	
420	2	1	0	0	0	
421	2	1	0	0	0	
422	2	1	0	0	0	
423	2	1	0	0	0	
424	2	1	0	0	0	
425	2	1	0	0	0	
426	2	1	0	0	0	
427	2	1	0	0	0	
428	2	1	0	0	0	
429	2	1	0	0	0	
430	2	1	0	0	0	
431	2	1	0	0	0	
432	2	1	0	0	0	
433	2	1	0	0	0	
434	2	1	0	0	0	
435	2	1	0	0	0	
436	2	1	0	0	0	
437	2	1	0	0	0	
438	2	1	0	0	0	
439	2	1	0	0	0	
440	2	1	0	0	0	
441	2	1	0	0	0	
442	2	1	0	0	0	
443	2	1	0	0	0	
444	2	1	0	0	0	
445	2	1	0	0	0	
446	2	1	0	0	0	
447	2	1	0	0	0	
448	2	1	0	0	0	
449	2	1	0	0	0	
450	2	1	0	0	0	
451	2	1	0	0	0	
452	2	1	0	0	0	
453	2	1	0	0	0	
454	2	1	0	0	0	
455	2	1	0	0	0	
456	2	1	0	0	0	
457	2	1	0	0	0	
458	2	1	0	0	0	
459	2	1	0	0	0	
460	2	1	0	0	0	
461	2	1	0	0	0	
462	2	1	0	0	0	
463	2	1	0	0	0	
464	2	1	0	0	0	
465	2	1	0	0	0	
466	2	1	0	0	0	
467	2	1	0	0	0	
468	2	1	0	0	0	
469	2	1	0	0	0	
470	2	1	0	0	0	
471	2	1	0	0	0	
472	2	1	0	0	0	
473	2	1	0	0	0	
474	2	1	0	0	0	
475	2	1	0	0	0	
476	2	1	0	0	0	
477	2	1	0	0	0	
478	2	1	0	0	0	
479	2	1	0	0	0	
480	2	1	0	0	0	
481	2	1	0	0	0	
482	2	1	0	0	0	
483	2	1	0	0	0	
484	2	1	0	0	0	
485	2	1	0	0	0	
486	2	1	0	0	0	
487	2	1	0	0	0	
488	2	1	0	0	0	
489	2	1	0	0	0	
490	2	1	0	0	0	
491	2	1	0	0	0	
492	2	1	0	0	0	
493	2	1	0	0	0	
494	2	1	0	0	0	
495	2	1	0	0	0	
496	2	1	0	0	0	
497	2	1	0	0	0	
498	2	1	0	0	0	
499	2	1	0	0	0	
