0	0.00000
1	0.00000
2	0.00000
3	0.01170
4	0.28579
5	0.58741
6	0.75093
7	1.15001
8	1.27014
9	1.43033
10	1.38671
11	1.29411
12	1.13635
13	0.93418
14	0.69751
15	0.52218
16	0.37205
17	0.26697
18	0.18519
19	0.13496
20	0.09929
21	0.07533
22	0.05568
23	0.04664
24	0.03393
25	0.02619
26	0.02223
27	0.01703
28	0.01363
29	0.00994
30	0.00698
31	0.00513
32	0.00430
33	0.00166
34	0.00106
35	0.00044
36	0.00023
37	0.00005
38	0.00011
39	0.00006
40	0.00007
41	0.00000
42	0.00000
43	0.00000
44	0.00000
45	0.00000
46	0.00000
47	0.00000
48	0.00000
49	0.00000
50	0.00000
51	0.00000
52	0.00000
53	0.00000
54	0.00000
55	0.00000
56	0.00000
57	0.00000
58	0.00000
59	0.00000
60	0.00000
61	0.00000
62	0.00000
63	0.00000
64	0.00000
65	0.00000
66	0.00000
67	0.00000
68	0.00000
69	0.00000
70	0.00000
71	0.00000
72	0.00000
73	0.00000
74	0.00000
75	0.00000
76	0.00000
77	0.00000
78	0.00000
79	0.00000
80	0.00000
81	0.00000
82	0.00000
83	0.00000
84	0.00000
85	0.00000
86	0.00000
87	0.00000
88	0.00000
89	0.00000
90	0.00000
91	0.00000
92	0.00000
93	0.00000
94	0.00000
95	0.00000
96	0.00000
97	0.00000
98	0.00000
99	0.00000
