0	0.00500
1	0.00700
2	0.01350
3	0.02350
4	0.03150
5	0.05400
6	0.08650
7	0.13700
8	0.21550
9	0.31050
10	0.40950
11	0.49600
12	0.55500
13	0.61050
14	0.65000
15	0.68600
16	0.71200
17	0.73600
18	0.74900
19	0.75850
20	0.76600
21	0.77300
22	0.77700
23	0.77900
24	0.78450
25	0.78700
26	0.78900
27	0.78950
28	0.79100
29	0.79100
30	0.79200
31	0.79250
32	0.79350
33	0.79350
34	0.79350
35	0.79350
36	0.79400
37	0.79400
38	0.79400
39	0.79400
40	0.79400
41	0.79400
42	0.79400
43	0.79400
44	0.79400
45	0.79400
46	0.79400
47	0.79400
48	0.79400
49	0.79400
50	0.79400
51	0.79400
52	0.79400
53	0.79400
54	0.79400
55	0.79400
56	0.79400
57	0.79400
58	0.79400
59	0.79400
60	0.79400
61	0.79400
62	0.79400
63	0.79400
64	0.79400
65	0.79400
66	0.79400
67	0.79400
68	0.79400
69	0.79400
70	0.79400
71	0.79400
72	0.79400
73	0.79400
74	0.79400
75	0.79400
76	0.79400
77	0.79400
78	0.79400
79	0.79400
80	0.79400
81	0.79400
82	0.79400
83	0.79400
84	0.79400
85	0.79400
86	0.79400
87	0.79400
88	0.79400
89	0.79400
90	0.79400
91	0.79400
92	0.79400
93	0.79400
94	0.79400
95	0.79400
96	0.79400
97	0.79400
98	0.79400
99	0.79400
