0	0.00000
1	0.00000
2	0.00000
3	0.13583
4	0.32788
5	0.74730
6	1.04958
7	1.26326
8	1.36680
9	1.42532
10	1.43037
11	1.22415
12	1.02950
13	0.80946
14	0.60520
15	0.45827
16	0.35059
17	0.25748
18	0.19572
19	0.15234
20	0.11921
21	0.09451
22	0.07180
23	0.05665
24	0.04838
25	0.03972
26	0.03300
27	0.02523
28	0.02240
29	0.01797
30	0.01438
31	0.01078
32	0.00792
33	0.00596
34	0.00463
35	0.00147
36	0.00120
37	0.00050
38	0.00022
39	0.00026
40	0.00005
41	0.00005
42	0.00005
43	0.00005
44	0.00005
45	0.00005
46	0.00005
47	0.00000
48	0.00000
49	0.00000
50	0.00000
51	0.00000
52	0.00000
53	0.00000
54	0.00000
55	0.00000
56	0.00000
57	0.00000
58	0.00000
59	0.00000
60	0.00000
61	0.00000
62	0.00000
63	0.00000
64	0.00000
65	0.00000
66	0.00000
67	0.00000
68	0.00000
69	0.00000
70	0.00000
71	0.00000
72	0.00000
73	0.00000
74	0.00000
75	0.00000
76	0.00000
77	0.00000
78	0.00000
79	0.00000
80	0.00000
81	0.00000
82	0.00000
83	0.00000
84	0.00000
85	0.00000
86	0.00000
87	0.00000
88	0.00000
89	0.00000
90	0.00000
91	0.00000
92	0.00000
93	0.00000
94	0.00000
95	0.00000
96	0.00000
97	0.00000
98	0.00000
99	0.00000
