0	0.00000
1	0.00000
2	0.00000
3	0.01782
4	0.12058
5	0.33839
6	0.71973
7	1.18437
8	1.29150
9	1.42132
10	1.49468
11	1.38940
12	1.24424
13	1.04175
14	0.83991
15	0.64117
16	0.46946
17	0.34548
18	0.25806
19	0.18858
20	0.14186
21	0.10845
22	0.08247
23	0.06444
24	0.05169
25	0.04066
26	0.03134
27	0.02522
28	0.02130
29	0.01701
30	0.01251
31	0.00889
32	0.00824
33	0.00687
34	0.00700
35	0.00332
36	0.00353
37	0.00199
38	0.00163
39	0.00090
40	0.00087
41	0.00029
42	0.00020
43	0.00000
44	0.00000
45	0.00000
46	0.00000
47	0.00000
48	0.00000
49	0.00000
50	0.00000
51	0.00000
52	0.00000
53	0.00000
54	0.00000
55	0.00000
56	0.00000
57	0.00000
58	0.00000
59	0.00000
60	0.00000
61	0.00000
62	0.00000
63	0.00000
64	0.00000
65	0.00000
66	0.00000
67	0.00000
68	0.00000
69	0.00000
70	0.00000
71	0.00000
72	0.00000
73	0.00000
74	0.00000
75	0.00000
76	0.00000
77	0.00000
78	0.00000
79	0.00000
80	0.00000
81	0.00000
82	0.00000
83	0.00000
84	0.00000
85	0.00000
86	0.00000
87	0.00000
88	0.00000
89	0.00000
90	0.00000
91	0.00000
92	0.00000
93	0.00000
94	0.00000
95	0.00000
96	0.00000
97	0.00000
98	0.00000
99	0.00000
