0	0.00000
1	0.00000
2	0.00000
3	0.03311
4	0.07409
5	0.15695
6	0.34266
7	0.69717
8	0.99425
9	1.34362
10	1.54381
11	1.51305
12	1.40127
13	1.19831
14	0.97612
15	0.74098
16	0.55712
17	0.40616
18	0.30639
19	0.22364
20	0.16805
21	0.12862
22	0.09864
23	0.07517
24	0.06169
25	0.04671
26	0.03657
27	0.02908
28	0.02523
29	0.02014
30	0.01577
31	0.01262
32	0.01174
33	0.01061
34	0.01040
35	0.00685
36	0.00754
37	0.00592
38	0.00496
39	0.00388
40	0.00371
41	0.00245
42	0.00171
43	0.00064
44	0.00064
45	0.00030
46	0.00030
47	0.00000
48	0.00000
49	0.00059
50	0.00059
51	0.00059
52	0.00059
53	0.00059
54	0.00059
55	0.00059
56	0.00000
57	0.00000
58	0.00000
59	0.00000
60	0.00000
61	0.00000
62	0.00000
63	0.00000
64	0.00000
65	0.00000
66	0.00000
67	0.00000
68	0.00000
69	0.00000
70	0.00000
71	0.00000
72	0.00000
73	0.00000
74	0.00000
75	0.00000
76	0.00000
77	0.00000
78	0.00000
79	0.00000
80	0.00000
81	0.00000
82	0.00000
83	0.00000
84	0.00000
85	0.00000
86	0.00000
87	0.00000
88	0.00000
89	0.00000
90	0.00000
91	0.00000
92	0.00000
93	0.00000
94	0.00000
95	0.00000
96	0.00000
97	0.00000
98	0.00000
99	0.00000
