0	0.00000
1	0.00000
2	0.00000
3	0.00000
4	0.00000
5	0.00000
6	0.00000
7	0.00000
8	0.00000
9	0.00000
10	0.00000
11	0.00000
12	0.00000
13	0.00000
14	0.00000
15	0.00000
16	0.00000
17	0.00000
18	0.00000
19	0.00000
20	0.00000
21	0.00000
22	0.00000
23	0.00000
24	0.00000
25	0.00000
26	0.00000
27	0.00000
28	0.00000
29	0.00000
30	0.00000
31	0.00000
32	0.00000
33	0.00000
34	0.00000
35	0.00000
36	0.00000
37	0.02051
38	0.02062
39	0.02073
40	0.05729
41	0.08073
42	0.09424
43	0.09424
44	0.09948
45	0.09948
46	0.09599
47	0.06981
48	0.04887
49	0.03316
50	0.03316
51	0.00000
52	0.00000
53	0.00000
54	0.00000
55	0.00000
56	0.00000
57	0.00000
58	0.00000
59	0.00000
60	0.00000
61	0.00000
62	0.00000
63	0.00000
64	0.00000
65	0.01764
66	0.01764
67	0.07319
68	0.07319
69	0.07319
70	0.07319
71	0.07319
72	0.05585
73	0.05585
74	0.05053
75	0.05080
76	0.05080
77	0.11765
78	0.11765
79	0.10160
80	0.10160
81	0.06150
82	0.06150
83	0.06150
84	0.00000
85	0.00000
86	0.04279
87	0.04326
88	0.06822
89	0.13380
90	0.20833
91	0.24926
92	0.24694
93	0.20944
94	0.19741
95	0.17241
96	0.12611
97	0.06937
98	0.00000
99	0.04073
100	0.04096
101	0.07910
102	0.13371
103	0.13202
104	0.12825
105	0.12519
106	0.08876
107	0.12495
108	0.14866
109	0.09885
110	0.13716
111	0.13333
112	0.11163
113	0.11163
114	0.16686
115	0.10223
116	0.10283
117	0.08060
118	0.12349
119	0.10888
120	0.10621
121	0.09083
122	0.18644
123	0.15853
124	0.17300
125	0.13589
126	0.13007
127	0.16119
128	0.12987
129	0.05743
130	0.05743
131	0.03112
132	0.03131
133	0.03150
134	0.03333
135	0.06325
136	0.12091
137	0.13903
138	0.12112
139	0.09990
140	0.09576
141	0.07495
142	0.05818
143	0.09094
144	0.07780
145	0.07780
146	0.13388
147	0.13388
148	0.16056
149	0.15966
