0	0.00500
1	0.01500
2	0.04200
3	0.11850
4	0.28300
5	0.50100
6	0.66400
7	0.74600
8	0.77050
9	0.77850
10	0.78200
11	0.78200
12	0.78200
13	0.78200
14	0.78200
15	0.78200
16	0.78200
17	0.78200
18	0.78200
19	0.78200
20	0.78200
21	0.78200
22	0.78200
23	0.78200
24	0.78200
25	0.78200
26	0.78200
27	0.78200
28	0.78200
29	0.78200
30	0.78200
31	0.78200
32	0.78200
33	0.78200
34	0.78200
35	0.78200
36	0.78200
37	0.78200
38	0.78200
39	0.78200
40	0.78200
41	0.78200
42	0.78200
43	0.78200
44	0.78200
45	0.78200
46	0.78200
47	0.78200
48	0.78200
49	0.78200
50	0.78200
51	0.78200
52	0.78200
53	0.78200
54	0.78200
55	0.78200
56	0.78200
57	0.78200
58	0.78200
59	0.78200
60	0.78200
61	0.78200
62	0.78200
63	0.78200
64	0.78200
65	0.78200
66	0.78200
67	0.78200
68	0.78200
69	0.78200
70	0.78200
71	0.78200
72	0.78200
73	0.78200
74	0.78200
75	0.78200
76	0.78200
77	0.78200
78	0.78200
79	0.78200
80	0.78200
81	0.78200
82	0.78200
83	0.78200
84	0.78200
85	0.78200
86	0.78200
87	0.78200
88	0.78200
89	0.78200
90	0.78200
91	0.78200
92	0.78200
93	0.78200
94	0.78200
95	0.78200
96	0.78200
97	0.78200
98	0.78200
99	0.78200
100	0.78200
101	0.78200
102	0.78200
103	0.78200
104	0.78200
105	0.78200
106	0.78200
107	0.78200
108	0.78200
109	0.78200
110	0.78200
111	0.78200
112	0.78200
113	0.78200
114	0.78200
115	0.78200
116	0.78200
117	0.78200
118	0.78200
119	0.78200
120	0.78200
121	0.78200
122	0.78200
123	0.78200
124	0.78200
125	0.78200
126	0.78200
127	0.78200
128	0.78200
129	0.78200
130	0.78200
131	0.78200
132	0.78200
133	0.78200
134	0.78200
135	0.78200
136	0.78200
137	0.78200
138	0.78200
139	0.78200
140	0.78200
141	0.78200
142	0.78200
143	0.78200
144	0.78200
145	0.78200
146	0.78200
147	0.78200
148	0.78200
149	0.78200
