0	0	0	0	0	0	
1	750	0	0	0	0	
2	745	0	0	0	0	
3	736	4	0	0	0	
4	686	42	4	0	0	
5	496	180	40	3	0	
6	348	140	173	35	3	
7	162	177	132	169	38	
8	55	102	168	128	201	
9	35	18	99	159	327	
10	30	7	16	93	483	
11	22	2	6	17	569	
12	17	0	4	6	580	
13	15	0	3	4	581	
14	13	0	3	3	582	
15	10	0	2	3	582	
16	10	0	2	3	582	
17	7	0	2	3	580	
18	5	0	2	3	580	
19	5	0	2	3	578	
20	3	0	2	3	577	
21	2	0	2	3	577	
22	2	0	2	3	577	
23	2	0	2	3	576	
24	2	0	2	3	576	
25	2	0	2	3	576	
26	2	0	2	3	576	
27	2	0	2	3	576	
28	1	0	2	3	576	
29	1	0	2	3	576	
30	1	0	2	3	576	
31	1	0	2	3	576	
32	1	0	2	3	576	
33	1	0	2	3	576	
34	1	0	2	3	576	
35	1	0	2	3	576	
36	1	0	2	3	576	
37	1	0	2	3	576	
38	1	0	2	3	576	
39	1	0	2	3	576	
40	1	0	2	3	576	
41	1	0	2	3	576	
42	1	0	2	3	576	
43	1	0	2	3	576	
44	1	0	2	3	576	
45	1	0	2	3	576	
46	1	0	2	3	576	
47	1	0	2	3	576	
48	1	0	2	3	576	
49	1	0	2	3	576	
50	1	0	2	3	576	
51	1	0	2	3	576	
52	1	0	2	3	576	
53	1	0	2	3	576	
54	1	0	2	3	576	
55	1	0	2	3	576	
56	1	0	2	3	576	
57	1	0	2	3	576	
58	1	0	2	3	576	
59	1	0	2	3	576	
60	1	0	2	3	576	
61	1	0	2	3	576	
62	1	0	2	3	576	
63	1	0	2	3	576	
64	1	0	2	3	576	
65	1	0	2	3	576	
66	1	0	2	3	576	
67	1	0	2	3	576	
68	1	0	2	3	576	
69	1	0	2	3	576	
70	1	0	2	3	576	
71	1	0	2	3	576	
72	1	0	2	3	576	
73	1	0	2	3	576	
74	1	0	2	3	576	
75	1	0	2	3	576	
76	1	0	2	3	576	
77	1	0	2	3	576	
78	1	0	2	3	576	
79	1	0	2	3	576	
80	1	0	2	3	576	
81	1	0	2	3	576	
82	1	0	2	3	576	
83	1	0	2	3	576	
84	1	0	2	3	576	
85	1	0	2	3	576	
86	1	0	2	3	576	
87	1	0	2	3	576	
88	1	0	2	3	576	
89	1	0	2	3	576	
90	1	0	2	3	576	
91	1	0	2	3	576	
92	1	0	2	3	576	
93	1	0	2	3	576	
94	1	0	2	3	576	
95	1	0	2	3	576	
96	1	0	2	3	576	
97	1	0	2	3	576	
98	1	0	2	3	576	
99	1	0	2	3	576	
