0	0.01000
1	0.01500
2	0.02300
3	0.03900
4	0.06000
5	0.09200
6	0.13700
7	0.18100
8	0.25200
9	0.33100
10	0.41600
11	0.49900
12	0.58600
13	0.66500
14	0.73700
15	0.79000
16	0.82400
17	0.85400
18	0.87100
19	0.88400
20	0.89800
21	0.91200
22	0.91800
23	0.92000
24	0.92200
25	0.92400
26	0.93000
27	0.93300
28	0.93400
29	0.93600
30	0.93600
31	0.93600
32	0.93600
33	0.93600
34	0.93600
35	0.93600
36	0.93800
37	0.93800
38	0.93800
39	0.93800
40	0.93800
41	0.93800
42	0.93800
43	0.93800
44	0.93800
45	0.93800
46	0.93800
47	0.93800
48	0.93800
49	0.93900
50	0.93900
51	0.93900
52	0.93900
53	0.93900
54	0.93900
55	0.93900
56	0.93900
57	0.93900
58	0.93900
59	0.93900
60	0.93900
61	0.93900
62	0.93900
63	0.93900
64	0.93900
65	0.93900
66	0.93900
67	0.93900
68	0.93900
69	0.93900
70	0.93900
71	0.93900
72	0.93900
73	0.93900
74	0.93900
75	0.93900
76	0.93900
77	0.93900
78	0.94000
79	0.94000
80	0.94000
81	0.94000
82	0.94000
83	0.94000
84	0.94000
85	0.94000
86	0.94000
87	0.94000
88	0.94000
89	0.94100
90	0.94100
91	0.94100
92	0.94100
93	0.94100
94	0.94100
95	0.94100
96	0.94100
97	0.94100
98	0.94100
99	0.94100
100	0.94100
101	0.94100
102	0.94100
103	0.94100
104	0.94100
105	0.94100
106	0.94100
107	0.94100
108	0.94100
109	0.94100
110	0.94100
111	0.94100
112	0.94100
113	0.94100
114	0.94100
115	0.94100
116	0.94100
117	0.94100
118	0.94100
119	0.94100
120	0.94100
121	0.94100
122	0.94100
123	0.94100
124	0.94100
125	0.94100
126	0.94100
127	0.94100
128	0.94100
129	0.94100
130	0.94200
131	0.94200
132	0.94200
133	0.94200
134	0.94200
135	0.94200
136	0.94200
137	0.94200
138	0.94200
139	0.94300
140	0.94300
141	0.94300
142	0.94300
143	0.94300
144	0.94300
145	0.94300
146	0.94300
147	0.94300
148	0.94300
149	0.94300
150	0.94300
151	0.94300
152	0.94300
153	0.94300
154	0.94300
155	0.94300
156	0.94300
157	0.94300
158	0.94300
159	0.94300
160	0.94300
161	0.94300
162	0.94300
163	0.94300
164	0.94300
165	0.94300
166	0.94300
167	0.94300
168	0.94300
169	0.94300
170	0.94300
171	0.94300
172	0.94300
173	0.94300
174	0.94300
175	0.94300
176	0.94300
177	0.94300
178	0.94300
179	0.94300
180	0.94300
181	0.94300
182	0.94300
183	0.94300
184	0.94300
185	0.94300
186	0.94300
187	0.94300
188	0.94300
189	0.94300
190	0.94300
191	0.94300
192	0.94300
193	0.94300
194	0.94300
195	0.94300
196	0.94300
197	0.94300
198	0.94300
199	0.94300
