0	0.00000
1	0.00000
2	0.00000
3	0.21973
4	0.49120
5	0.82143
6	1.10348
7	1.32057
8	1.50900
9	1.52966
10	1.70281
11	1.76205
12	1.82977
13	1.77931
14	1.72355
15	1.64856
16	1.53269
17	1.41997
18	1.28625
19	1.21042
20	1.09852
21	0.97999
22	0.91335
23	0.85693
24	0.79739
25	0.71643
26	0.66575
27	0.63686
28	0.61297
29	0.58369
30	0.55360
31	0.52954
32	0.49522
33	0.47310
34	0.45420
35	0.43447
36	0.41826
37	0.40320
38	0.39166
39	0.37679
40	0.36682
41	0.34958
42	0.33911
43	0.32846
44	0.32049
45	0.31163
46	0.30303
47	0.29530
48	0.28751
49	0.28271
50	0.27624
51	0.26988
52	0.26539
53	0.25850
54	0.25314
55	0.24870
56	0.24167
57	0.23839
58	0.23387
59	0.23008
60	0.22444
61	0.22194
62	0.21863
63	0.21542
64	0.21051
65	0.20739
66	0.20416
67	0.20167
68	0.19768
69	0.19567
70	0.19132
71	0.18999
72	0.18710
73	0.18350
74	0.18221
75	0.17925
76	0.17779
77	0.17427
78	0.17238
79	0.16958
80	0.16779
81	0.16629
82	0.16499
83	0.16344
84	0.16142
85	0.15975
86	0.15718
87	0.15524
88	0.15367
89	0.14901
90	0.14743
91	0.14612
92	0.14525
93	0.14266
94	0.14102
95	0.13915
96	0.13796
97	0.13715
98	0.13549
99	0.13441
100	0.13359
101	0.13269
102	0.13119
103	0.13053
104	0.12814
105	0.12696
106	0.12648
107	0.12500
108	0.12440
109	0.12241
110	0.12228
111	0.12076
112	0.12025
113	0.11892
114	0.11849
115	0.11716
116	0.11673
117	0.11605
118	0.11444
119	0.11340
120	0.11286
121	0.11227
122	0.11133
123	0.11133
124	0.11080
125	0.10995
126	0.10952
127	0.10790
128	0.10778
129	0.10678
130	0.10364
131	0.10264
132	0.10225
133	0.10163
134	0.09996
135	0.09949
136	0.09863
137	0.09837
138	0.09761
139	0.09786
140	0.09786
141	0.09767
142	0.09679
143	0.09640
144	0.09547
145	0.09469
146	0.09408
147	0.09348
148	0.09308
149	0.09295
150	0.09251
151	0.09232
152	0.09163
153	0.09098
154	0.09098
155	0.09030
156	0.08987
157	0.08876
158	0.08837
159	0.08776
160	0.08761
161	0.08682
162	0.08670
163	0.08605
164	0.08579
165	0.08547
166	0.08455
167	0.08420
168	0.08365
169	0.08343
170	0.08295
171	0.08256
172	0.08216
173	0.08216
174	0.08199
175	0.08199
176	0.08142
177	0.08116
178	0.08017
179	0.07991
180	0.07976
181	0.07956
182	0.07931
183	0.07896
184	0.07896
185	0.07857
186	0.07802
187	0.07759
188	0.07714
189	0.07641
190	0.07599
191	0.07599
192	0.07535
193	0.07535
194	0.07500
195	0.07489
196	0.07439
197	0.07425
198	0.07413
199	0.07332
