0	0	0	0	0	0	
1	743	0	0	0	0	
2	732	0	0	0	0	
3	0	681	0	0	0	
4	0	0	595	0	0	
5	0	0	0	502	0	
6	0	0	0	0	475	
7	0	0	0	0	469	
8	0	0	0	0	463	
9	0	0	0	0	463	
10	0	0	0	0	463	
11	0	0	0	0	463	
12	0	0	0	0	463	
13	0	0	0	0	463	
14	0	0	0	0	463	
15	0	0	0	0	463	
16	0	0	0	0	463	
17	0	0	0	0	463	
18	0	0	0	0	463	
19	0	0	0	0	463	
20	0	0	0	0	463	
21	0	0	0	0	463	
22	0	0	0	0	463	
23	0	0	0	0	463	
24	0	0	0	0	463	
25	0	0	0	0	463	
26	0	0	0	0	463	
27	0	0	0	0	463	
28	0	0	0	0	463	
29	0	0	0	0	463	
30	0	0	0	0	463	
31	0	0	0	0	463	
32	0	0	0	0	463	
33	0	0	0	0	463	
34	0	0	0	0	463	
35	0	0	0	0	463	
36	0	0	0	0	463	
37	0	0	0	0	463	
38	0	0	0	0	463	
39	0	0	0	0	463	
40	0	0	0	0	463	
41	0	0	0	0	463	
42	0	0	0	0	463	
43	0	0	0	0	463	
44	0	0	0	0	463	
45	0	0	0	0	463	
46	0	0	0	0	463	
47	0	0	0	0	463	
48	0	0	0	0	463	
49	0	0	0	0	463	
50	0	0	0	0	463	
51	0	0	0	0	463	
52	0	0	0	0	463	
53	0	0	0	0	463	
54	0	0	0	0	463	
55	0	0	0	0	463	
56	0	0	0	0	463	
57	0	0	0	0	463	
58	0	0	0	0	463	
59	0	0	0	0	463	
60	0	0	0	0	463	
61	0	0	0	0	463	
62	0	0	0	0	463	
63	0	0	0	0	463	
64	0	0	0	0	463	
65	0	0	0	0	463	
66	0	0	0	0	463	
67	0	0	0	0	463	
68	0	0	0	0	463	
69	0	0	0	0	463	
70	0	0	0	0	463	
71	0	0	0	0	463	
72	0	0	0	0	463	
73	0	0	0	0	463	
74	0	0	0	0	463	
75	0	0	0	0	463	
76	0	0	0	0	463	
77	0	0	0	0	463	
78	0	0	0	0	463	
79	0	0	0	0	463	
80	0	0	0	0	463	
81	0	0	0	0	463	
82	0	0	0	0	463	
83	0	0	0	0	463	
84	0	0	0	0	463	
85	0	0	0	0	463	
86	0	0	0	0	463	
87	0	0	0	0	463	
88	0	0	0	0	463	
89	0	0	0	0	463	
90	0	0	0	0	463	
91	0	0	0	0	463	
92	0	0	0	0	463	
93	0	0	0	0	463	
94	0	0	0	0	463	
95	0	0	0	0	463	
96	0	0	0	0	463	
97	0	0	0	0	463	
98	0	0	0	0	463	
99	0	0	0	0	463	
100	0	0	0	0	463	
101	0	0	0	0	463	
102	0	0	0	0	463	
103	0	0	0	0	463	
104	0	0	0	0	463	
105	0	0	0	0	463	
106	0	0	0	0	463	
107	0	0	0	0	463	
108	0	0	0	0	463	
109	0	0	0	0	463	
110	0	0	0	0	463	
111	0	0	0	0	463	
112	0	0	0	0	463	
113	0	0	0	0	463	
114	0	0	0	0	463	
115	0	0	0	0	463	
116	0	0	0	0	463	
117	0	0	0	0	463	
118	0	0	0	0	463	
119	0	0	0	0	463	
120	0	0	0	0	463	
121	0	0	0	0	463	
122	0	0	0	0	463	
123	0	0	0	0	463	
124	0	0	0	0	463	
125	0	0	0	0	463	
126	0	0	0	0	463	
127	0	0	0	0	463	
128	0	0	0	0	463	
129	0	0	0	0	463	
130	0	0	0	0	463	
131	0	0	0	0	463	
132	0	0	0	0	463	
133	0	0	0	0	463	
134	0	0	0	0	463	
135	0	0	0	0	463	
136	0	0	0	0	463	
137	0	0	0	0	463	
138	0	0	0	0	463	
139	0	0	0	0	463	
140	0	0	0	0	463	
141	0	0	0	0	463	
142	0	0	0	0	463	
143	0	0	0	0	463	
144	0	0	0	0	463	
145	0	0	0	0	463	
146	0	0	0	0	463	
147	0	0	0	0	463	
148	0	0	0	0	463	
149	0	0	0	0	463	
