0	0.00500
1	0.00800
2	0.01150
3	0.01800
4	0.02900
5	0.04950
6	0.08650
7	0.13250
8	0.18700
9	0.24500
10	0.30300
11	0.35250
12	0.40750
13	0.46000
14	0.50100
15	0.53600
16	0.56500
17	0.58950
18	0.61350
19	0.62700
20	0.64150
21	0.65350
22	0.66500
23	0.67600
24	0.68000
25	0.68300
26	0.68400
27	0.68550
28	0.68700
29	0.68850
30	0.69000
31	0.69250
32	0.69300
33	0.69400
34	0.69450
35	0.69500
36	0.69500
37	0.69500
38	0.69550
39	0.69550
40	0.69550
41	0.69550
42	0.69600
43	0.69600
44	0.69600
45	0.69650
46	0.69650
47	0.69650
48	0.69650
49	0.69650
50	0.69650
51	0.69650
52	0.69650
53	0.69650
54	0.69650
55	0.69650
56	0.69650
57	0.69650
58	0.69650
59	0.69650
60	0.69650
61	0.69650
62	0.69650
63	0.69650
64	0.69650
65	0.69650
66	0.69650
67	0.69650
68	0.69650
69	0.69650
70	0.69650
71	0.69650
72	0.69650
73	0.69650
74	0.69650
75	0.69650
76	0.69650
77	0.69650
78	0.69650
79	0.69650
80	0.69650
81	0.69650
82	0.69650
83	0.69650
84	0.69650
85	0.69650
86	0.69650
87	0.69650
88	0.69650
89	0.69650
90	0.69650
91	0.69650
92	0.69650
93	0.69650
94	0.69650
95	0.69650
96	0.69650
97	0.69650
98	0.69650
99	0.69650
