0	0.00000
1	0.00000
2	0.00000
3	0.03498
4	0.09286
5	0.23438
6	0.46528
7	0.88516
8	1.12828
9	1.38221
10	1.37293
11	1.36312
12	1.24277
13	1.01492
14	0.84642
15	0.67698
16	0.52830
17	0.41136
18	0.31271
19	0.24024
20	0.19491
21	0.15306
22	0.12157
23	0.09920
24	0.08381
25	0.07136
26	0.05965
27	0.04828
28	0.03797
29	0.03125
30	0.02524
31	0.01748
32	0.01207
33	0.01129
34	0.00990
35	0.01000
36	0.00849
37	0.00793
38	0.00686
39	0.00505
40	0.00334
41	0.00299
42	0.00188
43	0.00128
44	0.00090
45	0.00091
46	0.00091
47	0.00062
48	0.00062
49	0.00062
50	0.00062
51	0.00045
52	0.00045
53	0.00045
54	0.00000
55	0.00000
56	0.00000
57	0.00000
58	0.00000
59	0.00000
60	0.00000
61	0.00000
62	0.00000
63	0.00000
64	0.00000
65	0.00000
66	0.00000
67	0.00000
68	0.00000
69	0.00000
70	0.00000
71	0.00000
72	0.00000
73	0.00000
74	0.00000
75	0.00000
76	0.00000
77	0.00000
78	0.00000
79	0.00000
80	0.00000
81	0.00000
82	0.00000
83	0.00000
84	0.00000
85	0.00000
86	0.00000
87	0.00000
88	0.00000
89	0.00000
90	0.00000
91	0.00000
92	0.00000
93	0.00000
94	0.00000
95	0.00000
96	0.00000
97	0.00000
98	0.00000
99	0.00000
