0	0	0	0	0	0	
1	745	0	0	0	0	
2	730	0	0	0	0	
3	0	682	0	0	0	
4	0	0	589	0	0	
5	0	0	0	503	0	
6	0	0	0	0	461	
7	0	0	0	0	456	
8	0	0	0	0	455	
9	0	0	0	0	454	
10	0	0	0	0	453	
11	0	0	0	0	452	
12	0	0	0	0	452	
13	0	0	0	0	452	
14	0	0	0	0	452	
15	0	0	0	0	452	
16	0	0	0	0	452	
17	0	0	0	0	452	
18	0	0	0	0	452	
19	0	0	0	0	452	
20	0	0	0	0	452	
21	0	0	0	0	452	
22	0	0	0	0	452	
23	0	0	0	0	452	
24	0	0	0	0	452	
25	0	0	0	0	452	
26	0	0	0	0	452	
27	0	0	0	0	452	
28	0	0	0	0	452	
29	0	0	0	0	452	
30	0	0	0	0	452	
31	0	0	0	0	452	
32	0	0	0	0	452	
33	0	0	0	0	452	
34	0	0	0	0	452	
35	0	0	0	0	452	
36	0	0	0	0	452	
37	0	0	0	0	452	
38	0	0	0	0	452	
39	0	0	0	0	452	
40	0	0	0	0	452	
41	0	0	0	0	452	
42	0	0	0	0	452	
43	0	0	0	0	452	
44	0	0	0	0	452	
45	0	0	0	0	452	
46	0	0	0	0	452	
47	0	0	0	0	452	
48	0	0	0	0	452	
49	0	0	0	0	452	
50	0	0	0	0	452	
51	0	0	0	0	452	
52	0	0	0	0	452	
53	0	0	0	0	452	
54	0	0	0	0	452	
55	0	0	0	0	452	
56	0	0	0	0	452	
57	0	0	0	0	452	
58	0	0	0	0	452	
59	0	0	0	0	452	
60	0	0	0	0	452	
61	0	0	0	0	452	
62	0	0	0	0	452	
63	0	0	0	0	452	
64	0	0	0	0	452	
65	0	0	0	0	452	
66	0	0	0	0	452	
67	0	0	0	0	452	
68	0	0	0	0	452	
69	0	0	0	0	452	
70	0	0	0	0	452	
71	0	0	0	0	452	
72	0	0	0	0	452	
73	0	0	0	0	452	
74	0	0	0	0	452	
75	0	0	0	0	452	
76	0	0	0	0	452	
77	0	0	0	0	452	
78	0	0	0	0	452	
79	0	0	0	0	452	
80	0	0	0	0	452	
81	0	0	0	0	452	
82	0	0	0	0	452	
83	0	0	0	0	452	
84	0	0	0	0	452	
85	0	0	0	0	452	
86	0	0	0	0	452	
87	0	0	0	0	452	
88	0	0	0	0	452	
89	0	0	0	0	452	
90	0	0	0	0	452	
91	0	0	0	0	452	
92	0	0	0	0	452	
93	0	0	0	0	452	
94	0	0	0	0	452	
95	0	0	0	0	452	
96	0	0	0	0	452	
97	0	0	0	0	452	
98	0	0	0	0	452	
99	0	0	0	0	452	
