0	0.00500
1	0.00950
2	0.01800
3	0.03100
4	0.05350
5	0.09200
6	0.13400
7	0.18750
8	0.25300
9	0.30900
10	0.36800
11	0.41800
12	0.47000
13	0.51500
14	0.54800
15	0.57800
16	0.60650
17	0.62050
18	0.63350
19	0.65050
20	0.66050
21	0.66750
22	0.67500
23	0.68150
24	0.68400
25	0.68650
26	0.68800
27	0.68800
28	0.69000
29	0.69000
30	0.69050
31	0.69150
32	0.69200
33	0.69250
34	0.69250
35	0.69400
36	0.69400
37	0.69400
38	0.69400
39	0.69400
40	0.69400
41	0.69450
42	0.69450
43	0.69450
44	0.69450
45	0.69450
46	0.69450
47	0.69450
48	0.69450
49	0.69450
50	0.69450
51	0.69450
52	0.69450
53	0.69450
54	0.69450
55	0.69450
56	0.69500
57	0.69500
58	0.69500
59	0.69500
60	0.69500
61	0.69500
62	0.69500
63	0.69500
64	0.69500
65	0.69500
66	0.69500
67	0.69500
68	0.69500
69	0.69500
70	0.69500
71	0.69500
72	0.69500
73	0.69500
74	0.69500
75	0.69500
76	0.69500
77	0.69500
78	0.69500
79	0.69500
80	0.69500
81	0.69500
82	0.69500
83	0.69500
84	0.69500
85	0.69500
86	0.69500
87	0.69500
88	0.69500
89	0.69500
90	0.69500
91	0.69500
92	0.69500
93	0.69500
94	0.69500
95	0.69500
96	0.69500
97	0.69500
98	0.69500
99	0.69500
