0	0	0	0	0	0	
1	745	0	0	0	0	
2	729	0	0	0	0	
3	686	5	0	0	0	
4	71	512	5	0	0	
5	31	53	356	5	0	
6	15	28	202	72	4	
7	1	18	159	63	8	
8	0	15	144	63	8	
9	0	15	141	63	8	
10	0	15	140	63	8	
11	0	15	140	63	8	
12	0	15	140	63	8	
13	0	15	140	63	8	
14	0	15	140	63	8	
15	0	15	140	63	8	
16	0	15	140	63	8	
17	0	15	140	63	8	
18	0	15	140	63	8	
19	0	15	140	63	8	
20	0	15	140	63	8	
21	0	15	140	63	8	
22	0	15	140	63	8	
23	0	15	140	63	8	
24	0	15	140	63	8	
25	0	15	140	63	8	
26	0	15	140	63	8	
27	0	15	140	63	8	
28	0	15	140	63	8	
29	0	15	140	63	8	
30	0	15	140	63	8	
31	0	15	140	63	8	
32	0	15	140	63	8	
33	0	15	140	63	8	
34	0	15	140	63	8	
35	0	15	140	63	8	
36	0	15	140	63	8	
37	0	15	140	63	8	
38	0	15	140	63	8	
39	0	15	140	63	8	
40	0	15	140	63	8	
41	0	15	140	63	8	
42	0	15	140	63	8	
43	0	15	140	63	8	
44	0	15	140	63	8	
45	0	15	140	63	8	
46	0	15	140	63	8	
47	0	15	140	63	8	
48	0	15	140	63	8	
49	0	15	140	63	8	
50	0	15	140	63	8	
51	0	15	140	63	8	
52	0	15	140	63	8	
53	0	15	140	63	8	
54	0	15	140	63	8	
55	0	15	140	63	8	
56	0	15	140	63	8	
57	0	15	140	63	8	
58	0	15	140	63	8	
59	0	15	140	63	8	
60	0	15	140	63	8	
61	0	15	140	63	8	
62	0	15	140	63	8	
63	0	15	140	63	8	
64	0	15	140	63	8	
65	0	15	140	63	8	
66	0	15	140	63	8	
67	0	15	140	63	8	
68	0	15	140	63	8	
69	0	15	140	63	8	
70	0	15	140	63	8	
71	0	15	140	63	8	
72	0	15	140	63	8	
73	0	15	140	63	8	
74	0	15	140	63	8	
75	0	15	140	63	8	
76	0	15	140	63	8	
77	0	15	140	63	8	
78	0	15	140	63	8	
79	0	15	140	63	8	
80	0	15	140	63	8	
81	0	15	140	63	8	
82	0	15	140	63	8	
83	0	15	140	63	8	
84	0	15	140	63	8	
85	0	15	140	63	8	
86	0	15	140	63	8	
87	0	15	140	63	8	
88	0	15	140	63	8	
89	0	15	140	63	8	
90	0	15	140	63	8	
91	0	15	140	63	8	
92	0	15	140	63	8	
93	0	15	140	63	8	
94	0	15	140	63	8	
95	0	15	140	63	8	
96	0	15	140	63	8	
97	0	15	140	63	8	
98	0	15	140	63	8	
99	0	15	140	63	8	
100	0	15	140	63	8	
101	0	15	140	63	8	
102	0	15	140	63	8	
103	0	15	140	63	8	
104	0	15	140	63	8	
105	0	15	140	63	8	
106	0	15	140	63	8	
107	0	15	140	63	8	
108	0	15	140	63	8	
109	0	15	140	63	8	
110	0	15	140	63	8	
111	0	15	140	63	8	
112	0	15	140	63	8	
113	0	15	140	63	8	
114	0	15	140	63	8	
115	0	15	140	63	8	
116	0	15	140	63	8	
117	0	15	140	63	8	
118	0	15	140	63	8	
119	0	15	140	63	8	
120	0	15	140	63	8	
121	0	15	140	63	8	
122	0	15	140	63	8	
123	0	15	140	63	8	
124	0	15	140	63	8	
125	0	15	140	63	8	
126	0	15	140	63	8	
127	0	15	140	63	8	
128	0	15	140	63	8	
129	0	15	140	63	8	
130	0	15	140	63	8	
131	0	15	140	63	8	
132	0	15	140	63	8	
133	0	15	140	63	8	
134	0	15	140	63	8	
135	0	15	140	63	8	
136	0	15	140	63	8	
137	0	15	140	63	8	
138	0	15	140	63	8	
139	0	15	140	63	8	
140	0	15	140	63	8	
141	0	15	140	63	8	
142	0	15	140	63	8	
143	0	15	140	63	8	
144	0	15	140	63	8	
145	0	15	140	63	8	
146	0	15	140	63	8	
147	0	15	140	63	8	
148	0	15	140	63	8	
149	0	15	140	63	8	
