0	0.02000
1	0.02000
2	0.02500
3	0.02500
4	0.03000
5	0.03000
6	0.03000
7	0.03000
8	0.03000
9	0.03000
10	0.03500
11	0.03500
12	0.04000
13	0.04000
14	0.04000
15	0.05000
16	0.05000
17	0.06000
18	0.07000
19	0.07000
20	0.07500
21	0.08000
22	0.09000
23	0.09500
24	0.09500
25	0.11000
26	0.12500
27	0.13000
28	0.14000
29	0.14500
30	0.16000
31	0.16500
32	0.17000
33	0.17500
34	0.17500
35	0.18000
36	0.19500
37	0.22000
38	0.22500
39	0.23500
40	0.24000
41	0.24500
42	0.25000
43	0.26000
44	0.26500
45	0.27000
46	0.27000
47	0.28500
48	0.29000
49	0.29000
50	0.29000
51	0.29500
52	0.31000
53	0.33000
54	0.35500
55	0.36000
56	0.38000
57	0.39000
58	0.40500
59	0.42500
60	0.43500
61	0.46000
62	0.47500
63	0.47500
64	0.48500
65	0.48500
66	0.49000
67	0.49000
68	0.50500
69	0.51000
70	0.52500
71	0.53500
72	0.54000
73	0.54500
74	0.57500
75	0.58500
76	0.58500
77	0.60500
78	0.63000
79	0.63500
80	0.65500
81	0.67000
82	0.69000
83	0.69500
84	0.70000
85	0.70500
86	0.72500
87	0.72500
88	0.74000
89	0.75000
90	0.76500
91	0.78000
92	0.79000
93	0.79500
94	0.80000
95	0.82000
96	0.82000
97	0.84000
98	0.84000
99	0.84500
100	0.85500
101	0.86500
102	0.87000
103	0.87000
104	0.87500
105	0.88000
106	0.88000
107	0.89000
108	0.89500
109	0.89500
110	0.90000
111	0.90000
112	0.90000
113	0.90000
114	0.90000
115	0.90000
116	0.90500
117	0.90500
118	0.91000
119	0.92000
120	0.92500
121	0.93000
122	0.93000
123	0.93500
124	0.93500
125	0.94500
126	0.94500
127	0.94500
128	0.95000
129	0.95000
130	0.95000
131	0.95000
132	0.95000
133	0.95000
134	0.95000
135	0.95000
136	0.95000
137	0.95000
138	0.95000
139	0.95000
140	0.95500
141	0.95500
142	0.95500
143	0.95500
144	0.95500
145	0.96000
146	0.96000
147	0.96000
148	0.97000
149	0.97000
150	0.97000
151	0.97000
152	0.97000
153	0.97000
154	0.97500
155	0.97500
156	0.97500
157	0.97500
158	0.97500
159	0.97500
160	0.97500
161	0.98000
162	0.98000
163	0.98000
164	0.98000
165	0.98000
166	0.98000
167	0.98000
168	0.98000
169	0.98000
170	0.98000
171	0.98000
172	0.98000
173	0.98000
174	0.98000
175	0.98000
176	0.98000
177	0.98000
178	0.98000
179	0.98000
180	0.98000
181	0.98000
182	0.98000
183	0.98000
184	0.98000
185	0.98000
186	0.98000
187	0.98000
188	0.98000
189	0.98000
190	0.98000
191	0.98000
192	0.98000
193	0.98000
194	0.98000
195	0.98000
196	0.98000
197	0.98000
198	0.98000
199	0.98000
200	0.98000
201	0.98000
202	0.98000
203	0.98000
204	0.98000
205	0.98000
206	0.98000
207	0.98000
208	0.98000
209	0.98000
210	0.98000
211	0.98000
212	0.98000
213	0.98000
214	0.98000
215	0.98000
216	0.98000
217	0.98000
218	0.98000
219	0.98000
220	0.98000
221	0.98000
222	0.98000
223	0.98000
224	0.98000
225	0.98000
226	0.98000
227	0.98000
228	0.98000
229	0.98000
230	0.98000
231	0.98000
232	0.98000
233	0.98000
234	0.98000
235	0.98000
236	0.98000
237	0.98000
238	0.98000
239	0.98000
240	0.98000
241	0.98000
242	0.98000
243	0.98000
244	0.98000
245	0.98000
246	0.98000
247	0.98000
248	0.98000
249	0.98000
250	0.98000
251	0.98000
252	0.98000
253	0.98000
254	0.98000
255	0.98000
256	0.98000
257	0.98000
258	0.98000
259	0.98000
260	0.98000
261	0.98000
262	0.98000
263	0.98000
264	0.98000
265	0.98000
266	0.98000
267	0.98000
268	0.98000
269	0.98000
270	0.98000
271	0.98000
272	0.98000
273	0.98000
274	0.98000
275	0.98000
276	0.98000
277	0.98000
278	0.98000
279	0.98000
280	0.98000
281	0.98000
282	0.98000
283	0.98000
284	0.98000
285	0.98000
286	0.98000
287	0.98000
288	0.98000
289	0.98000
290	0.98000
291	0.98000
292	0.98000
293	0.98000
294	0.98000
295	0.98000
296	0.98000
297	0.98000
298	0.98000
299	0.98000
300	0.98000
301	0.98000
302	0.98000
303	0.98000
304	0.98000
305	0.98000
306	0.98000
307	0.98000
308	0.98000
309	0.98000
310	0.98000
311	0.98000
312	0.98000
313	0.98000
314	0.98000
315	0.98000
316	0.98000
317	0.98000
318	0.98000
319	0.98000
320	0.98000
321	0.98000
322	0.98000
323	0.98000
324	0.98000
325	0.98000
326	0.98000
327	0.98000
328	0.98000
329	0.98000
330	0.98000
331	0.98000
332	0.98000
333	0.98000
334	0.98000
335	0.98000
336	0.98000
337	0.98000
338	0.98000
339	0.98000
340	0.98000
341	0.98000
342	0.98000
343	0.98000
344	0.98000
345	0.98000
346	0.98000
347	0.98000
348	0.98000
349	0.98000
350	0.98000
351	0.98000
352	0.98000
353	0.98000
354	0.98000
355	0.98000
356	0.98000
357	0.98000
358	0.98000
359	0.98000
360	0.98000
361	0.98000
362	0.98000
363	0.98000
364	0.98000
365	0.98000
366	0.98000
367	0.98000
368	0.98000
369	0.98000
370	0.98000
371	0.98000
372	0.98000
373	0.98000
374	0.98000
375	0.98000
376	0.98000
377	0.98000
378	0.98000
379	0.98000
380	0.98000
381	0.98000
382	0.98000
383	0.98000
384	0.98000
385	0.98000
386	0.98000
387	0.98000
388	0.98000
389	0.98000
390	0.98000
391	0.98000
392	0.98000
393	0.98000
394	0.98000
395	0.98000
396	0.98000
397	0.98000
398	0.98000
399	0.98000
400	0.98000
401	0.98000
402	0.98000
403	0.98000
404	0.98000
405	0.98000
406	0.98000
407	0.98000
408	0.98000
409	0.98000
410	0.98000
411	0.98000
412	0.98000
413	0.98000
414	0.98000
415	0.98000
416	0.98000
417	0.98000
418	0.98000
419	0.98000
420	0.98000
421	0.98000
422	0.98000
423	0.98000
424	0.98000
425	0.98000
426	0.98000
427	0.98000
428	0.98000
429	0.98000
430	0.98000
431	0.98000
432	0.98000
433	0.98000
434	0.98000
435	0.98000
436	0.98000
437	0.98000
438	0.98000
439	0.98000
440	0.98000
441	0.98000
442	0.98000
443	0.98000
444	0.98000
445	0.98000
446	0.98000
447	0.98000
448	0.98000
449	0.98000
450	0.98000
451	0.98000
452	0.98000
453	0.98000
454	0.98000
455	0.98000
456	0.98000
457	0.98000
458	0.98000
459	0.98000
460	0.98000
461	0.98000
462	0.98000
463	0.98000
464	0.98000
465	0.98000
466	0.98000
467	0.98000
468	0.98000
469	0.98000
470	0.98000
471	0.98000
472	0.98000
473	0.98000
474	0.98000
475	0.98000
476	0.98000
477	0.98000
478	0.98000
479	0.98000
480	0.98000
481	0.98000
482	0.98000
483	0.98000
484	0.98000
485	0.98000
486	0.98000
487	0.98000
488	0.98000
489	0.98000
490	0.98000
491	0.98000
492	0.98000
493	0.98000
494	0.98000
495	0.98000
496	0.98000
497	0.98000
498	0.98000
499	0.98000
