0	0.02000
1	0.02000
2	0.02000
3	0.02000
4	0.02000
5	0.02500
6	0.02500
7	0.02500
8	0.02500
9	0.03000
10	0.03500
11	0.03500
12	0.03500
13	0.04000
14	0.04000
15	0.04000
16	0.04000
17	0.04000
18	0.04000
19	0.04000
20	0.04000
21	0.04000
22	0.04000
23	0.04000
24	0.04000
25	0.04000
26	0.04000
27	0.04000
28	0.04500
29	0.04500
30	0.04500
31	0.05000
32	0.05000
33	0.05000
34	0.05000
35	0.05000
36	0.05000
37	0.05000
38	0.05000
39	0.05000
40	0.05000
41	0.05000
42	0.05000
43	0.05500
44	0.05500
45	0.06000
46	0.06000
47	0.06000
48	0.06000
49	0.06000
50	0.06000
51	0.06500
52	0.06500
53	0.07000
54	0.07000
55	0.08000
56	0.08000
57	0.08000
58	0.08000
59	0.08000
60	0.08000
61	0.08000
62	0.08500
63	0.08500
64	0.09500
65	0.09500
66	0.09500
67	0.09500
68	0.09500
69	0.10000
70	0.10000
71	0.10500
72	0.11000
73	0.11500
74	0.11500
75	0.12000
76	0.12000
77	0.12500
78	0.12500
79	0.13500
80	0.13500
81	0.13500
82	0.14500
83	0.14500
84	0.14500
85	0.15000
86	0.15500
87	0.16000
88	0.16500
89	0.17000
90	0.17500
91	0.17500
92	0.18500
93	0.19000
94	0.19000
95	0.19000
96	0.20000
97	0.20000
98	0.20500
99	0.21000
100	0.21000
101	0.21000
102	0.21500
103	0.22000
104	0.22500
105	0.22500
106	0.22500
107	0.23000
108	0.23000
109	0.23500
110	0.24000
111	0.24500
112	0.24500
113	0.25000
114	0.25000
115	0.25500
116	0.25500
117	0.25500
118	0.25500
119	0.26000
120	0.26500
121	0.27000
122	0.28000
123	0.28000
124	0.28000
125	0.28000
126	0.28000
127	0.28000
128	0.28000
129	0.28000
130	0.28500
131	0.28500
132	0.30000
133	0.30000
134	0.30500
135	0.31000
136	0.31500
137	0.31500
138	0.32000
139	0.33500
140	0.34000
141	0.34500
142	0.35000
143	0.35000
144	0.35000
145	0.35000
146	0.36000
147	0.36000
148	0.36500
149	0.36500
