0	0.00200
1	0.00320
2	0.00620
3	0.01600
4	0.03340
5	0.07220
6	0.14560
7	0.27560
8	0.46400
9	0.66060
10	0.82100
11	0.91240
12	0.95880
13	0.97680
14	0.98280
15	0.98640
16	0.98800
17	0.98860
18	0.98860
19	0.98880
20	0.98880
21	0.98880
22	0.98900
23	0.98900
24	0.98900
25	0.98900
26	0.98940
27	0.98940
28	0.98940
29	0.98940
30	0.98940
31	0.98940
32	0.98940
33	0.98940
34	0.98940
35	0.98940
36	0.98940
37	0.98940
38	0.98940
39	0.98940
40	0.98940
41	0.98940
42	0.98940
43	0.98940
44	0.98940
45	0.98940
46	0.98940
47	0.98940
48	0.98940
49	0.98940
50	0.98940
51	0.98940
52	0.98940
53	0.98940
54	0.98940
55	0.98940
56	0.98940
57	0.98940
58	0.98940
59	0.98940
60	0.98940
61	0.98940
62	0.98940
63	0.98940
64	0.98940
65	0.98940
66	0.98940
67	0.98940
68	0.98940
69	0.98940
70	0.98940
71	0.98940
72	0.98940
73	0.98940
74	0.98940
75	0.98940
76	0.98940
77	0.98940
78	0.98940
79	0.98940
80	0.98940
81	0.98940
82	0.98940
83	0.98940
84	0.98940
85	0.98940
86	0.98940
87	0.98940
88	0.98940
89	0.98940
90	0.98940
91	0.98940
92	0.98940
93	0.98940
94	0.98940
95	0.98940
96	0.98940
97	0.98940
98	0.98940
99	0.98940
100	0.98940
101	0.98940
102	0.98940
103	0.98940
104	0.98940
105	0.98940
106	0.98940
107	0.98940
108	0.98940
109	0.98940
110	0.98940
111	0.98940
112	0.98940
113	0.98940
114	0.98940
115	0.98940
116	0.98940
117	0.98940
118	0.98940
119	0.98940
120	0.98940
121	0.98940
122	0.98940
123	0.98940
124	0.98940
125	0.98940
126	0.98940
127	0.98940
128	0.98940
129	0.98940
130	0.98940
131	0.98940
132	0.98940
133	0.98940
134	0.98940
135	0.98940
136	0.98940
137	0.98940
138	0.98940
139	0.98940
140	0.98940
141	0.98940
142	0.98940
143	0.98940
144	0.98940
145	0.98940
146	0.98940
147	0.98940
148	0.98940
149	0.98940
150	0.98940
151	0.98940
152	0.98940
153	0.98940
154	0.98940
155	0.98940
156	0.98940
157	0.98940
158	0.98940
159	0.98940
160	0.98940
161	0.98940
162	0.98940
163	0.98940
164	0.98940
165	0.98940
166	0.98940
167	0.98940
168	0.98940
169	0.98940
170	0.98940
171	0.98940
172	0.98940
173	0.98940
174	0.98940
175	0.98940
176	0.98940
177	0.98940
178	0.98940
179	0.98940
180	0.98940
181	0.98940
182	0.98940
183	0.98940
184	0.98940
185	0.98940
186	0.98940
187	0.98940
188	0.98940
189	0.98940
190	0.98940
191	0.98940
192	0.98940
193	0.98940
194	0.98940
195	0.98940
196	0.98940
197	0.98940
198	0.98940
199	0.98940
