0	0.00000
1	0.00000
2	0.00000
3	0.08812
4	0.34899
5	0.90814
6	1.26896
7	1.74749
8	2.08593
9	2.36042
10	2.48224
11	2.33386
12	2.08922
13	1.76064
14	1.49392
15	1.21127
16	1.03492
17	0.89614
18	0.79923
19	0.72868
20	0.65876
21	0.60353
22	0.56440
23	0.52433
24	0.49118
25	0.44921
26	0.42282
27	0.39953
28	0.37849
29	0.35964
30	0.34306
31	0.32655
32	0.31216
33	0.29893
34	0.28742
35	0.27743
36	0.26646
37	0.25725
38	0.24866
39	0.24051
40	0.23307
41	0.22578
42	0.21959
43	0.21337
44	0.20747
45	0.20178
46	0.19646
47	0.19154
48	0.18678
49	0.18307
50	0.17823
51	0.17399
52	0.17052
53	0.16671
54	0.16292
55	0.15824
56	0.15525
57	0.15258
58	0.14950
59	0.14676
60	0.14418
61	0.14117
62	0.13893
63	0.13653
64	0.13385
65	0.13193
66	0.12945
67	0.12760
68	0.12561
69	0.12409
70	0.12122
71	0.12006
72	0.11795
73	0.11630
74	0.11505
75	0.11277
76	0.11145
77	0.11040
78	0.10887
79	0.10666
80	0.10575
81	0.10458
82	0.10304
83	0.10163
84	0.10081
85	0.09939
86	0.09824
87	0.09684
88	0.09613
89	0.09468
90	0.09394
91	0.09303
92	0.09150
93	0.09080
94	0.08991
95	0.08902
96	0.08782
97	0.08681
98	0.08584
99	0.08528
100	0.08454
101	0.08409
102	0.08300
103	0.08194
104	0.08075
105	0.08036
106	0.07976
107	0.07928
108	0.07858
109	0.07783
110	0.07723
111	0.07616
112	0.07538
113	0.07461
114	0.07411
115	0.07405
116	0.07356
117	0.07256
118	0.07202
119	0.07124
120	0.07068
121	0.07019
122	0.06968
123	0.06922
124	0.06887
125	0.06839
126	0.06756
127	0.06718
128	0.06689
129	0.06597
130	0.06550
131	0.06524
132	0.06487
133	0.06449
134	0.06393
135	0.06358
136	0.06294
137	0.06262
138	0.06220
139	0.06184
140	0.06147
141	0.06127
142	0.06066
143	0.06026
144	0.05970
145	0.05949
146	0.05924
147	0.05879
148	0.05861
149	0.05788
150	0.05771
151	0.05749
152	0.05719
153	0.05700
154	0.05636
155	0.05586
156	0.05542
157	0.05519
158	0.05509
159	0.05502
160	0.05469
161	0.05411
162	0.05393
163	0.05333
164	0.05324
165	0.05305
166	0.05296
167	0.05251
168	0.05214
169	0.05214
170	0.05176
171	0.05157
172	0.05144
173	0.05109
174	0.05088
175	0.05061
176	0.05013
177	0.04998
178	0.04971
179	0.04935
180	0.04906
181	0.04861
182	0.04836
183	0.04813
184	0.04795
185	0.04791
186	0.04786
187	0.04771
188	0.04733
189	0.04730
190	0.04722
191	0.04705
192	0.04683
193	0.04664
194	0.04653
195	0.04628
196	0.04604
197	0.04604
198	0.04589
199	0.04547
