0	0.00500
1	0.01000
2	0.01750
3	0.02750
4	0.04350
5	0.07150
6	0.11950
7	0.18900
8	0.27150
9	0.36800
10	0.44050
11	0.51050
12	0.55800
13	0.60000
14	0.63350
15	0.66400
16	0.68300
17	0.69600
18	0.71450
19	0.72150
20	0.72950
21	0.73400
22	0.73600
23	0.73850
24	0.74000
25	0.74350
26	0.74400
27	0.74500
28	0.74550
29	0.74650
30	0.74750
31	0.74850
32	0.74850
33	0.74850
34	0.74850
35	0.74850
36	0.74900
37	0.74900
38	0.74950
39	0.74950
40	0.74950
41	0.74950
42	0.74950
43	0.74950
44	0.74950
45	0.75000
46	0.75000
47	0.75000
48	0.75000
49	0.75000
50	0.75000
51	0.75000
52	0.75000
53	0.75000
54	0.75000
55	0.75000
56	0.75000
57	0.75000
58	0.75000
59	0.75000
60	0.75000
61	0.75000
62	0.75000
63	0.75000
64	0.75000
65	0.75050
66	0.75050
67	0.75050
68	0.75050
69	0.75050
70	0.75050
71	0.75050
72	0.75050
73	0.75050
74	0.75050
75	0.75050
76	0.75050
77	0.75050
78	0.75050
79	0.75050
80	0.75050
81	0.75050
82	0.75050
83	0.75050
84	0.75050
85	0.75050
86	0.75050
87	0.75050
88	0.75050
89	0.75050
90	0.75050
91	0.75050
92	0.75050
93	0.75050
94	0.75050
95	0.75050
96	0.75050
97	0.75050
98	0.75050
99	0.75050
