0	0	0	0	0	0	
1	748	0	0	0	0	
2	744	0	0	0	0	
3	734	0	0	0	0	
4	711	13	0	0	0	
5	613	86	3	0	0	
6	169	421	78	3	0	
7	68	127	361	68	3	
8	39	38	109	340	70	
9	34	19	21	103	392	
10	26	14	10	18	485	
11	19	12	6	8	490	
12	15	11	5	6	490	
13	11	11	5	6	488	
14	7	11	5	6	488	
15	4	9	5	6	487	
16	4	8	5	5	486	
17	4	7	5	5	486	
18	3	6	5	5	485	
19	2	6	5	5	485	
20	0	5	5	5	485	
21	0	5	5	5	485	
22	0	4	5	5	485	
23	0	4	5	5	485	
24	0	4	5	5	485	
25	0	4	5	5	485	
26	0	4	5	5	485	
27	0	4	5	5	485	
28	0	4	5	5	485	
29	0	4	5	5	485	
30	0	4	5	5	485	
31	0	4	5	5	485	
32	0	4	5	5	485	
33	0	4	5	5	485	
34	0	4	5	5	485	
35	0	4	5	5	485	
36	0	4	5	5	485	
37	0	4	5	5	485	
38	0	4	5	5	485	
39	0	4	5	5	485	
40	0	4	5	5	485	
41	0	4	5	5	485	
42	0	4	5	5	485	
43	0	4	5	5	485	
44	0	4	5	5	485	
45	0	4	5	5	485	
46	0	4	5	5	485	
47	0	4	5	5	485	
48	0	4	5	5	485	
49	0	4	5	5	485	
50	0	4	5	5	485	
51	0	4	5	5	485	
52	0	4	5	5	485	
53	0	4	5	5	485	
54	0	4	5	5	485	
55	0	4	5	5	485	
56	0	4	5	5	485	
57	0	4	5	5	485	
58	0	4	5	5	485	
59	0	4	5	5	485	
60	0	4	5	5	485	
61	0	4	5	5	485	
62	0	4	5	5	485	
63	0	4	5	5	485	
64	0	4	5	5	485	
65	0	4	5	5	485	
66	0	4	5	5	485	
67	0	4	5	5	485	
68	0	4	5	5	485	
69	0	4	5	5	485	
70	0	4	5	5	485	
71	0	4	5	5	485	
72	0	4	5	5	485	
73	0	4	5	5	485	
74	0	4	5	5	485	
75	0	4	5	5	485	
76	0	4	5	5	485	
77	0	4	5	5	485	
78	0	4	5	5	485	
79	0	4	5	5	485	
80	0	4	5	5	485	
81	0	4	5	5	485	
82	0	4	5	5	485	
83	0	4	5	5	485	
84	0	4	5	5	485	
85	0	4	5	5	485	
86	0	4	5	5	485	
87	0	4	5	5	485	
88	0	4	5	5	485	
89	0	4	5	5	485	
90	0	4	5	5	485	
91	0	4	5	5	485	
92	0	4	5	5	485	
93	0	4	5	5	485	
94	0	4	5	5	485	
95	0	4	5	5	485	
96	0	4	5	5	485	
97	0	4	5	5	485	
98	0	4	5	5	485	
99	0	4	5	5	485	
