0	0.00000
1	0.00050
2	0.00100
3	0.00000
4	0.00000
5	0.00000
6	0.00050
7	0.00050
8	0.00050
9	0.00200
10	0.00250
11	0.00050
12	0.00250
13	0.00250
14	0.00350
15	0.00050
16	0.00450
17	0.00200
18	0.00400
19	0.00450
20	0.00500
21	0.00600
22	0.00600
23	0.00950
24	0.00650
25	0.00900
26	0.01000
27	0.01000
28	0.00900
29	0.00900
30	0.01050
31	0.00950
32	0.01550
33	0.01500
34	0.01800
35	0.02450
36	0.01400
37	0.02400
38	0.02100
39	0.01950
40	0.02400
41	0.02500
42	0.02300
43	0.03100
44	0.02700
45	0.02700
46	0.03000
47	0.02800
48	0.02650
49	0.01900
50	0.02450
51	0.02300
52	0.01800
53	0.02300
54	0.02750
55	0.02650
56	0.02200
57	0.02200
58	0.02500
59	0.01550
60	0.01050
61	0.01150
62	0.01350
63	0.00900
64	0.01200
65	0.01000
66	0.00850
67	0.00800
68	0.00850
69	0.00800
70	0.00350
71	0.00550
72	0.00400
73	0.00350
74	0.00600
75	0.00200
76	0.00100
77	0.00100
78	0.00200
79	0.00350
80	0.00350
81	0.00150
82	0.00050
83	0.00050
84	0.00150
85	0.00150
86	0.00000
87	0.00200
88	0.00100
89	0.00000
90	0.00050
91	0.00150
92	0.00000
93	0.00050
94	0.00000
95	0.00000
96	0.00000
97	0.00050
98	0.00050
99	0.00050
100	0.00050
101	0.00050
102	0.00000
103	0.00050
104	0.00000
105	0.00000
106	0.00000
107	0.00100
108	0.00000
109	0.00000
110	0.00000
111	0.00000
112	0.00000
113	0.00000
114	0.00000
115	0.00000
116	0.00000
117	0.00000
118	0.00000
119	0.00000
120	0.00000
121	0.00000
122	0.00000
123	0.00000
124	0.00000
125	0.00000
126	0.00000
127	0.00000
128	0.00000
129	0.00000
130	0.00000
131	0.00000
132	0.00000
133	0.00000
134	0.00000
135	0.00000
136	0.00000
137	0.00000
138	0.00000
139	0.00000
140	0.00000
141	0.00000
142	0.00000
143	0.00000
144	0.00000
145	0.00000
146	0.00000
147	0.00000
148	0.00000
149	0.00000
