0	0.00500
1	0.00550
2	0.00650
3	0.00650
4	0.00650
5	0.00650
6	0.00700
7	0.00750
8	0.00800
9	0.01000
10	0.01250
11	0.01300
12	0.01550
13	0.01800
14	0.02150
15	0.02200
16	0.02650
17	0.02850
18	0.03250
19	0.03700
20	0.04200
21	0.04800
22	0.05400
23	0.06350
24	0.07000
25	0.07900
26	0.08900
27	0.09900
28	0.10800
29	0.11700
30	0.12750
31	0.13700
32	0.15250
33	0.16750
34	0.18550
35	0.21000
36	0.22400
37	0.24800
38	0.26900
39	0.28850
40	0.31250
41	0.33750
42	0.36050
43	0.39150
44	0.41850
45	0.44550
46	0.47550
47	0.50350
48	0.53000
49	0.54900
50	0.57350
51	0.59650
52	0.61450
53	0.63750
54	0.66500
55	0.69150
56	0.71350
57	0.73550
58	0.76050
59	0.77600
60	0.78650
61	0.79800
62	0.81150
63	0.82050
64	0.83250
65	0.84250
66	0.85100
67	0.85900
68	0.86750
69	0.87550
70	0.87900
71	0.88450
72	0.88850
73	0.89200
74	0.89800
75	0.90000
76	0.90100
77	0.90200
78	0.90400
79	0.90750
80	0.91100
81	0.91250
82	0.91300
83	0.91350
84	0.91500
85	0.91650
86	0.91650
87	0.91850
88	0.91950
89	0.91950
90	0.92000
91	0.92150
92	0.92150
93	0.92200
94	0.92200
95	0.92200
96	0.92200
97	0.92250
98	0.92300
99	0.92350
100	0.92400
101	0.92450
102	0.92450
103	0.92500
104	0.92500
105	0.92500
106	0.92500
107	0.92600
108	0.92600
109	0.92600
110	0.92600
111	0.92600
112	0.92600
113	0.92600
114	0.92600
115	0.92600
116	0.92600
117	0.92600
118	0.92600
119	0.92600
120	0.92600
121	0.92600
122	0.92600
123	0.92600
124	0.92600
125	0.92600
126	0.92600
127	0.92600
128	0.92600
129	0.92600
130	0.92600
131	0.92600
132	0.92600
133	0.92600
134	0.92600
135	0.92600
136	0.92600
137	0.92600
138	0.92600
139	0.92600
140	0.92600
141	0.92600
142	0.92600
143	0.92600
144	0.92600
145	0.92600
146	0.92600
147	0.92600
148	0.92600
149	0.92600
