0	0.00000
1	0.00100
2	0.00100
3	0.00300
4	0.00150
5	0.00350
6	0.00450
7	0.00450
8	0.00250
9	0.00500
10	0.00350
11	0.00500
12	0.00750
13	0.01050
14	0.01150
15	0.00850
16	0.00900
17	0.01700
18	0.01700
19	0.01700
20	0.02150
21	0.02350
22	0.02200
23	0.02350
24	0.02050
25	0.03350
26	0.02650
27	0.03100
28	0.03650
29	0.03250
30	0.03000
31	0.03300
32	0.02900
33	0.02200
34	0.02850
35	0.03000
36	0.01900
37	0.01650
38	0.01700
39	0.01400
40	0.01700
41	0.01150
42	0.01150
43	0.01250
44	0.00450
45	0.00550
46	0.00700
47	0.00350
48	0.00600
49	0.00350
50	0.00500
51	0.00250
52	0.00250
53	0.00500
54	0.00100
55	0.00150
56	0.00250
57	0.00100
58	0.00200
59	0.00050
60	0.00100
61	0.00150
62	0.00100
63	0.00100
64	0.00000
65	0.00050
66	0.00050
67	0.00100
68	0.00000
69	0.00000
70	0.00000
71	0.00000
72	0.00000
73	0.00000
74	0.00000
75	0.00000
76	0.00100
77	0.00000
78	0.00050
79	0.00000
80	0.00000
81	0.00000
82	0.00000
83	0.00050
84	0.00000
85	0.00000
86	0.00000
87	0.00000
88	0.00000
89	0.00000
90	0.00000
91	0.00000
92	0.00000
93	0.00000
94	0.00000
95	0.00000
96	0.00000
97	0.00000
98	0.00000
99	0.00000
100	0.00000
101	0.00000
102	0.00000
103	0.00000
104	0.00000
105	0.00000
106	0.00000
107	0.00000
108	0.00000
109	0.00000
110	0.00000
111	0.00000
112	0.00000
113	0.00000
114	0.00000
115	0.00000
116	0.00000
117	0.00000
118	0.00000
119	0.00000
120	0.00000
121	0.00000
122	0.00000
123	0.00000
124	0.00000
125	0.00000
126	0.00000
127	0.00000
128	0.00000
129	0.00000
130	0.00000
131	0.00000
132	0.00000
133	0.00000
134	0.00000
135	0.00000
136	0.00000
137	0.00000
138	0.00000
139	0.00000
140	0.00000
141	0.00000
142	0.00000
143	0.00000
144	0.00000
145	0.00000
146	0.00000
147	0.00000
148	0.00000
149	0.00000
150	0.00000
151	0.00000
152	0.00000
153	0.00000
154	0.00000
155	0.00000
156	0.00000
157	0.00000
158	0.00000
159	0.00000
160	0.00000
161	0.00000
162	0.00000
163	0.00000
164	0.00000
165	0.00000
166	0.00000
167	0.00000
168	0.00000
169	0.00000
170	0.00000
171	0.00000
172	0.00000
173	0.00000
174	0.00000
175	0.00000
176	0.00000
177	0.00000
178	0.00000
179	0.00000
