0	0.00000
1	0.00150
2	0.00050
3	0.00000
4	0.00100
5	0.00100
6	0.00200
7	0.00200
8	0.00200
9	0.00100
10	0.00150
11	0.00150
12	0.00100
13	0.00050
14	0.00100
15	0.00300
16	0.00050
17	0.00250
18	0.00450
19	0.00300
20	0.00200
21	0.00500
22	0.00700
23	0.00800
24	0.00350
25	0.00800
26	0.00400
27	0.00650
28	0.00550
29	0.00500
30	0.01000
31	0.01300
32	0.00750
33	0.01200
34	0.01400
35	0.01350
36	0.01000
37	0.01050
38	0.01150
39	0.01350
40	0.01400
41	0.01600
42	0.01250
43	0.01100
44	0.01950
45	0.01400
46	0.00950
47	0.01800
48	0.01400
49	0.01900
50	0.01700
51	0.01500
52	0.01500
53	0.01600
54	0.02100
55	0.01900
56	0.01450
57	0.01350
58	0.01700
59	0.01550
60	0.01150
61	0.01450
62	0.01650
63	0.01550
64	0.01350
65	0.01850
66	0.01900
67	0.01450
68	0.01350
69	0.01300
70	0.01150
71	0.01100
72	0.01100
73	0.01350
74	0.01050
75	0.01150
76	0.00750
77	0.01100
78	0.01000
79	0.00850
80	0.00800
81	0.00800
82	0.00750
83	0.01150
84	0.00900
85	0.00850
86	0.00750
87	0.00500
88	0.00800
89	0.00900
90	0.00350
91	0.00650
92	0.00600
93	0.00600
94	0.00700
95	0.00450
96	0.00700
97	0.00400
98	0.00250
99	0.00450
100	0.00450
101	0.00200
102	0.00550
103	0.00350
104	0.00150
105	0.00250
106	0.00100
107	0.00400
108	0.00200
109	0.00250
110	0.00250
111	0.00200
112	0.00150
113	0.00150
114	0.00350
115	0.00250
116	0.00150
117	0.00100
118	0.00300
119	0.00050
120	0.00100
121	0.00300
122	0.00150
123	0.00100
124	0.00100
125	0.00250
126	0.00050
127	0.00150
128	0.00100
129	0.00100
130	0.00050
131	0.00100
132	0.00050
133	0.00050
134	0.00150
135	0.00100
136	0.00000
137	0.00050
138	0.00000
139	0.00050
140	0.00100
141	0.00050
142	0.00050
143	0.00000
144	0.00100
145	0.00000
146	0.00100
147	0.00050
148	0.00150
149	0.00050
150	0.00050
151	0.00050
152	0.00050
153	0.00050
154	0.00100
155	0.00050
156	0.00000
157	0.00100
158	0.00050
159	0.00050
160	0.00050
161	0.00000
162	0.00100
163	0.00050
164	0.00050
165	0.00000
166	0.00000
167	0.00000
168	0.00000
169	0.00000
170	0.00000
171	0.00050
172	0.00000
173	0.00000
174	0.00000
175	0.00000
176	0.00000
177	0.00000
178	0.00050
179	0.00050
