0	0.00500
1	0.00650
2	0.00700
3	0.00700
4	0.00800
5	0.00900
6	0.01100
7	0.01300
8	0.01500
9	0.01600
10	0.01750
11	0.01900
12	0.02000
13	0.02050
14	0.02150
15	0.02450
16	0.02500
17	0.02750
18	0.03200
19	0.03500
20	0.03700
21	0.04200
22	0.04900
23	0.05700
24	0.06050
25	0.06850
26	0.07250
27	0.07900
28	0.08450
29	0.08950
30	0.09950
31	0.11250
32	0.12000
33	0.13200
34	0.14600
35	0.15950
36	0.16950
37	0.18000
38	0.19150
39	0.20500
40	0.21900
41	0.23500
42	0.24750
43	0.25850
44	0.27800
45	0.29200
46	0.30150
47	0.31950
48	0.33350
49	0.35250
50	0.36950
51	0.38450
52	0.39950
53	0.41550
54	0.43650
55	0.45550
56	0.47000
57	0.48350
58	0.50050
59	0.51600
60	0.52750
61	0.54200
62	0.55850
63	0.57400
64	0.58750
65	0.60600
66	0.62500
67	0.63950
68	0.65300
69	0.66600
70	0.67750
71	0.68850
72	0.69950
73	0.71300
74	0.72350
75	0.73500
76	0.74250
77	0.75350
78	0.76350
79	0.77200
80	0.78000
81	0.78800
82	0.79550
83	0.80700
84	0.81600
85	0.82450
86	0.83200
87	0.83700
88	0.84500
89	0.85400
90	0.85750
91	0.86400
92	0.87000
93	0.87600
94	0.88300
95	0.88750
96	0.89450
97	0.89850
98	0.90100
99	0.90550
100	0.91000
101	0.91200
102	0.91750
103	0.92100
104	0.92250
105	0.92500
106	0.92600
107	0.93000
108	0.93200
109	0.93450
110	0.93700
111	0.93900
112	0.94050
113	0.94200
114	0.94550
115	0.94800
116	0.94950
117	0.95050
118	0.95350
119	0.95400
120	0.95500
121	0.95800
122	0.95950
123	0.96050
124	0.96150
125	0.96400
126	0.96450
127	0.96600
128	0.96700
129	0.96800
130	0.96850
131	0.96950
132	0.97000
133	0.97050
134	0.97200
135	0.97300
136	0.97300
137	0.97350
138	0.97350
139	0.97400
140	0.97500
141	0.97550
142	0.97600
143	0.97600
144	0.97700
145	0.97700
146	0.97800
147	0.97850
148	0.98000
149	0.98050
150	0.98100
151	0.98150
152	0.98200
153	0.98250
154	0.98350
155	0.98400
156	0.98400
157	0.98500
158	0.98550
159	0.98600
160	0.98650
161	0.98650
162	0.98750
163	0.98800
164	0.98850
165	0.98850
166	0.98850
167	0.98850
168	0.98850
169	0.98850
170	0.98850
171	0.98900
172	0.98900
173	0.98900
174	0.98900
175	0.98900
176	0.98900
177	0.98900
178	0.98950
179	0.99000
