0	0	0	0	0	0	
1	500	0	0	0	0	
2	500	0	0	0	0	
3	500	0	0	0	0	
4	500	0	0	0	0	
5	500	0	0	0	0	
6	499	0	0	0	0	
7	498	0	0	0	0	
8	496	0	0	0	0	
9	496	0	0	0	0	
10	494	0	0	0	0	
11	493	0	0	0	0	
12	493	0	0	0	0	
13	493	0	0	0	0	
14	492	0	0	0	0	
15	490	0	0	0	0	
16	490	0	0	0	0	
17	489	0	0	0	0	
18	485	0	0	0	0	
19	485	0	0	0	0	
20	483	1	0	0	0	
21	482	0	1	0	0	
22	478	0	0	1	0	
23	474	1	0	0	1	
24	470	2	1	0	1	
25	460	3	2	1	1	
26	460	0	3	2	2	
27	457	0	0	3	4	
28	457	0	0	0	7	
29	453	0	0	0	7	
30	448	0	0	0	7	
31	440	0	0	0	7	
32	437	0	0	0	7	
33	430	0	0	0	7	
34	424	0	0	0	7	
35	417	0	0	0	7	
36	413	0	0	0	7	
37	408	0	0	0	7	
38	405	0	0	0	7	
39	398	0	0	0	7	
40	394	0	0	0	7	
41	388	0	0	0	7	
42	384	0	0	0	7	
43	380	0	0	0	7	
44	374	0	0	0	7	
45	366	0	0	0	7	
46	359	0	0	0	7	
47	344	0	0	0	7	
48	333	0	0	0	7	
49	326	0	0	0	7	
50	318	0	0	0	7	
51	310	0	0	0	7	
52	303	0	0	0	7	
53	294	0	0	0	7	
54	281	0	0	0	7	
55	270	0	0	0	7	
56	262	0	0	0	7	
57	260	0	0	0	7	
58	251	0	0	0	7	
59	244	0	0	0	7	
60	238	0	0	0	7	
61	230	0	0	0	7	
62	220	0	0	0	7	
63	212	0	0	0	7	
64	205	0	0	0	7	
65	195	0	0	0	7	
66	187	0	0	0	7	
67	179	0	0	0	7	
68	168	0	0	0	7	
69	161	0	0	0	7	
70	155	0	0	0	7	
71	147	0	0	0	7	
72	147	0	0	0	7	
73	137	0	0	0	7	
74	132	0	0	0	7	
75	126	0	0	0	7	
76	125	0	0	0	7	
77	120	0	0	0	7	
78	112	0	0	0	7	
79	108	0	0	0	7	
80	103	0	0	0	7	
81	99	0	0	0	7	
82	97	0	0	0	7	
83	91	0	0	0	7	
84	89	0	0	0	7	
85	85	0	0	0	7	
86	82	0	0	0	7	
87	80	0	0	0	7	
88	72	0	0	0	7	
89	66	0	0	0	7	
90	64	0	0	0	7	
91	63	0	0	0	7	
92	59	0	0	0	7	
93	57	0	0	0	7	
94	54	0	0	0	7	
95	49	0	0	0	7	
96	48	0	0	0	7	
97	45	0	0	0	7	
98	43	0	0	0	7	
99	41	0	0	0	7	
100	39	0	0	0	7	
101	38	0	0	0	7	
102	36	0	0	0	7	
103	33	0	0	0	7	
104	33	0	0	0	7	
105	31	0	0	0	7	
106	31	0	0	0	7	
107	28	0	0	0	7	
108	28	0	0	0	7	
109	28	0	0	0	7	
110	25	0	0	0	7	
111	25	0	0	0	7	
112	25	0	0	0	7	
113	25	0	0	0	7	
114	25	0	0	0	7	
115	24	0	0	0	7	
116	23	0	0	0	7	
117	23	0	0	0	7	
118	20	0	0	0	7	
119	20	0	0	0	7	
120	20	0	0	0	7	
121	19	0	0	0	7	
122	18	0	0	0	7	
123	17	0	0	0	7	
124	17	0	0	0	7	
125	16	0	0	0	7	
126	16	0	0	0	7	
127	15	0	0	0	7	
128	14	0	0	0	7	
129	12	0	0	0	7	
130	12	0	0	0	7	
131	10	0	0	0	7	
132	10	0	0	0	7	
133	10	0	0	0	7	
134	9	0	0	0	7	
135	9	0	0	0	7	
136	9	0	0	0	7	
137	9	0	0	0	7	
138	9	0	0	0	7	
139	8	0	0	0	7	
140	8	0	0	0	7	
141	8	0	0	0	7	
142	8	0	0	0	7	
143	8	0	0	0	7	
144	7	0	0	0	7	
145	7	0	0	0	7	
146	7	0	0	0	7	
147	7	0	0	0	7	
148	6	0	0	0	7	
149	6	0	0	0	7	
150	6	0	0	0	7	
151	6	0	0	0	7	
152	6	0	0	0	7	
153	6	0	0	0	7	
154	6	0	0	0	7	
155	6	0	0	0	7	
156	6	0	0	0	7	
157	6	0	0	0	7	
158	6	0	0	0	7	
159	5	0	0	0	7	
160	5	0	0	0	7	
161	5	0	0	0	7	
162	5	0	0	0	7	
163	5	0	0	0	7	
164	5	0	0	0	7	
165	5	0	0	0	7	
166	5	0	0	0	7	
167	5	0	0	0	7	
168	5	0	0	0	7	
169	5	0	0	0	7	
170	5	0	0	0	7	
171	5	0	0	0	7	
172	5	0	0	0	7	
173	5	0	0	0	7	
174	5	0	0	0	7	
175	5	0	0	0	7	
176	5	0	0	0	7	
177	5	0	0	0	7	
178	5	0	0	0	7	
179	4	0	0	0	7	
