0	0.00200
1	0.00340
2	0.00460
3	0.00660
4	0.00940
5	0.01440
6	0.02180
7	0.03080
8	0.04340
9	0.06420
10	0.09300
11	0.13120
12	0.17480
13	0.23680
14	0.31400
15	0.39720
16	0.48400
17	0.57480
18	0.66060
19	0.73420
20	0.78740
21	0.82500
22	0.85440
23	0.87180
24	0.88360
25	0.89100
26	0.89700
27	0.89920
28	0.90240
29	0.90380
30	0.90520
31	0.90540
32	0.90560
33	0.90580
34	0.90580
35	0.90580
36	0.90600
37	0.90600
38	0.90600
39	0.90620
40	0.90620
41	0.90620
42	0.90620
43	0.90620
44	0.90620
45	0.90620
46	0.90620
47	0.90620
48	0.90620
49	0.90620
50	0.90620
51	0.90620
52	0.90620
53	0.90620
54	0.90620
55	0.90620
56	0.90620
57	0.90620
58	0.90620
59	0.90620
60	0.90620
61	0.90620
62	0.90620
63	0.90620
64	0.90620
65	0.90620
66	0.90620
67	0.90620
68	0.90620
69	0.90620
70	0.90620
71	0.90620
72	0.90620
73	0.90620
74	0.90620
75	0.90620
76	0.90620
77	0.90620
78	0.90620
79	0.90620
80	0.90620
81	0.90620
82	0.90620
83	0.90620
84	0.90620
85	0.90620
86	0.90620
87	0.90620
88	0.90620
89	0.90620
90	0.90620
91	0.90620
92	0.90620
93	0.90620
94	0.90620
95	0.90620
96	0.90620
97	0.90620
98	0.90620
99	0.90620
