0	0.00000
1	0.00000
2	0.00000
3	0.06123
4	0.21776
5	0.47812
6	0.87293
7	1.08769
8	1.38434
9	1.47982
10	1.40175
11	1.19355
12	0.98571
13	0.76342
14	0.55945
15	0.40098
16	0.28248
17	0.20589
18	0.14998
19	0.11385
20	0.08621
21	0.06968
22	0.05580
23	0.04393
24	0.03449
25	0.02648
26	0.02092
27	0.01614
28	0.01112
29	0.00784
30	0.00615
31	0.00481
32	0.00491
33	0.00512
34	0.00508
35	0.00487
36	0.00461
37	0.00394
38	0.00332
39	0.00271
40	0.00178
41	0.00134
42	0.00050
43	0.00000
44	0.00000
45	0.00000
46	0.00000
47	0.00000
48	0.00000
49	0.00000
50	0.00000
51	0.00000
52	0.00000
53	0.00000
54	0.00000
55	0.00000
56	0.00000
57	0.00000
58	0.00000
59	0.00000
60	0.00000
61	0.00000
62	0.00000
63	0.00000
64	0.00000
65	0.00000
66	0.00000
67	0.00000
68	0.00000
69	0.00000
70	0.00000
71	0.00000
72	0.00000
73	0.00000
74	0.00000
75	0.00000
76	0.00000
77	0.00000
78	0.00000
79	0.00000
80	0.00000
81	0.00009
82	0.00009
83	0.00009
84	0.00009
85	0.00009
86	0.00009
87	0.00009
88	0.00000
89	0.00000
90	0.00000
91	0.00000
92	0.00000
93	0.00000
94	0.00000
95	0.00000
96	0.00000
97	0.00000
98	0.00000
99	0.00000
