0	0.00000
1	0.00000
2	0.00000
3	0.02502
4	0.07112
5	0.15720
6	0.37839
7	0.75315
8	1.02737
9	1.23412
10	1.30557
11	1.33306
12	1.22381
13	1.08170
14	0.94359
15	0.75796
16	0.59463
17	0.44677
18	0.33787
19	0.25721
20	0.20128
21	0.15399
22	0.12074
23	0.09439
24	0.07613
25	0.06346
26	0.05072
27	0.03947
28	0.03103
29	0.02441
30	0.02151
31	0.01561
32	0.01262
33	0.01012
34	0.00833
35	0.00726
36	0.00624
37	0.00505
38	0.00526
39	0.00362
40	0.00337
41	0.00296
42	0.00294
43	0.00355
44	0.00229
45	0.00179
46	0.00149
47	0.00108
48	0.00074
49	0.00061
50	0.00000
51	0.00000
52	0.00000
53	0.00000
54	0.00000
55	0.00000
56	0.00000
57	0.00000
58	0.00000
59	0.00000
60	0.00000
61	0.00000
62	0.00000
63	0.00000
64	0.00000
65	0.00000
66	0.00000
67	0.00000
68	0.00000
69	0.00000
70	0.00000
71	0.00000
72	0.00000
73	0.00000
74	0.00000
75	0.00000
76	0.00000
77	0.00000
78	0.00000
79	0.00000
80	0.00000
81	0.00000
82	0.00008
83	0.00008
84	0.00008
85	0.00008
86	0.00008
87	0.00008
88	0.00008
89	0.00000
90	0.00000
91	0.00000
92	0.00000
93	0.00000
94	0.00000
95	0.00000
96	0.00000
97	0.00000
98	0.00000
99	0.00000
