0	0.00500
1	0.01450
2	0.04450
3	0.13500
4	0.31950
5	0.56050
6	0.72650
7	0.79150
8	0.80550
9	0.80950
10	0.81100
11	0.81150
12	0.81150
13	0.81150
14	0.81150
15	0.81150
16	0.81150
17	0.81150
18	0.81150
19	0.81150
20	0.81150
21	0.81150
22	0.81150
23	0.81150
24	0.81150
25	0.81150
26	0.81150
27	0.81150
28	0.81150
29	0.81150
30	0.81150
31	0.81150
32	0.81150
33	0.81150
34	0.81150
35	0.81150
36	0.81150
37	0.81150
38	0.81150
39	0.81150
40	0.81150
41	0.81150
42	0.81150
43	0.81150
44	0.81150
45	0.81150
46	0.81150
47	0.81150
48	0.81150
49	0.81150
50	0.81150
51	0.81150
52	0.81150
53	0.81150
54	0.81150
55	0.81150
56	0.81150
57	0.81150
58	0.81150
59	0.81150
60	0.81150
61	0.81150
62	0.81150
63	0.81150
64	0.81150
65	0.81150
66	0.81150
67	0.81150
68	0.81150
69	0.81150
70	0.81150
71	0.81150
72	0.81150
73	0.81150
74	0.81150
75	0.81150
76	0.81150
77	0.81150
78	0.81150
79	0.81150
80	0.81150
81	0.81150
82	0.81150
83	0.81150
84	0.81150
85	0.81150
86	0.81150
87	0.81150
88	0.81150
89	0.81150
90	0.81150
91	0.81150
92	0.81150
93	0.81150
94	0.81150
95	0.81150
96	0.81150
97	0.81150
98	0.81150
99	0.81150
100	0.81150
101	0.81150
102	0.81150
103	0.81150
104	0.81150
105	0.81150
106	0.81150
107	0.81150
108	0.81150
109	0.81150
110	0.81150
111	0.81150
112	0.81150
113	0.81150
114	0.81150
115	0.81150
116	0.81150
117	0.81150
118	0.81150
119	0.81150
120	0.81150
121	0.81150
122	0.81150
123	0.81150
124	0.81150
125	0.81150
126	0.81150
127	0.81150
128	0.81150
129	0.81150
130	0.81150
131	0.81150
132	0.81150
133	0.81150
134	0.81150
135	0.81150
136	0.81150
137	0.81150
138	0.81150
139	0.81150
140	0.81150
141	0.81150
142	0.81150
143	0.81150
144	0.81150
145	0.81150
146	0.81150
147	0.81150
148	0.81150
149	0.81150
