0	0	0	0	0	0	
1	739	0	0	0	0	
2	714	0	0	0	0	
3	20	624	0	0	0	
4	0	16	510	0	0	
5	0	0	12	397	0	
6	0	0	0	10	369	
7	0	0	0	0	376	
8	0	0	0	0	376	
9	0	0	0	0	376	
10	0	0	0	0	376	
11	0	0	0	0	376	
12	0	0	0	0	376	
13	0	0	0	0	376	
14	0	0	0	0	376	
15	0	0	0	0	376	
16	0	0	0	0	376	
17	0	0	0	0	376	
18	0	0	0	0	376	
19	0	0	0	0	376	
20	0	0	0	0	376	
21	0	0	0	0	376	
22	0	0	0	0	376	
23	0	0	0	0	376	
24	0	0	0	0	376	
25	0	0	0	0	376	
26	0	0	0	0	376	
27	0	0	0	0	376	
28	0	0	0	0	376	
29	0	0	0	0	376	
30	0	0	0	0	376	
31	0	0	0	0	376	
32	0	0	0	0	376	
33	0	0	0	0	376	
34	0	0	0	0	376	
35	0	0	0	0	376	
36	0	0	0	0	376	
37	0	0	0	0	376	
38	0	0	0	0	376	
39	0	0	0	0	376	
40	0	0	0	0	376	
41	0	0	0	0	376	
42	0	0	0	0	376	
43	0	0	0	0	376	
44	0	0	0	0	376	
45	0	0	0	0	376	
46	0	0	0	0	376	
47	0	0	0	0	376	
48	0	0	0	0	376	
49	0	0	0	0	376	
50	0	0	0	0	376	
51	0	0	0	0	376	
52	0	0	0	0	376	
53	0	0	0	0	376	
54	0	0	0	0	376	
55	0	0	0	0	376	
56	0	0	0	0	376	
57	0	0	0	0	376	
58	0	0	0	0	376	
59	0	0	0	0	376	
60	0	0	0	0	376	
61	0	0	0	0	376	
62	0	0	0	0	376	
63	0	0	0	0	376	
64	0	0	0	0	376	
65	0	0	0	0	376	
66	0	0	0	0	376	
67	0	0	0	0	376	
68	0	0	0	0	376	
69	0	0	0	0	376	
70	0	0	0	0	376	
71	0	0	0	0	376	
72	0	0	0	0	376	
73	0	0	0	0	376	
74	0	0	0	0	376	
75	0	0	0	0	376	
76	0	0	0	0	376	
77	0	0	0	0	376	
78	0	0	0	0	376	
79	0	0	0	0	376	
80	0	0	0	0	376	
81	0	0	0	0	376	
82	0	0	0	0	376	
83	0	0	0	0	376	
84	0	0	0	0	376	
85	0	0	0	0	376	
86	0	0	0	0	376	
87	0	0	0	0	376	
88	0	0	0	0	376	
89	0	0	0	0	376	
90	0	0	0	0	376	
91	0	0	0	0	376	
92	0	0	0	0	376	
93	0	0	0	0	376	
94	0	0	0	0	376	
95	0	0	0	0	376	
96	0	0	0	0	376	
97	0	0	0	0	376	
98	0	0	0	0	376	
99	0	0	0	0	376	
100	0	0	0	0	376	
101	0	0	0	0	376	
102	0	0	0	0	376	
103	0	0	0	0	376	
104	0	0	0	0	376	
105	0	0	0	0	376	
106	0	0	0	0	376	
107	0	0	0	0	376	
108	0	0	0	0	376	
109	0	0	0	0	376	
110	0	0	0	0	376	
111	0	0	0	0	376	
112	0	0	0	0	376	
113	0	0	0	0	376	
114	0	0	0	0	376	
115	0	0	0	0	376	
116	0	0	0	0	376	
117	0	0	0	0	376	
118	0	0	0	0	376	
119	0	0	0	0	376	
120	0	0	0	0	376	
121	0	0	0	0	376	
122	0	0	0	0	376	
123	0	0	0	0	376	
124	0	0	0	0	376	
125	0	0	0	0	376	
126	0	0	0	0	376	
127	0	0	0	0	376	
128	0	0	0	0	376	
129	0	0	0	0	376	
130	0	0	0	0	376	
131	0	0	0	0	376	
132	0	0	0	0	376	
133	0	0	0	0	376	
134	0	0	0	0	376	
135	0	0	0	0	376	
136	0	0	0	0	376	
137	0	0	0	0	376	
138	0	0	0	0	376	
139	0	0	0	0	376	
140	0	0	0	0	376	
141	0	0	0	0	376	
142	0	0	0	0	376	
143	0	0	0	0	376	
144	0	0	0	0	376	
145	0	0	0	0	376	
146	0	0	0	0	376	
147	0	0	0	0	376	
148	0	0	0	0	376	
149	0	0	0	0	376	
