0	0.00000
1	0.00150
2	0.00000
3	0.00200
4	0.00250
5	0.00100
6	0.00200
7	0.00400
8	0.00450
9	0.00300
10	0.00300
11	0.00450
12	0.00650
13	0.00650
14	0.00450
15	0.00450
16	0.00700
17	0.01100
18	0.00850
19	0.01300
20	0.01350
21	0.01100
22	0.02150
23	0.01750
24	0.01550
25	0.02200
26	0.02550
27	0.01150
28	0.01750
29	0.01900
30	0.02150
31	0.02900
32	0.02650
33	0.02450
34	0.03100
35	0.03150
36	0.03150
37	0.02750
38	0.02050
39	0.02150
40	0.02700
41	0.02300
42	0.02300
43	0.01550
44	0.02200
45	0.01250
46	0.01600
47	0.01200
48	0.00850
49	0.00950
50	0.00950
51	0.00900
52	0.00500
53	0.00600
54	0.00250
55	0.00500
56	0.00300
57	0.00100
58	0.00200
59	0.00050
60	0.00150
61	0.00250
62	0.00200
63	0.00150
64	0.00050
65	0.00100
66	0.00100
67	0.00050
68	0.00100
69	0.00100
70	0.00050
71	0.00000
72	0.00050
73	0.00050
74	0.00000
75	0.00000
76	0.00000
77	0.00000
78	0.00100
79	0.00050
80	0.00000
81	0.00000
82	0.00000
83	0.00000
84	0.00000
85	0.00000
86	0.00000
87	0.00050
88	0.00000
89	0.00000
90	0.00000
91	0.00000
92	0.00000
93	0.00000
94	0.00000
95	0.00000
96	0.00000
97	0.00000
98	0.00000
99	0.00000
