0	0.00000
1	0.00000
2	0.00000
3	0.18182
4	0.08333
5	0.30769
6	0.46667
7	0.50000
8	0.55556
9	0.80000
10	0.87500
11	0.75862
12	0.62857
13	0.60976
14	0.64583
15	0.64286
16	0.55385
17	0.46667
18	0.45882
19	0.52083
20	0.48182
21	0.51200
22	0.52113
23	0.48750
24	0.53552
25	0.51196
26	0.46414
27	0.46442
28	0.46358
29	0.37982
30	0.34409
31	0.31220
32	0.29978
33	0.31211
34	0.30320
35	0.29094
36	0.29725
37	0.29254
38	0.28492
39	0.26316
40	0.22902
41	0.20270
42	0.19108
43	0.17387
44	0.15950
45	0.13803
46	0.13169
47	0.11356
48	0.10328
49	0.08903
50	0.07436
51	0.06435
52	0.05791
53	0.05175
54	0.04307
55	0.03827
56	0.03013
57	0.02706
58	0.02271
59	0.01709
60	0.01359
61	0.01015
62	0.00877
63	0.00874
64	0.00871
65	0.00802
66	0.00667
67	0.00666
68	0.00598
69	0.00464
70	0.00464
71	0.00463
72	0.00397
73	0.00330
74	0.00264
75	0.00264
76	0.00198
77	0.00132
78	0.00066
79	0.00066
80	0.00197
81	0.00197
82	0.00131
83	0.00131
84	0.00131
85	0.00066
86	0.00066
87	0.00066
88	0.00000
89	0.00066
90	0.00066
91	0.00066
92	0.00066
93	0.00066
94	0.00066
95	0.00066
96	0.00000
97	0.00000
98	0.00000
99	0.00000
