0	0.00000
1	0.00100
2	0.00000
3	0.00050
4	0.00000
5	0.00050
6	0.00050
7	0.00200
8	0.00100
9	0.00150
10	0.00000
11	0.00150
12	0.00200
13	0.00250
14	0.00050
15	0.00200
16	0.00150
17	0.00050
18	0.00050
19	0.00350
20	0.00250
21	0.00300
22	0.00300
23	0.00450
24	0.00250
25	0.00250
26	0.00450
27	0.00150
28	0.00550
29	0.00350
30	0.00400
31	0.00500
32	0.00650
33	0.00550
34	0.00850
35	0.00800
36	0.00900
37	0.01000
38	0.00950
39	0.00950
40	0.01250
41	0.01000
42	0.00800
43	0.01150
44	0.00900
45	0.01400
46	0.01450
47	0.01150
48	0.01950
49	0.01700
50	0.00950
51	0.01400
52	0.01750
53	0.01900
54	0.01400
55	0.01750
56	0.01550
57	0.01600
58	0.01350
59	0.02200
60	0.01700
61	0.02150
62	0.01800
63	0.01350
64	0.01700
65	0.01700
66	0.02150
67	0.01150
68	0.01150
69	0.01800
70	0.01300
71	0.01450
72	0.01050
73	0.01150
74	0.01400
75	0.00950
76	0.01200
77	0.01700
78	0.00850
79	0.01000
80	0.01250
81	0.01100
82	0.01200
83	0.00800
84	0.01400
85	0.01100
86	0.00800
87	0.01300
88	0.00650
89	0.00850
90	0.00650
91	0.01000
92	0.00500
93	0.01250
94	0.00200
95	0.00500
96	0.00650
97	0.00650
98	0.00700
99	0.00650
100	0.00500
101	0.00250
102	0.00350
103	0.00650
104	0.00350
105	0.00300
106	0.00400
107	0.00300
108	0.00200
109	0.00350
110	0.00200
111	0.00450
112	0.00300
113	0.00300
114	0.00200
115	0.00300
116	0.00200
117	0.00350
118	0.00200
119	0.00300
120	0.00150
121	0.00250
122	0.00450
123	0.00250
124	0.00150
125	0.00200
126	0.00150
127	0.00050
128	0.00250
129	0.00150
130	0.00150
131	0.00200
132	0.00150
133	0.00100
134	0.00150
135	0.00150
136	0.00050
137	0.00000
138	0.00200
139	0.00100
140	0.00150
141	0.00050
142	0.00000
143	0.00300
144	0.00150
145	0.00050
146	0.00000
147	0.00100
148	0.00000
149	0.00050
150	0.00100
151	0.00050
152	0.00050
153	0.00000
154	0.00000
155	0.00000
156	0.00000
157	0.00000
158	0.00000
159	0.00050
160	0.00050
161	0.00050
162	0.00000
163	0.00100
164	0.00050
165	0.00050
166	0.00000
167	0.00000
168	0.00000
169	0.00000
170	0.00100
171	0.00000
172	0.00000
173	0.00000
174	0.00000
175	0.00050
176	0.00000
177	0.00000
178	0.00000
179	0.00000
