0	0.00000
1	0.00000
2	0.00000
3	0.01678
4	0.01678
5	0.01997
6	0.01998
7	0.02953
8	0.03706
9	0.06452
10	0.10109
11	0.14525
12	0.13337
13	0.19928
14	0.26713
15	0.26999
16	0.27683
17	0.27698
18	0.26183
19	0.23666
20	0.20207
21	0.23333
22	0.24092
23	0.32967
24	0.39313
25	0.46220
26	0.42549
27	0.47193
28	0.54444
29	0.47922
30	0.52475
31	0.49867
32	0.46573
33	0.51906
34	0.55506
35	0.56617
36	0.59552
37	0.54696
38	0.53120
39	0.54873
40	0.51434
41	0.45592
42	0.43740
43	0.40785
44	0.36931
45	0.39342
46	0.36409
47	0.34783
48	0.33521
49	0.31161
50	0.30655
51	0.29584
52	0.26496
53	0.24174
54	0.23148
55	0.22907
56	0.20527
57	0.20350
58	0.18690
59	0.17551
60	0.15884
61	0.16175
62	0.15771
63	0.15639
64	0.15769
65	0.14656
66	0.13863
67	0.12993
68	0.12762
69	0.11044
70	0.10302
71	0.09955
72	0.09179
73	0.08682
74	0.07822
75	0.07277
76	0.07112
77	0.06560
78	0.06547
79	0.07194
80	0.06914
81	0.06789
82	0.06589
83	0.06393
84	0.06087
85	0.05558
86	0.05752
87	0.05781
88	0.05218
89	0.05314
90	0.04745
91	0.04382
92	0.04028
93	0.03895
94	0.03454
95	0.03809
96	0.03050
97	0.03093
98	0.03145
99	0.03279
100	0.03255
101	0.03242
102	0.03035
103	0.02815
104	0.02611
105	0.02625
106	0.02341
107	0.02165
108	0.02049
109	0.01929
110	0.01766
111	0.01656
112	0.01633
113	0.01518
114	0.01511
115	0.01554
116	0.01534
117	0.01584
118	0.01648
119	0.01606
120	0.01633
121	0.01488
122	0.01556
123	0.01470
124	0.01521
125	0.01531
126	0.01241
127	0.01134
128	0.01022
129	0.00938
130	0.00726
131	0.00540
132	0.00361
133	0.00550
134	0.00532
135	0.00291
136	0.00373
137	0.00516
138	0.00466
139	0.00476
140	0.00358
141	0.00292
142	0.00292
143	0.00208
144	0.00000
145	0.00044
146	0.00077
147	0.00082
148	0.00082
149	0.00224
150	0.00224
151	0.00201
152	0.00211
153	0.00189
154	0.00169
155	0.00169
156	0.00150
157	0.00150
158	0.00020
159	0.00000
160	0.00000
161	0.00000
162	0.00023
163	0.00053
164	0.00056
165	0.00239
166	0.00239
167	0.00259
168	0.00231
169	0.00231
170	0.00262
171	0.00262
172	0.00059
173	0.00059
174	0.00000
175	0.00000
176	0.00000
177	0.00000
178	0.00000
179	0.00000
