0	0	0	0	0	0	
1	500	0	0	0	0	
2	500	0	0	0	0	
3	499	0	0	0	0	
4	499	0	0	0	0	
5	499	0	0	0	0	
6	499	0	0	0	0	
7	499	0	0	0	0	
8	499	0	0	0	0	
9	499	0	0	0	0	
10	499	0	0	0	0	
11	499	0	0	0	0	
12	499	0	0	0	0	
13	498	0	0	0	0	
14	498	0	0	0	0	
15	496	0	0	0	0	
16	495	0	0	0	0	
17	495	0	0	0	0	
18	495	0	0	0	0	
19	494	0	0	0	0	
20	492	0	0	0	0	
21	492	0	0	0	0	
22	489	0	0	0	0	
23	487	0	0	0	0	
24	486	0	0	0	0	
25	485	0	0	0	0	
26	484	0	0	0	0	
27	483	1	0	0	0	
28	478	1	1	0	0	
29	475	0	1	1	0	
30	471	0	0	1	1	
31	470	0	0	0	2	
32	466	0	0	0	2	
33	463	1	0	0	2	
34	459	1	1	0	2	
35	455	1	0	1	2	
36	450	0	1	0	3	
37	440	0	0	1	3	
38	434	0	0	1	3	
39	430	0	0	1	3	
40	423	0	0	1	3	
41	420	0	0	1	3	
42	417	0	0	1	3	
43	412	0	0	1	3	
44	408	0	0	1	3	
45	398	0	0	1	3	
46	392	0	0	1	3	
47	386	0	0	1	3	
48	377	0	0	1	3	
49	370	0	0	1	3	
50	365	0	0	1	3	
51	359	0	0	1	3	
52	344	0	0	1	3	
53	332	0	0	1	3	
54	325	0	0	1	3	
55	320	0	0	1	3	
56	315	0	0	1	3	
57	307	0	0	1	3	
58	300	0	0	1	3	
59	287	0	0	1	3	
60	280	0	0	1	3	
61	266	0	0	1	3	
62	262	0	0	1	3	
63	257	0	0	1	3	
64	252	0	0	1	3	
65	246	0	0	1	3	
66	229	0	0	1	3	
67	222	0	0	1	3	
68	214	0	0	1	3	
69	205	0	0	1	3	
70	198	0	0	1	3	
71	193	0	0	1	3	
72	189	0	0	1	3	
73	185	0	0	1	3	
74	181	0	0	1	3	
75	177	0	0	1	3	
76	174	0	0	1	3	
77	167	0	0	1	3	
78	162	0	0	1	3	
79	157	0	0	1	3	
80	152	0	0	1	3	
81	149	0	0	1	3	
82	143	0	0	1	3	
83	137	0	0	1	3	
84	131	0	0	1	3	
85	124	0	0	1	3	
86	118	0	0	1	3	
87	109	0	0	1	3	
88	106	0	0	1	3	
89	102	0	0	1	3	
90	99	0	0	1	3	
91	92	0	0	1	3	
92	90	0	0	1	3	
93	82	0	0	1	3	
94	79	0	0	1	3	
95	74	0	0	1	3	
96	69	0	0	1	3	
97	68	0	0	1	3	
98	65	0	0	1	3	
99	60	0	0	1	3	
100	57	0	0	1	3	
101	55	0	0	1	3	
102	51	0	0	1	3	
103	47	0	0	1	3	
104	47	0	0	1	3	
105	45	0	0	1	3	
106	42	0	0	1	3	
107	38	0	0	1	3	
108	37	0	0	1	3	
109	36	0	0	1	3	
110	36	0	0	1	3	
111	35	0	0	1	3	
112	35	0	0	1	3	
113	33	0	0	1	3	
114	33	0	0	1	3	
115	30	0	0	1	3	
116	30	0	0	1	3	
117	29	0	0	1	3	
118	27	0	0	1	3	
119	25	0	0	1	3	
120	23	0	0	1	3	
121	23	0	0	1	3	
122	22	0	0	1	3	
123	22	0	0	1	3	
124	22	0	0	1	3	
125	22	0	0	1	3	
126	22	0	0	1	3	
127	22	0	0	1	3	
128	22	0	0	1	3	
129	21	0	0	1	3	
130	21	0	0	1	3	
131	20	0	0	1	3	
132	18	0	0	1	3	
133	18	0	0	1	3	
134	16	0	0	1	3	
135	15	0	0	1	3	
136	14	0	0	1	3	
137	14	0	0	1	3	
138	12	0	0	1	3	
139	12	0	0	1	3	
140	11	0	0	1	3	
141	10	0	0	1	3	
142	10	0	0	1	3	
143	6	0	0	1	3	
144	6	0	0	1	3	
145	6	0	0	1	3	
146	6	0	0	1	3	
147	6	0	0	1	3	
148	6	0	0	1	3	
149	6	0	0	1	3	
150	6	0	0	1	3	
151	6	0	0	1	3	
152	6	0	0	1	3	
153	6	0	0	1	3	
154	6	0	0	1	3	
155	6	0	0	1	3	
156	6	0	0	1	3	
157	6	0	0	1	3	
158	6	0	0	1	3	
159	6	0	0	1	3	
160	6	0	0	1	3	
161	5	0	0	1	3	
162	5	0	0	1	3	
163	4	0	0	1	3	
164	3	0	0	1	3	
165	3	0	0	1	3	
166	3	0	0	1	3	
167	3	0	0	1	3	
168	3	0	0	1	3	
169	3	0	0	1	3	
170	3	0	0	1	3	
171	3	0	0	1	3	
172	3	0	0	1	3	
173	3	0	0	1	3	
174	3	0	0	1	3	
175	3	0	0	1	3	
176	3	0	0	1	3	
177	3	0	0	1	3	
178	3	0	0	1	3	
179	3	0	0	1	3	
