0	0.00000
1	0.00000
2	0.00000
3	0.00000
4	0.00050
5	0.00000
6	0.00050
7	0.00000
8	0.00000
9	0.00100
10	0.00100
11	0.00100
12	0.00050
13	0.00100
14	0.00050
15	0.00150
16	0.00100
17	0.00200
18	0.00150
19	0.00100
20	0.00200
21	0.00200
22	0.00350
23	0.00250
24	0.00350
25	0.00500
26	0.00600
27	0.00400
28	0.00400
29	0.00450
30	0.00600
31	0.00500
32	0.00850
33	0.00550
34	0.00500
35	0.00550
36	0.00600
37	0.00550
38	0.01000
39	0.00650
40	0.01100
41	0.00550
42	0.01100
43	0.01200
44	0.01200
45	0.01500
46	0.01400
47	0.01550
48	0.01650
49	0.01300
50	0.01350
51	0.01150
52	0.01100
53	0.01100
54	0.01600
55	0.01700
56	0.01650
57	0.01700
58	0.01800
59	0.02050
60	0.01550
61	0.02350
62	0.01550
63	0.01850
64	0.01100
65	0.01500
66	0.01450
67	0.01400
68	0.01250
69	0.01350
70	0.01550
71	0.01800
72	0.01450
73	0.01500
74	0.01300
75	0.01050
76	0.01300
77	0.01050
78	0.00900
79	0.01350
80	0.00850
81	0.01550
82	0.01300
83	0.00900
84	0.01300
85	0.00850
86	0.00700
87	0.00950
88	0.01600
89	0.01050
90	0.00850
91	0.00950
92	0.00550
93	0.00550
94	0.00750
95	0.00450
96	0.00900
97	0.00800
98	0.00550
99	0.00300
100	0.00750
101	0.00350
102	0.00600
103	0.00450
104	0.00350
105	0.00550
106	0.00650
107	0.00350
108	0.00450
109	0.00350
110	0.00250
111	0.00500
112	0.00300
113	0.00300
114	0.00600
115	0.00250
116	0.00200
117	0.00150
118	0.00100
119	0.00150
120	0.00150
121	0.00400
122	0.00150
123	0.00100
124	0.00200
125	0.00150
126	0.00150
127	0.00150
128	0.00250
129	0.00300
130	0.00050
131	0.00150
132	0.00150
133	0.00050
134	0.00000
135	0.00150
136	0.00200
137	0.00150
138	0.00250
139	0.00100
140	0.00050
141	0.00100
142	0.00050
143	0.00150
144	0.00100
145	0.00150
146	0.00000
147	0.00050
148	0.00050
149	0.00100
150	0.00050
151	0.00000
152	0.00000
153	0.00100
154	0.00100
155	0.00100
156	0.00100
157	0.00100
158	0.00000
159	0.00100
160	0.00050
161	0.00000
162	0.00000
163	0.00000
164	0.00050
165	0.00100
166	0.00050
167	0.00050
168	0.00000
169	0.00050
170	0.00000
171	0.00050
172	0.00000
173	0.00050
174	0.00000
175	0.00000
176	0.00050
177	0.00100
178	0.00000
179	0.00000
