0	0.00500
1	0.00500
2	0.00500
3	0.00500
4	0.00550
5	0.00550
6	0.00600
7	0.00600
8	0.00600
9	0.00700
10	0.00800
11	0.00900
12	0.00950
13	0.01050
14	0.01100
15	0.01250
16	0.01350
17	0.01550
18	0.01700
19	0.01800
20	0.02000
21	0.02200
22	0.02550
23	0.02800
24	0.03150
25	0.03650
26	0.04250
27	0.04650
28	0.05050
29	0.05500
30	0.06100
31	0.06600
32	0.07450
33	0.08000
34	0.08500
35	0.09050
36	0.09650
37	0.10200
38	0.11200
39	0.11850
40	0.12950
41	0.13500
42	0.14600
43	0.15800
44	0.17000
45	0.18500
46	0.19900
47	0.21450
48	0.23100
49	0.24400
50	0.25750
51	0.26900
52	0.28000
53	0.29100
54	0.30700
55	0.32400
56	0.34050
57	0.35750
58	0.37550
59	0.39600
60	0.41150
61	0.43500
62	0.45050
63	0.46900
64	0.48000
65	0.49500
66	0.50950
67	0.52350
68	0.53600
69	0.54950
70	0.56500
71	0.58300
72	0.59750
73	0.61250
74	0.62550
75	0.63600
76	0.64900
77	0.65950
78	0.66850
79	0.68200
80	0.69050
81	0.70600
82	0.71900
83	0.72800
84	0.74100
85	0.74950
86	0.75650
87	0.76600
88	0.78200
89	0.79250
90	0.80100
91	0.81050
92	0.81600
93	0.82150
94	0.82900
95	0.83350
96	0.84250
97	0.85050
98	0.85600
99	0.85900
100	0.86650
101	0.87000
102	0.87600
103	0.88050
104	0.88400
105	0.88950
106	0.89600
107	0.89950
108	0.90400
109	0.90750
110	0.91000
111	0.91500
112	0.91800
113	0.92100
114	0.92700
115	0.92950
116	0.93150
117	0.93300
118	0.93400
119	0.93550
120	0.93700
121	0.94100
122	0.94250
123	0.94350
124	0.94550
125	0.94700
126	0.94850
127	0.95000
128	0.95250
129	0.95550
130	0.95600
131	0.95750
132	0.95900
133	0.95950
134	0.95950
135	0.96100
136	0.96300
137	0.96450
138	0.96700
139	0.96800
140	0.96850
141	0.96950
142	0.97000
143	0.97150
144	0.97250
145	0.97400
146	0.97400
147	0.97450
148	0.97500
149	0.97600
150	0.97650
151	0.97650
152	0.97650
153	0.97750
154	0.97850
155	0.97950
156	0.98050
157	0.98150
158	0.98150
159	0.98250
160	0.98300
161	0.98300
162	0.98300
163	0.98300
164	0.98350
165	0.98450
166	0.98500
167	0.98550
168	0.98550
169	0.98600
170	0.98600
171	0.98650
172	0.98650
173	0.98700
174	0.98700
175	0.98700
176	0.98750
177	0.98850
178	0.98850
179	0.98850
