0	0.00000
1	0.00000
2	0.00000
3	0.00000
4	0.00000
5	0.00000
6	0.00604
7	0.00604
8	0.00721
9	0.00722
10	0.00722
11	0.03206
12	0.04191
13	0.06314
14	0.06984
15	0.09000
16	0.09464
17	0.16942
18	0.17409
19	0.22426
20	0.23211
21	0.22288
22	0.23791
23	0.27843
24	0.33912
25	0.40081
26	0.54073
27	0.66275
28	0.69997
29	0.65990
30	0.56899
31	0.57680
32	0.54887
33	0.47631
34	0.56504
35	0.50052
36	0.45199
37	0.46288
38	0.44630
39	0.41159
40	0.47736
41	0.44534
42	0.45674
43	0.40034
44	0.39158
45	0.39182
46	0.39876
47	0.39558
48	0.37720
49	0.35493
50	0.35635
51	0.32854
52	0.28757
53	0.26179
54	0.23954
55	0.20908
56	0.20549
57	0.21294
58	0.21695
59	0.20937
60	0.20168
61	0.19454
62	0.18041
63	0.18537
64	0.16854
65	0.16133
66	0.14116
67	0.13407
68	0.12449
69	0.11687
70	0.10697
71	0.10685
72	0.10830
73	0.10771
74	0.10168
75	0.09875
76	0.09492
77	0.08636
78	0.08135
79	0.07733
80	0.07153
81	0.06915
82	0.06244
83	0.06666
84	0.06644
85	0.06135
86	0.05924
87	0.05574
88	0.04958
89	0.04851
90	0.05131
91	0.05225
92	0.05311
93	0.05145
94	0.04761
95	0.04366
96	0.04344
97	0.03600
98	0.03575
99	0.03561
100	0.03291
101	0.03000
102	0.02916
103	0.02662
104	0.02674
105	0.02372
106	0.02197
107	0.02315
108	0.02619
109	0.02406
110	0.02234
111	0.02132
112	0.02025
113	0.02069
114	0.01940
115	0.01665
116	0.01769
117	0.01787
118	0.01522
119	0.01466
120	0.01359
121	0.01135
122	0.00930
123	0.00949
124	0.00770
125	0.00847
126	0.00779
127	0.00774
128	0.00783
129	0.00824
130	0.00941
131	0.01005
132	0.00748
133	0.00760
134	0.00800
135	0.00762
136	0.00702
137	0.00627
138	0.00535
139	0.00605
140	0.00660
141	0.00575
142	0.00498
143	0.00543
144	0.00460
145	0.00604
146	0.00587
147	0.00616
148	0.00500
149	0.00521
150	0.00614
151	0.00804
152	0.00652
153	0.00587
154	0.00426
155	0.00436
156	0.00491
157	0.00257
158	0.00189
159	0.00218
160	0.00224
161	0.00266
162	0.00114
163	0.00114
164	0.00093
165	0.00082
166	0.00084
167	0.00087
168	0.00220
169	0.00231
170	0.00231
171	0.00262
172	0.00262
173	0.00354
174	0.00354
175	0.00168
176	0.00175
177	0.00045
178	0.00047
179	0.00102
