0	0	0	0	0	0	
1	501	0	0	0	0	
2	501	0	0	0	0	
3	501	0	0	0	0	
4	501	0	0	0	0	
5	501	0	0	0	0	
6	501	0	0	0	0	
7	501	0	0	0	0	
8	501	0	0	0	0	
9	501	0	0	0	0	
10	500	0	0	0	0	
11	499	0	0	0	0	
12	499	0	0	0	0	
13	499	0	0	0	0	
14	499	0	0	0	0	
15	499	0	0	0	0	
16	499	0	0	0	0	
17	499	0	0	0	0	
18	497	0	0	0	0	
19	495	0	0	0	0	
20	495	0	0	0	0	
21	495	0	0	0	0	
22	494	0	0	0	0	
23	492	0	0	0	0	
24	490	0	0	0	0	
25	485	0	0	0	0	
26	481	0	0	0	0	
27	474	5	0	0	0	
28	473	0	5	0	0	
29	471	1	0	5	0	
30	467	1	1	0	5	
31	464	0	1	1	5	
32	457	1	0	1	6	
33	456	0	1	1	6	
34	453	1	0	2	6	
35	450	0	1	1	7	
36	448	0	1	1	7	
37	446	0	1	1	7	
38	443	1	1	1	7	
39	438	1	1	1	7	
40	435	0	2	1	7	
41	431	0	1	2	7	
42	423	0	1	2	7	
43	419	0	1	2	7	
44	414	0	1	2	7	
45	410	0	1	1	8	
46	401	0	1	1	8	
47	390	0	1	1	8	
48	382	0	1	1	8	
49	375	0	1	1	8	
50	368	0	1	1	8	
51	362	0	1	1	8	
52	356	0	1	1	8	
53	349	0	1	1	8	
54	338	0	1	1	8	
55	328	0	1	1	8	
56	320	0	1	1	8	
57	313	0	1	1	8	
58	305	0	1	1	8	
59	298	0	1	1	8	
60	288	0	1	1	8	
61	272	0	1	1	8	
62	265	0	1	1	8	
63	253	0	1	1	8	
64	249	0	1	1	8	
65	244	0	1	1	8	
66	238	0	1	1	8	
67	227	0	1	1	8	
68	220	0	1	1	8	
69	214	0	1	1	8	
70	208	0	1	1	8	
71	197	0	1	1	8	
72	189	0	1	1	8	
73	181	0	1	1	8	
74	171	0	1	1	8	
75	166	0	1	1	8	
76	160	0	1	1	8	
77	156	0	1	1	8	
78	153	0	1	1	8	
79	145	0	1	1	8	
80	142	0	1	1	8	
81	139	0	1	1	8	
82	128	0	1	1	8	
83	124	0	1	1	8	
84	122	0	1	1	8	
85	120	0	1	1	8	
86	118	0	1	1	8	
87	115	0	1	1	8	
88	109	0	1	1	8	
89	107	0	1	1	8	
90	104	0	1	1	8	
91	97	0	1	1	8	
92	95	0	1	1	8	
93	91	0	1	1	8	
94	86	0	1	1	8	
95	82	0	1	1	8	
96	77	0	1	1	8	
97	73	0	1	1	8	
98	70	0	1	1	8	
99	69	0	1	1	8	
100	66	0	1	1	8	
101	65	0	1	1	8	
102	63	0	1	1	8	
103	58	0	1	1	8	
104	57	0	1	1	8	
105	53	0	1	1	8	
106	51	0	1	1	8	
107	50	0	1	1	8	
108	48	0	1	1	8	
109	46	0	1	1	8	
110	44	0	1	1	8	
111	41	0	1	1	8	
112	41	0	1	1	8	
113	38	0	1	1	8	
114	37	0	1	1	8	
115	35	0	1	1	8	
116	35	0	1	1	8	
117	34	0	1	1	8	
118	33	0	1	1	8	
119	32	0	1	1	8	
120	31	0	1	1	8	
121	26	0	1	1	8	
122	25	0	1	1	8	
123	24	0	1	1	8	
124	24	0	1	1	8	
125	22	0	1	1	8	
126	21	0	1	1	8	
127	21	0	1	1	8	
128	20	0	1	1	8	
129	20	0	1	1	8	
130	20	0	1	1	8	
131	19	0	1	1	8	
132	18	0	1	1	8	
133	18	0	1	1	8	
134	18	0	1	1	8	
135	16	0	1	1	8	
136	15	0	1	1	8	
137	14	0	1	1	8	
138	14	0	1	1	8	
139	13	0	1	1	8	
140	12	0	1	1	8	
141	12	0	1	1	8	
142	12	0	1	1	8	
143	12	0	1	1	8	
144	12	0	1	1	8	
145	12	0	1	1	8	
146	12	0	1	1	8	
147	12	0	1	1	8	
148	12	0	1	1	8	
149	11	0	1	1	8	
150	10	0	1	1	8	
151	10	0	1	1	8	
152	10	0	1	1	8	
153	10	0	1	1	8	
154	10	0	1	1	8	
155	10	0	1	1	8	
156	9	0	1	1	8	
157	9	0	1	1	8	
158	9	0	1	1	8	
159	8	0	1	1	8	
160	7	0	1	1	8	
161	7	0	1	1	8	
162	7	0	1	1	8	
163	7	0	1	1	8	
164	6	0	1	1	8	
165	5	0	1	1	8	
166	5	0	1	1	8	
167	5	0	1	1	8	
168	5	0	1	1	8	
169	5	0	1	1	8	
170	5	0	1	1	8	
171	5	0	1	1	8	
172	5	0	1	1	8	
173	5	0	1	1	8	
174	5	0	1	1	8	
175	5	0	1	1	8	
176	5	0	1	1	8	
177	4	0	1	1	8	
178	4	0	1	1	8	
179	4	0	1	1	8	
