0	0.00500
1	0.01600
2	0.04750
3	0.12200
4	0.29150
5	0.55000
6	0.72500
7	0.79350
8	0.80950
9	0.81400
10	0.81500
11	0.81500
12	0.81550
13	0.81550
14	0.81550
15	0.81550
16	0.81550
17	0.81550
18	0.81550
19	0.81550
20	0.81550
21	0.81550
22	0.81550
23	0.81550
24	0.81550
25	0.81550
26	0.81550
27	0.81550
28	0.81550
29	0.81550
30	0.81550
31	0.81550
32	0.81550
33	0.81550
34	0.81550
35	0.81550
36	0.81550
37	0.81550
38	0.81550
39	0.81550
40	0.81550
41	0.81550
42	0.81550
43	0.81550
44	0.81550
45	0.81550
46	0.81550
47	0.81550
48	0.81550
49	0.81550
50	0.81550
51	0.81550
52	0.81550
53	0.81550
54	0.81550
55	0.81550
56	0.81550
57	0.81550
58	0.81550
59	0.81550
60	0.81550
61	0.81550
62	0.81550
63	0.81550
64	0.81550
65	0.81550
66	0.81550
67	0.81550
68	0.81550
69	0.81550
70	0.81550
71	0.81550
72	0.81550
73	0.81550
74	0.81550
75	0.81550
76	0.81550
77	0.81550
78	0.81550
79	0.81550
80	0.81550
81	0.81550
82	0.81550
83	0.81550
84	0.81550
85	0.81550
86	0.81550
87	0.81550
88	0.81550
89	0.81550
90	0.81550
91	0.81550
92	0.81550
93	0.81550
94	0.81550
95	0.81550
96	0.81550
97	0.81550
98	0.81550
99	0.81550
100	0.81550
101	0.81550
102	0.81550
103	0.81550
104	0.81550
105	0.81550
106	0.81550
107	0.81550
108	0.81550
109	0.81550
110	0.81550
111	0.81550
112	0.81550
113	0.81550
114	0.81550
115	0.81550
116	0.81550
117	0.81550
118	0.81550
119	0.81550
120	0.81550
121	0.81550
122	0.81550
123	0.81550
124	0.81550
125	0.81550
126	0.81550
127	0.81550
128	0.81550
129	0.81550
130	0.81550
131	0.81550
132	0.81550
133	0.81550
134	0.81550
135	0.81550
136	0.81550
137	0.81550
138	0.81550
139	0.81550
140	0.81550
141	0.81550
142	0.81550
143	0.81550
144	0.81550
145	0.81550
146	0.81550
147	0.81550
148	0.81550
149	0.81550
