0	0.00500
1	0.00600
2	0.00750
3	0.00850
4	0.01250
5	0.01400
6	0.01600
7	0.01900
8	0.02300
9	0.02850
10	0.03300
11	0.03550
12	0.04500
13	0.05000
14	0.05900
15	0.06950
16	0.08200
17	0.09550
18	0.11400
19	0.12900
20	0.14900
21	0.16800
22	0.18950
23	0.21750
24	0.24900
25	0.27350
26	0.30050
27	0.33550
28	0.36950
29	0.39950
30	0.43200
31	0.46050
32	0.49350
33	0.52500
34	0.54850
35	0.57600
36	0.60200
37	0.62350
38	0.64300
39	0.66000
40	0.67600
41	0.69100
42	0.70350
43	0.71350
44	0.72350
45	0.73450
46	0.74350
47	0.75150
48	0.76000
49	0.76800
50	0.77350
51	0.77800
52	0.78050
53	0.78500
54	0.78750
55	0.79100
56	0.79400
57	0.79600
58	0.79750
59	0.80050
60	0.80200
61	0.80200
62	0.80300
63	0.80300
64	0.80400
65	0.80450
66	0.80450
67	0.80550
68	0.80550
69	0.80550
70	0.80550
71	0.80550
72	0.80600
73	0.80600
74	0.80600
75	0.80600
76	0.80650
77	0.80700
78	0.80700
79	0.80800
80	0.80800
81	0.80800
82	0.80800
83	0.80800
84	0.80800
85	0.80800
86	0.80800
87	0.80850
88	0.80850
89	0.80850
90	0.80850
91	0.80900
92	0.80900
93	0.80900
94	0.80900
95	0.80900
96	0.80900
97	0.80900
98	0.80900
99	0.80900
100	0.80900
101	0.80900
102	0.80900
103	0.80900
104	0.80900
105	0.80900
106	0.80900
107	0.80900
108	0.80900
109	0.80900
110	0.80900
111	0.80900
112	0.80900
113	0.80900
114	0.80900
115	0.80900
116	0.80900
117	0.80900
118	0.80900
119	0.80900
120	0.80900
121	0.80900
122	0.80900
123	0.80900
124	0.80900
125	0.80900
126	0.80900
127	0.80900
128	0.80900
129	0.80900
130	0.80900
131	0.80900
132	0.80900
133	0.80900
134	0.80900
135	0.80900
136	0.80900
137	0.80900
138	0.80900
139	0.80900
140	0.80900
141	0.80900
142	0.80900
143	0.80900
144	0.80900
145	0.80900
146	0.80900
147	0.80900
148	0.80900
149	0.80900
150	0.80900
151	0.80900
152	0.80900
153	0.80900
154	0.80900
155	0.80900
156	0.80900
157	0.80900
158	0.80900
159	0.80900
160	0.80900
161	0.80900
162	0.80900
163	0.80900
164	0.80900
165	0.80900
166	0.80900
167	0.80900
168	0.80900
169	0.80900
170	0.80900
171	0.80900
172	0.80900
173	0.80900
174	0.80900
175	0.80900
176	0.80900
177	0.80900
178	0.80900
179	0.80900
