0	0.00000
1	0.00000
2	0.00000
3	0.07237
4	0.18105
5	0.23501
6	0.50073
7	0.53716
8	0.63634
9	0.75626
10	0.85725
11	1.07989
12	1.03387
13	0.83957
14	0.96316
15	0.83041
16	0.82895
17	0.82802
18	0.80956
19	0.76614
20	0.81541
21	0.72047
22	0.66678
23	0.62503
24	0.56987
25	0.55146
26	0.54048
27	0.48568
28	0.44295
29	0.42661
30	0.41044
31	0.37615
32	0.34822
33	0.31413
34	0.29283
35	0.26828
36	0.22896
37	0.20782
38	0.18943
39	0.16706
40	0.14585
41	0.12571
42	0.11105
43	0.09964
44	0.08628
45	0.07362
46	0.06562
47	0.05988
48	0.05312
49	0.04763
50	0.04476
51	0.04091
52	0.03593
53	0.03102
54	0.02554
55	0.02342
56	0.01939
57	0.01857
58	0.01697
59	0.01509
60	0.01347
61	0.01328
62	0.01124
63	0.00906
64	0.00795
65	0.00633
66	0.00594
67	0.00522
68	0.00337
69	0.00335
70	0.00310
71	0.00221
72	0.00222
73	0.00125
74	0.00125
75	0.00121
76	0.00044
77	0.00045
78	0.00107
79	0.00144
80	0.00142
81	0.00182
82	0.00172
83	0.00164
84	0.00161
85	0.00114
86	0.00073
87	0.00073
88	0.00000
89	0.00025
90	0.00025
91	0.00025
92	0.00025
93	0.00060
94	0.00060
95	0.00060
96	0.00035
97	0.00035
98	0.00035
99	0.00035
100	0.00000
101	0.00000
102	0.00000
103	0.00000
104	0.00000
105	0.00000
106	0.00000
107	0.00000
108	0.00000
109	0.00000
110	0.00000
111	0.00000
112	0.00000
113	0.00000
114	0.00000
115	0.00000
116	0.00000
117	0.00000
118	0.00000
119	0.00000
120	0.00000
121	0.00000
122	0.00000
123	0.00000
124	0.00000
125	0.00000
126	0.00000
127	0.00000
128	0.00000
129	0.00000
130	0.00000
131	0.00000
132	0.00000
133	0.00000
134	0.00000
135	0.00000
136	0.00000
137	0.00000
138	0.00000
139	0.00000
140	0.00000
141	0.00000
142	0.00000
143	0.00000
144	0.00000
145	0.00000
146	0.00000
147	0.00000
148	0.00000
149	0.00000
150	0.00000
151	0.00000
152	0.00000
153	0.00000
154	0.00000
155	0.00000
156	0.00000
157	0.00000
158	0.00000
159	0.00000
160	0.00000
161	0.00000
162	0.00000
163	0.00000
164	0.00000
165	0.00000
166	0.00000
167	0.00000
168	0.00000
169	0.00000
170	0.00000
171	0.00000
172	0.00000
173	0.00000
174	0.00000
175	0.00000
176	0.00000
177	0.00000
178	0.00000
179	0.00000
