0	0.00000
1	0.00000
2	0.00000
3	0.00000
4	0.13038
5	0.28378
6	0.84496
7	1.20768
8	1.30905
9	1.40710
10	1.47676
11	1.50359
12	1.35000
13	1.16661
14	0.98998
15	0.79008
16	0.60997
17	0.45349
18	0.34562
19	0.25883
20	0.20134
21	0.15198
22	0.11716
23	0.08845
24	0.06953
25	0.05615
26	0.05004
27	0.04298
28	0.03756
29	0.03434
30	0.03067
31	0.02592
32	0.02407
33	0.01714
34	0.01332
35	0.01191
36	0.00856
37	0.00553
38	0.00433
39	0.00165
40	0.00145
41	0.00173
42	0.00087
43	0.00032
44	0.00052
45	0.00025
46	0.00025
47	0.00025
48	0.00000
49	0.00000
50	0.00000
51	0.00000
52	0.00000
53	0.00000
54	0.00000
55	0.00000
56	0.00000
57	0.00000
58	0.00000
59	0.00000
60	0.00000
61	0.00000
62	0.00000
63	0.00000
64	0.00000
65	0.00000
66	0.00000
67	0.00000
68	0.00000
69	0.00000
70	0.00000
71	0.00000
72	0.00000
73	0.00000
74	0.00000
75	0.00000
76	0.00000
77	0.00000
78	0.00000
79	0.00000
80	0.00000
81	0.00000
82	0.00000
83	0.00000
84	0.00000
85	0.00000
86	0.00000
87	0.00000
88	0.00000
89	0.00000
90	0.00000
91	0.00000
92	0.00000
93	0.00000
94	0.00000
95	0.00000
96	0.00000
97	0.00000
98	0.00000
99	0.00000
