0	0.00500
1	0.01400
2	0.03850
3	0.10900
4	0.27750
5	0.55000
6	0.75750
7	0.85350
8	0.87650
9	0.88300
10	0.88450
11	0.88500
12	0.88500
13	0.88500
14	0.88500
15	0.88550
16	0.88550
17	0.88550
18	0.88550
19	0.88550
20	0.88550
21	0.88550
22	0.88550
23	0.88550
24	0.88550
25	0.88550
26	0.88550
27	0.88550
28	0.88550
29	0.88550
30	0.88550
31	0.88550
32	0.88550
33	0.88550
34	0.88550
35	0.88550
36	0.88550
37	0.88550
38	0.88550
39	0.88550
40	0.88550
41	0.88550
42	0.88550
43	0.88550
44	0.88550
45	0.88550
46	0.88550
47	0.88550
48	0.88550
49	0.88550
50	0.88550
51	0.88550
52	0.88550
53	0.88550
54	0.88550
55	0.88550
56	0.88550
57	0.88550
58	0.88550
59	0.88550
60	0.88550
61	0.88550
62	0.88550
63	0.88550
64	0.88550
65	0.88550
66	0.88550
67	0.88550
68	0.88550
69	0.88550
70	0.88550
71	0.88550
72	0.88550
73	0.88550
74	0.88550
75	0.88550
76	0.88550
77	0.88550
78	0.88550
79	0.88550
80	0.88550
81	0.88550
82	0.88550
83	0.88550
84	0.88550
85	0.88550
86	0.88550
87	0.88550
88	0.88550
89	0.88550
90	0.88550
91	0.88550
92	0.88550
93	0.88550
94	0.88550
95	0.88550
96	0.88550
97	0.88550
98	0.88550
99	0.88550
100	0.88550
101	0.88550
102	0.88550
103	0.88550
104	0.88550
105	0.88550
106	0.88550
107	0.88550
108	0.88550
109	0.88550
110	0.88550
111	0.88550
112	0.88550
113	0.88550
114	0.88550
115	0.88550
116	0.88550
117	0.88550
118	0.88550
119	0.88550
120	0.88550
121	0.88550
122	0.88550
123	0.88550
124	0.88550
125	0.88550
126	0.88550
127	0.88550
128	0.88550
129	0.88550
130	0.88550
131	0.88550
132	0.88550
133	0.88550
134	0.88550
135	0.88550
136	0.88550
137	0.88550
138	0.88550
139	0.88550
140	0.88550
141	0.88550
142	0.88550
143	0.88550
144	0.88550
145	0.88550
146	0.88550
147	0.88550
148	0.88550
149	0.88550
150	0.88550
