0	0.00500
1	0.00600
2	0.00800
3	0.00950
4	0.01050
5	0.01200
6	0.01450
7	0.01750
8	0.01900
9	0.02150
10	0.02350
11	0.02900
12	0.03550
13	0.04000
14	0.04800
15	0.05550
16	0.06450
17	0.07250
18	0.08300
19	0.09600
20	0.10800
21	0.12050
22	0.13750
23	0.15650
24	0.18100
25	0.20300
26	0.22550
27	0.24950
28	0.27650
29	0.30450
30	0.33600
31	0.36500
32	0.39400
33	0.42100
34	0.44900
35	0.47650
36	0.50100
37	0.52700
38	0.55100
39	0.57450
40	0.59400
41	0.61200
42	0.62850
43	0.64750
44	0.65750
45	0.66950
46	0.68150
47	0.69350
48	0.70350
49	0.71000
50	0.71550
51	0.72150
52	0.72950
53	0.73700
54	0.74100
55	0.74450
56	0.74800
57	0.75050
58	0.75050
59	0.75150
60	0.75350
61	0.75500
62	0.75600
63	0.75900
64	0.76050
65	0.76100
66	0.76300
67	0.76300
68	0.76350
69	0.76400
70	0.76450
71	0.76450
72	0.76450
73	0.76500
74	0.76500
75	0.76500
76	0.76500
77	0.76550
78	0.76550
79	0.76550
80	0.76600
81	0.76600
82	0.76600
83	0.76600
84	0.76600
85	0.76600
86	0.76600
87	0.76600
88	0.76600
89	0.76600
90	0.76600
91	0.76600
92	0.76600
93	0.76600
94	0.76600
95	0.76600
96	0.76600
97	0.76600
98	0.76600
99	0.76600
