0	0.00200
1	0.00300
2	0.00500
3	0.00760
4	0.01160
5	0.01620
6	0.02440
7	0.03680
8	0.05560
9	0.07680
10	0.10600
11	0.14560
12	0.20180
13	0.26660
14	0.34500
15	0.42940
16	0.51540
17	0.60200
18	0.67560
19	0.74220
20	0.79060
21	0.82680
22	0.85120
23	0.87200
24	0.88540
25	0.89280
26	0.89760
27	0.90060
28	0.90220
29	0.90420
30	0.90500
31	0.90520
32	0.90520
33	0.90520
34	0.90540
35	0.90600
36	0.90620
37	0.90620
38	0.90620
39	0.90620
40	0.90620
41	0.90620
42	0.90620
43	0.90620
44	0.90620
45	0.90620
46	0.90620
47	0.90620
48	0.90620
49	0.90620
50	0.90620
51	0.90620
52	0.90620
53	0.90620
54	0.90620
55	0.90620
56	0.90620
57	0.90620
58	0.90620
59	0.90620
60	0.90620
61	0.90620
62	0.90620
63	0.90620
64	0.90620
65	0.90620
66	0.90620
67	0.90620
68	0.90620
69	0.90620
70	0.90620
71	0.90620
72	0.90620
73	0.90620
74	0.90620
75	0.90620
76	0.90620
77	0.90620
78	0.90620
79	0.90620
80	0.90620
81	0.90620
82	0.90620
83	0.90620
84	0.90620
85	0.90620
86	0.90620
87	0.90620
88	0.90620
89	0.90620
90	0.90620
91	0.90620
92	0.90620
93	0.90620
94	0.90620
95	0.90620
96	0.90620
97	0.90620
98	0.90620
99	0.90620
