0	0	0	0	0	0	
1	500	0	0	0	0	
2	500	0	0	0	0	
3	499	0	0	0	0	
4	0	498	0	0	0	
5	0	0	496	0	0	
6	0	0	0	493	0	
7	0	0	0	0	492	
8	0	0	0	0	491	
9	0	0	0	0	491	
10	0	0	0	0	490	
11	0	0	0	0	489	
12	0	0	0	0	489	
13	0	0	0	0	486	
14	0	0	0	0	484	
15	0	0	0	0	479	
16	0	0	0	0	476	
17	0	0	0	0	473	
18	0	0	0	0	472	
19	0	0	0	0	469	
20	0	0	0	0	468	
21	0	0	0	0	468	
22	0	0	0	0	468	
23	0	0	0	0	468	
24	0	0	0	0	468	
25	0	0	0	0	468	
26	0	0	0	0	468	
27	0	0	0	0	468	
28	0	0	0	0	468	
29	0	0	0	0	468	
30	0	0	0	0	468	
31	0	0	0	0	468	
32	0	0	0	0	468	
33	0	0	0	0	468	
34	0	0	0	0	468	
35	0	0	0	0	468	
36	0	0	0	0	468	
37	0	0	0	0	468	
38	0	0	0	0	468	
39	0	0	0	0	468	
40	0	0	0	0	468	
41	0	0	0	0	468	
42	0	0	0	0	468	
43	0	0	0	0	468	
44	0	0	0	0	468	
45	0	0	0	0	468	
46	0	0	0	0	468	
47	0	0	0	0	468	
48	0	0	0	0	468	
49	0	0	0	0	468	
50	0	0	0	0	468	
51	0	0	0	0	468	
52	0	0	0	0	468	
53	0	0	0	0	468	
54	0	0	0	0	468	
55	0	0	0	0	468	
56	0	0	0	0	468	
57	0	0	0	0	468	
58	0	0	0	0	468	
59	0	0	0	0	468	
60	0	0	0	0	468	
61	0	0	0	0	468	
62	0	0	0	0	468	
63	0	0	0	0	468	
64	0	0	0	0	468	
65	0	0	0	0	468	
66	0	0	0	0	468	
67	0	0	0	0	468	
68	0	0	0	0	468	
69	0	0	0	0	468	
70	0	0	0	0	468	
71	0	0	0	0	468	
72	0	0	0	0	468	
73	0	0	0	0	468	
74	0	0	0	0	468	
75	0	0	0	0	468	
76	0	0	0	0	468	
77	0	0	0	0	468	
78	0	0	0	0	468	
79	0	0	0	0	468	
80	0	0	0	0	468	
81	0	0	0	0	468	
82	0	0	0	0	468	
83	0	0	0	0	468	
84	0	0	0	0	468	
85	0	0	0	0	468	
86	0	0	0	0	468	
87	0	0	0	0	468	
88	0	0	0	0	468	
89	0	0	0	0	468	
90	0	0	0	0	468	
91	0	0	0	0	468	
92	0	0	0	0	468	
93	0	0	0	0	468	
94	0	0	0	0	468	
95	0	0	0	0	468	
96	0	0	0	0	468	
97	0	0	0	0	468	
98	0	0	0	0	468	
99	0	0	0	0	468	
