0	0.00500
1	0.01300
2	0.03900
3	0.10650
4	0.23100
5	0.35850
6	0.42250
7	0.44650
8	0.45900
9	0.46200
10	0.46350
11	0.46400
12	0.46500
13	0.46500
14	0.46500
15	0.46500
16	0.46500
17	0.46500
18	0.46500
19	0.46500
20	0.46500
21	0.46500
22	0.46500
23	0.46500
24	0.46500
25	0.46500
26	0.46500
27	0.46500
28	0.46500
29	0.46500
30	0.46500
31	0.46500
32	0.46500
33	0.46500
34	0.46500
35	0.46500
36	0.46500
37	0.46500
38	0.46500
39	0.46500
40	0.46500
41	0.46500
42	0.46500
43	0.46500
44	0.46500
45	0.46500
46	0.46500
47	0.46500
48	0.46500
49	0.46500
50	0.46500
51	0.46500
52	0.46500
53	0.46500
54	0.46500
55	0.46500
56	0.46500
57	0.46500
58	0.46500
59	0.46500
60	0.46500
61	0.46500
62	0.46500
63	0.46500
64	0.46500
65	0.46500
66	0.46500
67	0.46500
68	0.46500
69	0.46500
70	0.46500
71	0.46500
72	0.46500
73	0.46500
74	0.46500
75	0.46500
76	0.46500
77	0.46500
78	0.46500
79	0.46500
80	0.46500
81	0.46500
82	0.46500
83	0.46500
84	0.46500
85	0.46500
86	0.46500
87	0.46500
88	0.46500
89	0.46500
90	0.46500
91	0.46500
92	0.46500
93	0.46500
94	0.46500
95	0.46500
96	0.46500
97	0.46500
98	0.46500
99	0.46500
100	0.46500
101	0.46500
102	0.46500
103	0.46500
104	0.46500
105	0.46500
106	0.46500
107	0.46500
108	0.46500
109	0.46500
110	0.46500
111	0.46500
112	0.46500
113	0.46500
114	0.46500
115	0.46500
116	0.46500
117	0.46500
118	0.46500
119	0.46500
120	0.46500
121	0.46500
122	0.46500
123	0.46500
124	0.46500
125	0.46500
126	0.46500
127	0.46500
128	0.46500
129	0.46500
130	0.46500
131	0.46500
132	0.46500
133	0.46500
134	0.46500
135	0.46500
136	0.46500
137	0.46500
138	0.46500
139	0.46500
140	0.46500
141	0.46500
142	0.46500
143	0.46500
144	0.46500
145	0.46500
146	0.46500
147	0.46500
148	0.46500
149	0.46500
150	0.46500
