0	0.00000
1	0.00120
2	0.00240
3	0.00120
4	0.00300
5	0.00520
6	0.00700
7	0.00440
8	0.00660
9	0.00940
10	0.00920
11	0.01180
12	0.01540
13	0.01740
14	0.02040
15	0.02580
16	0.02620
17	0.03100
18	0.02840
19	0.02980
20	0.03300
21	0.02920
22	0.03560
23	0.02700
24	0.02420
25	0.02480
26	0.01680
27	0.01340
28	0.01180
29	0.01140
30	0.01020
31	0.00820
32	0.00500
33	0.00320
34	0.00240
35	0.00200
36	0.00140
37	0.00280
38	0.00160
39	0.00100
40	0.00080
41	0.00060
42	0.00020
43	0.00020
44	0.00040
45	0.00000
46	0.00020
47	0.00000
48	0.00000
49	0.00000
50	0.00000
51	0.00000
52	0.00000
53	0.00000
54	0.00000
55	0.00000
56	0.00000
57	0.00000
58	0.00000
59	0.00000
60	0.00000
61	0.00000
62	0.00000
63	0.00000
64	0.00000
65	0.00000
66	0.00000
67	0.00000
68	0.00000
69	0.00000
70	0.00000
71	0.00000
72	0.00000
73	0.00000
74	0.00000
75	0.00000
76	0.00000
77	0.00000
78	0.00000
79	0.00000
80	0.00000
81	0.00000
82	0.00000
83	0.00000
84	0.00000
85	0.00000
86	0.00000
87	0.00000
88	0.00000
89	0.00000
90	0.00000
91	0.00000
92	0.00000
93	0.00000
94	0.00000
95	0.00000
96	0.00000
97	0.00000
98	0.00000
99	0.00000
