0	0.00500
1	0.00500
2	0.01000
3	0.01350
4	0.02150
5	0.03800
6	0.06300
7	0.09900
8	0.14600
9	0.19900
10	0.26350
11	0.32100
12	0.37500
13	0.43350
14	0.48350
15	0.52100
16	0.55850
17	0.59400
18	0.61150
19	0.62900
20	0.64100
21	0.65100
22	0.65900
23	0.66900
24	0.67850
25	0.68150
26	0.68500
27	0.68700
28	0.68950
29	0.69050
30	0.69150
31	0.69300
32	0.69500
33	0.69550
34	0.69650
35	0.69800
36	0.69800
37	0.69800
38	0.69800
39	0.69850
40	0.69850
41	0.69850
42	0.69850
43	0.69850
44	0.69850
45	0.69850
46	0.69850
47	0.69900
48	0.69900
49	0.69900
50	0.69900
51	0.69900
52	0.69900
53	0.69900
54	0.69900
55	0.69900
56	0.69900
57	0.69900
58	0.69900
59	0.69900
60	0.69900
61	0.69900
62	0.69900
63	0.69900
64	0.69900
65	0.69900
66	0.69900
67	0.69900
68	0.69900
69	0.69900
70	0.69900
71	0.69900
72	0.69900
73	0.69900
74	0.69900
75	0.69900
76	0.69900
77	0.69900
78	0.69900
79	0.69900
80	0.69900
81	0.69900
82	0.69900
83	0.69900
84	0.69900
85	0.69900
86	0.69900
87	0.69900
88	0.69900
89	0.69900
90	0.69900
91	0.69900
92	0.69900
93	0.69900
94	0.69900
95	0.69900
96	0.69900
97	0.69900
98	0.69900
99	0.69900
