0	0.00000
1	0.00000
2	0.00000
3	0.00000
4	0.04011
5	0.11820
6	0.25398
7	0.59805
8	0.92172
9	1.18216
10	1.29211
11	1.31826
12	1.35966
13	1.17484
14	0.99120
15	0.79806
16	0.63728
17	0.47920
18	0.37110
19	0.29078
20	0.22212
21	0.16789
22	0.13000
23	0.09951
24	0.07964
25	0.06732
26	0.05612
27	0.04568
28	0.03826
29	0.03133
30	0.02783
31	0.02375
32	0.01841
33	0.01426
34	0.01299
35	0.01084
36	0.01015
37	0.00809
38	0.00673
39	0.00546
40	0.00381
41	0.00265
42	0.00223
43	0.00114
44	0.00036
45	0.00036
46	0.00036
47	0.00036
48	0.00000
49	0.00029
50	0.00029
51	0.00029
52	0.00029
53	0.00029
54	0.00029
55	0.00029
56	0.00000
57	0.00000
58	0.00000
59	0.00000
60	0.00000
61	0.00000
62	0.00000
63	0.00000
64	0.00000
65	0.00000
66	0.00000
67	0.00000
68	0.00000
69	0.00000
70	0.00000
71	0.00000
72	0.00000
73	0.00000
74	0.00000
75	0.00000
76	0.00000
77	0.00000
78	0.00000
79	0.00000
80	0.00000
81	0.00000
82	0.00000
83	0.00000
84	0.00000
85	0.00000
86	0.00000
87	0.00000
88	0.00000
89	0.00000
90	0.00000
91	0.00000
92	0.00000
93	0.00000
94	0.00000
95	0.00000
96	0.00000
97	0.00000
98	0.00000
99	0.00000
