0	0.00000
1	0.00000
2	0.00000
3	0.12809
4	0.44960
5	0.74398
6	0.97046
7	0.85034
8	0.73451
9	0.67742
10	0.56430
11	0.57064
12	0.72480
13	0.60349
14	0.53596
15	0.59388
16	0.54775
17	0.51283
18	0.46621
19	0.39932
20	0.38321
21	0.42043
22	0.35279
23	0.30192
24	0.27278
25	0.25080
26	0.23937
27	0.22624
28	0.17831
29	0.17277
30	0.14668
31	0.11954
32	0.12201
33	0.14292
34	0.14758
35	0.13889
36	0.13735
37	0.14379
38	0.11720
39	0.09719
40	0.10532
41	0.11810
42	0.10783
43	0.09476
44	0.09995
45	0.09887
46	0.10541
47	0.11678
48	0.10949
49	0.10351
50	0.10212
51	0.09279
52	0.09288
53	0.08410
54	0.07691
55	0.06982
56	0.06865
57	0.06039
58	0.06094
59	0.06306
60	0.06754
61	0.05891
62	0.05620
63	0.05099
64	0.04991
65	0.05293
66	0.04755
67	0.04475
68	0.03907
69	0.03669
70	0.03217
71	0.03389
72	0.03175
73	0.02889
74	0.02884
75	0.02659
76	0.02310
77	0.02328
78	0.02147
79	0.02388
80	0.02503
81	0.02418
82	0.02435
83	0.02382
84	0.02037
85	0.01728
86	0.01343
87	0.01335
88	0.01536
89	0.01627
90	0.01616
91	0.01363
92	0.01325
93	0.01145
94	0.01199
95	0.01175
96	0.01259
97	0.01381
98	0.01150
99	0.01114
100	0.00092
101	0.01178
102	0.01290
103	0.01241
104	0.01145
105	0.01158
106	0.01183
107	0.01180
108	0.01158
109	0.01132
110	0.01155
111	0.01025
112	0.01026
113	0.01202
114	0.01150
115	0.01071
116	0.00726
117	0.00000
118	0.00000
119	0.00000
120	0.00298
121	0.00868
122	0.01072
123	0.00625
124	0.01160
125	0.01064
126	0.01058
127	0.00000
128	0.00000
129	0.00000
130	0.00000
131	0.00000
132	0.00000
133	0.00000
134	0.00000
135	0.00000
136	0.00156
137	0.00156
138	0.00156
139	0.00000
140	0.00000
141	0.00000
142	0.00000
143	0.00000
144	0.00153
145	0.00153
146	0.00153
147	0.00000
148	0.00000
149	0.00000
