0	0	0	0	0	0	
1	749	0	0	0	0	
2	748	0	0	0	0	
3	630	117	0	0	0	
4	355	275	117	0	0	
5	117	238	275	117	0	
6	2	115	238	274	117	
7	0	2	115	238	391	
8	0	0	2	115	629	
9	0	0	0	2	744	
10	0	0	0	0	746	
11	0	0	0	0	746	
12	0	0	0	0	746	
13	0	0	0	0	745	
14	0	0	0	0	745	
15	0	0	0	0	745	
16	0	0	0	0	745	
17	0	0	0	0	745	
18	0	0	0	0	745	
19	0	0	0	0	745	
20	0	0	0	0	745	
21	0	0	0	0	745	
22	0	0	0	0	745	
23	0	0	0	0	744	
24	0	0	0	0	744	
25	0	0	0	0	744	
26	0	0	0	0	743	
27	0	0	0	0	742	
28	0	0	0	0	742	
29	0	0	0	0	742	
30	0	0	0	0	742	
31	0	0	0	0	742	
32	0	0	0	0	741	
33	0	0	0	0	740	
34	0	0	0	0	739	
35	0	0	0	0	737	
36	0	0	0	0	736	
37	0	0	0	0	736	
38	0	0	0	0	735	
39	0	0	0	0	735	
40	0	0	0	0	735	
41	0	0	0	0	734	
42	0	0	0	0	733	
43	0	0	0	0	731	
44	0	0	0	0	731	
45	0	0	0	0	728	
46	0	0	0	0	727	
47	0	0	0	0	727	
48	0	0	0	0	727	
49	0	0	0	0	725	
50	0	0	0	0	725	
51	0	0	0	0	723	
52	0	0	0	0	723	
53	0	0	0	0	723	
54	0	0	0	0	723	
55	0	0	0	0	723	
56	0	0	0	0	721	
57	0	0	0	0	721	
58	0	0	0	0	719	
59	0	0	0	0	719	
60	0	0	0	0	719	
61	0	0	0	0	718	
62	0	0	0	0	717	
63	0	0	0	0	713	
64	0	0	0	0	713	
65	0	0	0	0	712	
66	0	0	0	0	712	
67	0	0	0	0	711	
68	0	0	0	0	711	
69	0	0	0	0	711	
70	0	0	0	0	710	
71	0	0	0	0	709	
72	0	0	0	0	709	
73	0	0	0	0	708	
74	0	0	0	0	708	
75	0	0	0	0	708	
76	0	0	0	0	708	
77	0	0	0	0	708	
78	0	0	0	0	708	
79	0	0	0	0	708	
80	0	0	0	0	708	
81	0	0	0	0	707	
82	0	0	0	0	707	
83	0	0	0	0	707	
84	0	0	0	0	707	
85	0	0	0	0	707	
86	0	0	0	0	707	
87	0	0	0	0	707	
88	0	0	0	0	707	
89	0	0	0	0	707	
90	0	0	0	0	707	
91	0	0	0	0	707	
92	0	0	0	0	707	
93	0	0	0	0	707	
94	0	0	0	0	707	
95	0	0	0	0	707	
96	0	0	0	0	707	
97	0	0	0	0	707	
98	0	0	0	0	707	
99	0	0	0	0	707	
100	0	0	0	0	707	
101	0	0	0	0	707	
102	0	0	0	0	707	
103	0	0	0	0	707	
104	0	0	0	0	707	
105	0	0	0	0	707	
106	0	0	0	0	706	
107	0	0	0	0	706	
108	0	0	0	0	705	
109	0	0	0	0	705	
110	0	0	0	0	705	
111	0	0	0	0	705	
112	0	0	0	0	705	
113	0	0	0	0	705	
114	0	0	0	0	705	
115	0	0	0	0	705	
116	0	0	0	0	705	
117	0	0	0	0	705	
118	0	0	0	0	705	
119	0	0	0	0	705	
120	0	0	0	0	705	
121	0	0	0	0	705	
122	0	0	0	0	705	
123	0	0	0	0	705	
124	0	0	0	0	705	
125	0	0	0	0	705	
126	0	0	0	0	705	
127	0	0	0	0	705	
128	0	0	0	0	705	
129	0	0	0	0	705	
130	0	0	0	0	705	
131	0	0	0	0	705	
132	0	0	0	0	705	
133	0	0	0	0	705	
134	0	0	0	0	705	
135	0	0	0	0	705	
136	0	0	0	0	705	
137	0	0	0	0	705	
138	0	0	0	0	705	
139	0	0	0	0	705	
140	0	0	0	0	705	
141	0	0	0	0	705	
142	0	0	0	0	705	
143	0	0	0	0	705	
144	0	0	0	0	705	
145	0	0	0	0	705	
146	0	0	0	0	705	
147	0	0	0	0	705	
148	0	0	0	0	705	
149	0	0	0	0	705	
