0	0.00000
1	0.00000
2	0.00000
3	0.00000
4	0.00000
5	0.20870
6	0.94060
7	1.01466
8	1.00942
9	1.03795
10	1.05316
11	0.94666
12	0.93141
13	0.90263
14	0.86016
15	0.82990
16	0.82710
17	0.74358
18	0.89726
19	0.79035
20	0.83641
21	0.78711
22	0.80590
23	0.72085
24	0.77161
25	0.75105
26	0.72506
27	0.75565
28	0.69539
29	0.71152
30	0.78077
31	0.80335
32	0.75760
33	0.79923
34	0.72896
35	0.81595
36	0.76096
37	0.76989
38	0.73803
39	0.65220
40	0.63783
41	0.68212
42	0.60730
43	0.57232
44	0.55571
45	0.55848
46	0.53715
47	0.51617
48	0.48732
49	0.46399
50	0.43340
51	0.40174
52	0.40291
53	0.42241
54	0.43051
55	0.40588
56	0.39840
57	0.36873
58	0.35553
59	0.32890
60	0.31358
61	0.30876
62	0.30641
63	0.29175
64	0.26836
65	0.26272
66	0.25574
67	0.25683
68	0.24452
69	0.23457
70	0.22565
71	0.21781
72	0.20116
73	0.19265
74	0.19223
75	0.17810
76	0.15660
77	0.14628
78	0.14503
79	0.14001
80	0.13469
81	0.12419
82	0.11520
83	0.10381
84	0.09771
85	0.09241
86	0.09036
87	0.08166
88	0.07468
89	0.06728
90	0.06457
91	0.06092
92	0.05517
93	0.05260
94	0.04996
95	0.04434
96	0.04683
97	0.04369
98	0.04025
99	0.03550
100	0.03024
101	0.02973
102	0.02673
103	0.02360
104	0.02382
105	0.02247
106	0.02224
107	0.02340
108	0.02097
109	0.02118
110	0.01865
111	0.01739
112	0.01684
113	0.01752
114	0.01662
115	0.01577
116	0.01606
117	0.01652
118	0.01610
119	0.01563
120	0.01504
121	0.01441
122	0.01474
123	0.01364
124	0.01338
125	0.01219
126	0.01153
127	0.01121
128	0.01098
129	0.01082
130	0.01069
131	0.01132
132	0.01104
133	0.00802
134	0.00794
135	0.00265
136	0.00265
137	0.00265
138	0.00265
139	0.00829
140	0.01175
141	0.01110
142	0.01058
143	0.01058
144	0.01058
145	0.01008
146	0.01008
147	0.01008
148	0.01008
149	0.01008
