0	0.00500
1	0.00800
2	0.01300
3	0.02300
4	0.03950
5	0.07050
6	0.11900
7	0.17900
8	0.24500
9	0.30850
10	0.38000
11	0.43600
12	0.48750
13	0.53150
14	0.56700
15	0.59000
16	0.60650
17	0.62550
18	0.64200
19	0.65450
20	0.66150
21	0.67100
22	0.67800
23	0.68350
24	0.68800
25	0.69350
26	0.69600
27	0.69800
28	0.69900
29	0.70050
30	0.70100
31	0.70100
32	0.70150
33	0.70200
34	0.70300
35	0.70350
36	0.70350
37	0.70350
38	0.70400
39	0.70400
40	0.70400
41	0.70400
42	0.70400
43	0.70450
44	0.70450
45	0.70450
46	0.70450
47	0.70450
48	0.70450
49	0.70450
50	0.70450
51	0.70450
52	0.70450
53	0.70450
54	0.70450
55	0.70450
56	0.70450
57	0.70450
58	0.70450
59	0.70450
60	0.70450
61	0.70450
62	0.70450
63	0.70450
64	0.70450
65	0.70450
66	0.70450
67	0.70450
68	0.70450
69	0.70450
70	0.70450
71	0.70450
72	0.70450
73	0.70450
74	0.70450
75	0.70450
76	0.70450
77	0.70450
78	0.70450
79	0.70450
80	0.70450
81	0.70450
82	0.70450
83	0.70450
84	0.70450
85	0.70450
86	0.70450
87	0.70450
88	0.70450
89	0.70450
90	0.70450
91	0.70450
92	0.70450
93	0.70450
94	0.70450
95	0.70450
96	0.70450
97	0.70450
98	0.70450
99	0.70450
