0	0.02000
1	0.02000
2	0.02000
3	0.02000
4	0.02000
5	0.02000
6	0.02000
7	0.02000
8	0.02000
9	0.02000
10	0.02000
11	0.02000
12	0.02000
13	0.02000
14	0.02000
15	0.02000
16	0.02000
17	0.02000
18	0.02000
19	0.02000
20	0.02000
21	0.02000
22	0.02000
23	0.02000
24	0.02000
25	0.02000
26	0.02000
27	0.02000
28	0.02000
29	0.02000
30	0.02000
31	0.02000
32	0.02000
33	0.02000
34	0.02000
35	0.02000
36	0.02000
37	0.02000
38	0.02000
39	0.02000
40	0.02000
41	0.02000
42	0.02000
43	0.02000
44	0.02000
45	0.02000
46	0.02000
47	0.02000
48	0.02000
49	0.02000
50	0.02500
51	0.02500
52	0.03000
53	0.03000
54	0.03000
55	0.03000
56	0.03000
57	0.03000
58	0.03000
59	0.03000
60	0.03500
61	0.03500
62	0.04000
63	0.04000
64	0.04000
65	0.04000
66	0.04000
67	0.04000
68	0.04000
69	0.04000
70	0.04000
71	0.04000
72	0.04000
73	0.04500
74	0.04500
75	0.05000
76	0.05000
77	0.05000
78	0.05000
79	0.05000
80	0.05000
81	0.05000
82	0.05000
83	0.05000
84	0.05000
85	0.05000
86	0.05500
87	0.05500
88	0.05500
89	0.06000
90	0.06000
91	0.06000
92	0.06000
93	0.06000
94	0.06000
95	0.06000
96	0.06000
97	0.06500
98	0.06500
99	0.06500
100	0.06500
101	0.06500
102	0.07000
103	0.07000
104	0.07000
105	0.07000
106	0.07000
107	0.07000
108	0.07000
109	0.07000
110	0.07000
111	0.07000
112	0.07000
113	0.07500
114	0.07500
115	0.08000
116	0.08000
117	0.08000
118	0.08000
119	0.08500
120	0.08500
121	0.09000
122	0.09000
123	0.09500
124	0.09500
125	0.09500
126	0.09500
127	0.09500
128	0.09500
129	0.09500
130	0.10000
131	0.10500
132	0.10500
133	0.11000
134	0.11500
135	0.12000
136	0.12000
137	0.12500
138	0.12500
139	0.13000
140	0.13500
141	0.14000
142	0.14500
143	0.15000
144	0.15500
145	0.17000
146	0.17500
147	0.18000
148	0.18500
149	0.18500
