0	0.00000
1	0.00000
2	0.00000
3	0.07350
4	0.41680
5	0.75291
6	1.13310
7	1.22650
8	1.38424
9	1.42314
10	1.37108
11	1.22269
12	1.03545
13	0.82732
14	0.64108
15	0.48485
16	0.35841
17	0.27349
18	0.20721
19	0.16109
20	0.12122
21	0.09092
22	0.07301
23	0.05825
24	0.05085
25	0.04363
26	0.03597
27	0.02886
28	0.02685
29	0.02228
30	0.01955
31	0.01591
32	0.01077
33	0.00859
34	0.00757
35	0.00427
36	0.00258
37	0.00172
38	0.00034
39	0.00031
40	0.00031
41	0.00020
42	0.00015
43	0.00015
44	0.00003
45	0.00000
46	0.00000
47	0.00000
48	0.00000
49	0.00000
50	0.00000
51	0.00000
52	0.00000
53	0.00000
54	0.00000
55	0.00000
56	0.00000
57	0.00000
58	0.00000
59	0.00000
60	0.00000
61	0.00000
62	0.00000
63	0.00000
64	0.00000
65	0.00000
66	0.00000
67	0.00000
68	0.00000
69	0.00000
70	0.00000
71	0.00000
72	0.00000
73	0.00000
74	0.00000
75	0.00000
76	0.00000
77	0.00000
78	0.00000
79	0.00000
80	0.00000
81	0.00000
82	0.00000
83	0.00000
84	0.00000
85	0.00000
86	0.00000
87	0.00000
88	0.00000
89	0.00000
90	0.00000
91	0.00000
92	0.00000
93	0.00000
94	0.00000
95	0.00000
96	0.00000
97	0.00000
98	0.00000
99	0.00000
