0	0.00500
1	0.00750
2	0.00950
3	0.01400
4	0.02100
5	0.03750
6	0.06650
7	0.11300
8	0.17500
9	0.24950
10	0.33950
11	0.41150
12	0.47950
13	0.53300
14	0.58500
15	0.62650
16	0.66250
17	0.68950
18	0.70950
19	0.72450
20	0.73450
21	0.74350
22	0.75100
23	0.75600
24	0.75850
25	0.75950
26	0.76450
27	0.76500
28	0.76700
29	0.76900
30	0.77050
31	0.77150
32	0.77300
33	0.77400
34	0.77500
35	0.77500
36	0.77550
37	0.77550
38	0.77600
39	0.77600
40	0.77600
41	0.77600
42	0.77600
43	0.77600
44	0.77600
45	0.77600
46	0.77600
47	0.77650
48	0.77650
49	0.77650
50	0.77650
51	0.77650
52	0.77650
53	0.77650
54	0.77650
55	0.77650
56	0.77650
57	0.77650
58	0.77650
59	0.77650
60	0.77650
61	0.77650
62	0.77650
63	0.77650
64	0.77650
65	0.77650
66	0.77650
67	0.77650
68	0.77650
69	0.77650
70	0.77650
71	0.77650
72	0.77650
73	0.77650
74	0.77650
75	0.77650
76	0.77650
77	0.77650
78	0.77650
79	0.77650
80	0.77650
81	0.77650
82	0.77650
83	0.77650
84	0.77650
85	0.77650
86	0.77650
87	0.77650
88	0.77650
89	0.77650
90	0.77650
91	0.77650
92	0.77650
93	0.77650
94	0.77650
95	0.77650
96	0.77650
97	0.77650
98	0.77650
99	0.77650
