0	0.00500
1	0.00650
2	0.01150
3	0.02400
4	0.04500
5	0.08150
6	0.12300
7	0.18150
8	0.23600
9	0.28900
10	0.35050
11	0.40800
12	0.46050
13	0.50350
14	0.54500
15	0.57850
16	0.60300
17	0.62000
18	0.63850
19	0.65300
20	0.66350
21	0.67150
22	0.68050
23	0.68550
24	0.68900
25	0.69050
26	0.69350
27	0.69450
28	0.69600
29	0.69600
30	0.69700
31	0.69850
32	0.69850
33	0.69950
34	0.69950
35	0.70050
36	0.70100
37	0.70150
38	0.70200
39	0.70200
40	0.70200
41	0.70200
42	0.70200
43	0.70200
44	0.70200
45	0.70200
46	0.70250
47	0.70250
48	0.70300
49	0.70300
50	0.70300
51	0.70300
52	0.70300
53	0.70300
54	0.70300
55	0.70300
56	0.70300
57	0.70300
58	0.70300
59	0.70300
60	0.70300
61	0.70300
62	0.70300
63	0.70300
64	0.70300
65	0.70300
66	0.70300
67	0.70300
68	0.70300
69	0.70300
70	0.70300
71	0.70300
72	0.70300
73	0.70300
74	0.70300
75	0.70300
76	0.70300
77	0.70300
78	0.70300
79	0.70300
80	0.70300
81	0.70300
82	0.70300
83	0.70300
84	0.70300
85	0.70300
86	0.70300
87	0.70300
88	0.70300
89	0.70300
90	0.70300
91	0.70300
92	0.70300
93	0.70300
94	0.70300
95	0.70300
96	0.70300
97	0.70300
98	0.70300
99	0.70300
