0	0.00000
1	0.00000
2	0.00000
3	0.03680
4	0.15805
5	0.37413
6	0.67316
7	1.01149
8	1.21936
9	1.29079
10	1.21519
11	1.18748
12	1.04735
13	0.89686
14	0.70566
15	0.53866
16	0.41853
17	0.33274
18	0.25225
19	0.18946
20	0.15295
21	0.12082
22	0.09539
23	0.07664
24	0.06364
25	0.05210
26	0.04352
27	0.03365
28	0.02767
29	0.02143
30	0.01736
31	0.01270
32	0.01009
33	0.00885
34	0.00666
35	0.00541
36	0.00478
37	0.00419
38	0.00427
39	0.00393
40	0.00357
41	0.00355
42	0.00232
43	0.00232
44	0.00109
45	0.00099
46	0.00051
47	0.00000
48	0.00033
49	0.00033
50	0.00100
51	0.00100
52	0.00100
53	0.00100
54	0.00100
55	0.00067
56	0.00067
57	0.00000
58	0.00000
59	0.00000
60	0.00000
61	0.00000
62	0.00000
63	0.00000
64	0.00000
65	0.00000
66	0.00000
67	0.00000
68	0.00000
69	0.00000
70	0.00000
71	0.00000
72	0.00000
73	0.00000
74	0.00000
75	0.00000
76	0.00000
77	0.00000
78	0.00000
79	0.00000
80	0.00000
81	0.00000
82	0.00000
83	0.00000
84	0.00000
85	0.00000
86	0.00000
87	0.00000
88	0.00000
89	0.00000
90	0.00000
91	0.00000
92	0.00000
93	0.00000
94	0.00000
95	0.00000
96	0.00000
97	0.00000
98	0.00000
99	0.00000
