0	0	0	0	0	0	
1	750	0	0	0	0	
2	746	0	0	0	0	
3	694	44	0	0	0	
4	469	214	43	0	0	
5	212	234	203	42	0	
6	78	132	228	194	40	
7	34	44	127	222	229	
8	21	12	42	119	446	
9	20	2	10	40	562	
10	16	1	1	10	600	
11	14	1	0	1	608	
12	10	1	0	0	605	
13	10	1	0	0	602	
14	8	1	0	0	599	
15	7	1	0	0	598	
16	6	1	0	0	597	
17	6	1	0	0	595	
18	4	1	0	0	594	
19	4	1	0	0	594	
20	3	1	0	0	593	
21	2	1	0	0	593	
22	1	1	0	0	593	
23	1	1	0	0	593	
24	1	1	0	0	593	
25	1	1	0	0	593	
26	1	1	0	0	593	
27	0	1	0	0	593	
28	0	1	0	0	593	
29	0	1	0	0	593	
30	0	1	0	0	593	
31	0	1	0	0	593	
32	0	1	0	0	593	
33	0	1	0	0	593	
34	0	1	0	0	593	
35	0	1	0	0	593	
36	0	1	0	0	593	
37	0	1	0	0	593	
38	0	1	0	0	593	
39	0	1	0	0	593	
40	0	1	0	0	593	
41	0	1	0	0	593	
42	0	1	0	0	593	
43	0	1	0	0	593	
44	0	1	0	0	593	
45	0	1	0	0	593	
46	0	1	0	0	593	
47	0	1	0	0	593	
48	0	1	0	0	593	
49	0	1	0	0	593	
50	0	1	0	0	593	
51	0	1	0	0	593	
52	0	1	0	0	593	
53	0	1	0	0	593	
54	0	1	0	0	593	
55	0	1	0	0	593	
56	0	1	0	0	593	
57	0	1	0	0	593	
58	0	1	0	0	593	
59	0	1	0	0	593	
60	0	1	0	0	593	
61	0	1	0	0	593	
62	0	1	0	0	593	
63	0	1	0	0	593	
64	0	1	0	0	593	
65	0	1	0	0	593	
66	0	1	0	0	593	
67	0	1	0	0	593	
68	0	1	0	0	593	
69	0	1	0	0	593	
70	0	1	0	0	593	
71	0	1	0	0	593	
72	0	1	0	0	593	
73	0	1	0	0	593	
74	0	1	0	0	593	
75	0	1	0	0	593	
76	0	1	0	0	593	
77	0	1	0	0	593	
78	0	1	0	0	593	
79	0	1	0	0	593	
80	0	1	0	0	593	
81	0	1	0	0	593	
82	0	1	0	0	593	
83	0	1	0	0	593	
84	0	1	0	0	593	
85	0	1	0	0	593	
86	0	1	0	0	593	
87	0	1	0	0	593	
88	0	1	0	0	593	
89	0	1	0	0	593	
90	0	1	0	0	593	
91	0	1	0	0	593	
92	0	1	0	0	593	
93	0	1	0	0	593	
94	0	1	0	0	593	
95	0	1	0	0	593	
96	0	1	0	0	593	
97	0	1	0	0	593	
98	0	1	0	0	593	
99	0	1	0	0	593	
