0	0.00200
1	0.00260
2	0.00400
3	0.00580
4	0.01020
5	0.01420
6	0.01880
7	0.02700
8	0.03780
9	0.05280
10	0.06580
11	0.08580
12	0.10980
13	0.14000
14	0.17120
15	0.20940
16	0.25060
17	0.29840
18	0.34840
19	0.39700
20	0.44060
21	0.48540
22	0.52420
23	0.55620
24	0.58340
25	0.60420
26	0.62160
27	0.63500
28	0.64360
29	0.64980
30	0.65500
31	0.65940
32	0.66120
33	0.66320
34	0.66400
35	0.66540
36	0.66640
37	0.66700
38	0.66740
39	0.66740
40	0.66760
41	0.66760
42	0.66760
43	0.66760
44	0.66760
45	0.66760
46	0.66760
47	0.66760
48	0.66760
49	0.66760
50	0.66760
51	0.66760
52	0.66760
53	0.66760
54	0.66760
55	0.66760
56	0.66760
57	0.66760
58	0.66760
59	0.66760
60	0.66760
61	0.66760
62	0.66760
63	0.66760
64	0.66760
65	0.66760
66	0.66760
67	0.66760
68	0.66760
69	0.66760
70	0.66760
71	0.66760
72	0.66760
73	0.66760
74	0.66760
75	0.66760
76	0.66760
77	0.66760
78	0.66760
79	0.66760
80	0.66760
81	0.66760
82	0.66760
83	0.66760
84	0.66760
85	0.66760
86	0.66760
87	0.66760
88	0.66760
89	0.66760
90	0.66760
91	0.66760
92	0.66760
93	0.66760
94	0.66760
95	0.66760
96	0.66760
97	0.66760
98	0.66760
99	0.66760
