0	0.01000
1	0.01700
2	0.02300
3	0.03500
4	0.05600
5	0.09000
6	0.14000
7	0.19800
8	0.27300
9	0.34800
10	0.42700
11	0.53700
12	0.61500
13	0.68500
14	0.73800
15	0.77900
16	0.81800
17	0.85200
18	0.87500
19	0.89100
20	0.90500
21	0.91200
22	0.92300
23	0.92500
24	0.92600
25	0.93000
26	0.93300
27	0.93600
28	0.93700
29	0.93700
30	0.93900
31	0.93900
32	0.94000
33	0.94000
34	0.94000
35	0.94100
36	0.94100
37	0.94100
38	0.94100
39	0.94100
40	0.94100
41	0.94200
42	0.94200
43	0.94200
44	0.94300
45	0.94300
46	0.94300
47	0.94300
48	0.94400
49	0.94400
50	0.94400
51	0.94400
52	0.94500
53	0.94500
54	0.94500
55	0.94500
56	0.94600
57	0.94700
58	0.94700
59	0.94700
60	0.94700
61	0.94700
62	0.94700
63	0.94800
64	0.94800
65	0.94800
66	0.94800
67	0.94800
68	0.94800
69	0.94800
70	0.94800
71	0.94800
72	0.94800
73	0.94800
74	0.94800
75	0.94800
76	0.94800
77	0.94800
78	0.94800
79	0.94800
80	0.94800
81	0.94800
82	0.94800
83	0.94800
84	0.94800
85	0.94800
86	0.94800
87	0.94800
88	0.94800
89	0.94800
90	0.94800
91	0.94800
92	0.94800
93	0.94800
94	0.94800
95	0.94800
96	0.94800
97	0.94800
98	0.94800
99	0.94800
100	0.94800
101	0.94800
102	0.94800
103	0.94800
104	0.94800
105	0.94800
106	0.94800
107	0.94800
108	0.94800
109	0.94800
110	0.94800
111	0.94800
112	0.94800
113	0.94800
114	0.94800
115	0.94800
116	0.94800
117	0.94800
118	0.94800
119	0.94800
120	0.94800
121	0.94800
122	0.94800
123	0.94800
124	0.94800
125	0.94800
126	0.94800
127	0.94800
128	0.94800
129	0.94800
130	0.94800
131	0.94800
132	0.94800
133	0.94800
134	0.94800
135	0.94800
136	0.94800
137	0.94800
138	0.94800
139	0.94800
140	0.94800
141	0.94800
142	0.94800
143	0.94800
144	0.94800
145	0.94800
146	0.94800
147	0.94800
148	0.94800
149	0.94800
150	0.94800
151	0.94800
152	0.94800
153	0.94800
154	0.94800
155	0.94800
156	0.94800
157	0.94800
158	0.94800
159	0.94800
160	0.94800
161	0.94800
162	0.94800
163	0.94800
164	0.94800
165	0.94800
166	0.94800
167	0.94800
168	0.94800
169	0.94800
170	0.94800
171	0.94800
172	0.94800
173	0.94800
174	0.94800
175	0.94800
176	0.94800
177	0.94800
178	0.94800
179	0.94800
180	0.94800
181	0.94800
182	0.94800
183	0.94800
184	0.94800
185	0.94800
186	0.94800
187	0.94800
188	0.94800
189	0.94800
190	0.94800
191	0.94800
192	0.94800
193	0.94800
194	0.94800
195	0.94800
196	0.94800
197	0.94800
198	0.94800
199	0.94800
