0	0.00000
1	0.00000
2	0.00000
3	0.26309
4	0.48075
5	0.73064
6	1.07355
7	1.37998
8	1.61393
9	1.69314
10	1.80764
11	1.80025
12	1.77992
13	1.81674
14	1.69525
15	1.57300
16	1.45153
17	1.32035
18	1.22362
19	1.14944
20	1.07294
21	0.97286
22	0.89451
23	0.83373
24	0.77029
25	0.72110
26	0.67380
27	0.63964
28	0.62031
29	0.59337
30	0.57018
31	0.51524
32	0.49355
33	0.47141
34	0.45455
35	0.43806
36	0.42248
37	0.40427
38	0.38891
39	0.37815
40	0.36460
41	0.35534
42	0.34392
43	0.33388
44	0.31389
45	0.30554
46	0.29728
47	0.29065
48	0.27910
49	0.27044
50	0.26268
51	0.25824
52	0.25256
53	0.24672
54	0.24169
55	0.23705
56	0.23216
57	0.22740
58	0.22163
59	0.21931
60	0.21478
61	0.20809
62	0.20502
63	0.20740
64	0.20185
65	0.19867
66	0.19497
67	0.19215
68	0.18999
69	0.18428
70	0.18100
71	0.17717
72	0.17361
73	0.17212
74	0.16867
75	0.16675
76	0.16454
77	0.16207
78	0.15919
79	0.15643
80	0.15566
81	0.15412
82	0.15015
83	0.14917
84	0.14802
85	0.14558
86	0.14300
87	0.14144
88	0.14048
89	0.13770
90	0.13698
91	0.13543
92	0.13404
93	0.13222
94	0.13029
95	0.12816
96	0.12725
97	0.12541
98	0.12419
99	0.12274
100	0.12142
101	0.12004
102	0.11978
103	0.11862
104	0.11755
105	0.11669
106	0.11490
107	0.11364
108	0.11285
109	0.11098
110	0.11009
111	0.10884
112	0.10781
113	0.10703
114	0.10542
115	0.10527
116	0.10490
117	0.10453
118	0.10340
119	0.10181
120	0.10106
121	0.09935
122	0.09885
123	0.09870
124	0.09870
125	0.09870
126	0.09716
127	0.09627
128	0.09496
129	0.09387
130	0.09387
131	0.09309
132	0.09000
133	0.08934
134	0.08860
135	0.08815
136	0.08753
137	0.08739
138	0.08630
139	0.08607
140	0.08476
141	0.08409
142	0.08304
143	0.08273
144	0.08273
145	0.08213
146	0.08121
147	0.08044
148	0.07964
149	0.07925
150	0.07830
151	0.07744
152	0.07711
153	0.07711
154	0.07605
155	0.07582
156	0.07529
157	0.07513
158	0.07464
159	0.07464
160	0.07436
161	0.07420
162	0.07386
163	0.07295
164	0.07277
165	0.07248
166	0.07182
167	0.07182
168	0.07111
169	0.07039
170	0.06989
171	0.06952
172	0.06914
173	0.06880
174	0.06864
175	0.06839
176	0.06747
177	0.06724
178	0.06661
179	0.06661
180	0.06592
181	0.06539
182	0.06539
183	0.06497
184	0.06474
185	0.06452
186	0.06433
187	0.06390
188	0.06365
189	0.06312
190	0.06279
191	0.06279
192	0.06251
193	0.06251
194	0.06251
195	0.06168
196	0.06143
197	0.06090
198	0.06078
199	0.06078
