0	0.02000
1	0.02000
2	0.02000
3	0.02000
4	0.02000
5	0.02000
6	0.02000
7	0.02000
8	0.02000
9	0.02000
10	0.02000
11	0.02500
12	0.02500
13	0.02500
14	0.03000
15	0.03000
16	0.03500
17	0.03500
18	0.04000
19	0.04500
20	0.04500
21	0.04500
22	0.04500
23	0.04500
24	0.04500
25	0.04500
26	0.04500
27	0.05000
28	0.05000
29	0.05000
30	0.05000
31	0.05500
32	0.05500
33	0.06000
34	0.06000
35	0.06000
36	0.06000
37	0.06000
38	0.06000
39	0.06000
40	0.06000
41	0.06500
42	0.07000
43	0.07000
44	0.07000
45	0.07000
46	0.07000
47	0.07000
48	0.07500
49	0.08000
50	0.08000
51	0.08500
52	0.08500
53	0.08500
54	0.08500
55	0.09500
56	0.10000
57	0.10500
58	0.10500
59	0.10500
60	0.10500
61	0.10500
62	0.10500
63	0.10500
64	0.11000
65	0.11000
66	0.11500
67	0.11500
68	0.11500
69	0.12000
70	0.12000
71	0.12000
72	0.12000
73	0.12000
74	0.13000
75	0.13000
76	0.13500
77	0.15000
78	0.15000
79	0.15500
80	0.16000
81	0.17000
82	0.17000
83	0.17000
84	0.17000
85	0.17000
86	0.17500
87	0.17500
88	0.19000
89	0.19500
90	0.20500
91	0.21000
92	0.21000
93	0.21500
94	0.23000
95	0.24500
96	0.25000
97	0.26500
98	0.27500
99	0.29000
100	0.29500
101	0.30500
102	0.30500
103	0.30500
104	0.31000
105	0.31500
106	0.31500
107	0.32000
108	0.33000
109	0.33000
110	0.34000
111	0.34500
112	0.34500
113	0.35000
114	0.37000
115	0.37500
116	0.37500
117	0.37500
118	0.37500
119	0.38000
120	0.39000
121	0.39500
122	0.40000
123	0.41500
124	0.42000
125	0.43000
126	0.43500
127	0.44000
128	0.44500
129	0.44500
130	0.45500
131	0.47000
132	0.47000
133	0.48000
134	0.48000
135	0.48000
136	0.48000
137	0.48500
138	0.48500
139	0.49000
140	0.49000
141	0.49000
142	0.50000
143	0.50000
144	0.50000
145	0.51000
146	0.51500
147	0.52000
148	0.52500
149	0.52500
150	0.53500
151	0.53500
152	0.54000
153	0.54500
154	0.55000
155	0.55000
156	0.55500
157	0.55500
158	0.56000
159	0.56000
160	0.56000
161	0.57000
162	0.57000
163	0.57500
164	0.58000
165	0.58000
166	0.58000
167	0.58000
168	0.58500
169	0.59500
170	0.59500
171	0.60000
172	0.60500
173	0.60500
174	0.60500
175	0.60500
176	0.60500
177	0.61000
178	0.61000
179	0.61000
180	0.61000
181	0.61000
182	0.61000
183	0.61500
184	0.61500
185	0.61500
186	0.61500
187	0.61500
188	0.61500
189	0.61500
190	0.61500
191	0.61500
192	0.61500
193	0.62000
194	0.62500
195	0.62500
196	0.62500
197	0.62500
198	0.62500
199	0.62500
