0	0.00000
1	0.00000
2	0.00000
3	0.00000
4	0.00000
5	0.00000
6	0.00000
7	0.00000
8	0.00000
9	0.00000
10	0.00000
11	0.00000
12	0.00000
13	0.00769
14	0.00773
15	0.00773
16	0.02850
17	0.02850
18	0.07812
19	0.07504
20	0.10908
21	0.15096
22	0.14311
23	0.12216
24	0.11431
25	0.07068
26	0.07068
27	0.03684
28	0.00000
29	0.01667
30	0.01667
31	0.01675
32	0.01675
33	0.07535
34	0.07535
35	0.12855
36	0.11170
37	0.11170
38	0.11170
39	0.11170
40	0.05319
41	0.04813
42	0.00000
43	0.04749
44	0.10932
45	0.10932
46	0.10932
47	0.10573
48	0.10090
49	0.10145
50	0.09601
51	0.09062
52	0.09062
53	0.13115
54	0.12750
55	0.10958
56	0.10093
57	0.11127
58	0.10866
59	0.15447
60	0.10885
61	0.09171
62	0.09171
63	0.09171
64	0.05758
65	0.04494
66	0.02589
67	0.02589
68	0.06092
69	0.06127
70	0.05275
71	0.10360
72	0.09129
73	0.07055
74	0.07136
75	0.04550
76	0.12799
77	0.12437
78	0.11688
79	0.25070
80	0.21900
81	0.24975
82	0.25818
83	0.27712
84	0.24308
85	0.21110
86	0.13006
87	0.12753
88	0.11515
89	0.08843
90	0.15584
91	0.19796
92	0.25566
93	0.26447
94	0.22284
95	0.23113
96	0.30222
97	0.34138
98	0.29833
99	0.31666
100	0.33522
101	0.33527
102	0.30716
103	0.25203
104	0.17621
105	0.15990
106	0.13265
107	0.13052
108	0.09512
109	0.06989
110	0.09464
111	0.08498
112	0.12269
113	0.14866
114	0.12535
115	0.12360
116	0.17065
117	0.14290
118	0.13899
119	0.11758
120	0.07356
121	0.09547
122	0.10004
123	0.06736
124	0.07853
125	0.11180
126	0.12397
127	0.14627
128	0.13685
129	0.11385
130	0.11502
131	0.10274
132	0.11212
133	0.13564
134	0.11679
135	0.12386
136	0.09538
137	0.07808
138	0.07808
139	0.05404
140	0.02637
141	0.03274
142	0.01465
143	0.01048
144	0.04478
145	0.04423
146	0.03834
147	0.07319
148	0.08447
149	0.09846
150	0.09141
151	0.06859
152	0.09388
153	0.09120
154	0.08507
155	0.08355
156	0.07734
157	0.06883
158	0.07008
159	0.04618
160	0.05614
161	0.03355
162	0.02620
163	0.03298
164	0.03139
165	0.03957
166	0.04843
167	0.03294
168	0.03334
169	0.03181
170	0.03381
171	0.05017
172	0.03794
173	0.03534
174	0.04102
175	0.03606
176	0.03606
177	0.02933
178	0.01612
179	0.03050
180	0.02406
181	0.01554
182	0.01554
183	0.01574
184	0.01574
185	0.02319
186	0.00745
187	0.00745
188	0.00745
189	0.00745
190	0.00745
191	0.00745
192	0.00000
193	0.00000
194	0.00000
195	0.00917
196	0.01972
197	0.01972
198	0.01972
199	0.01972
