0	0	0	0	0	0	
1	195	0	0	0	0	
2	195	0	0	0	0	
3	195	0	0	0	0	
4	195	0	0	0	0	
5	195	0	0	0	0	
6	195	0	0	0	0	
7	195	0	0	0	0	
8	195	0	0	0	0	
9	195	0	0	0	0	
10	195	0	0	0	0	
11	194	0	0	0	0	
12	194	0	0	0	0	
13	160	34	0	0	0	
14	159	34	0	0	0	
15	159	34	0	0	0	
16	120	72	0	0	0	
17	120	72	0	0	0	
18	61	130	0	0	0	
19	61	129	0	0	0	
20	30	160	0	0	0	
21	23	167	0	0	0	
22	23	167	0	0	0	
23	23	167	0	0	0	
24	23	167	0	0	0	
25	23	167	0	0	0	
26	23	167	0	0	0	
27	23	166	0	0	0	
28	23	166	0	0	0	
29	20	169	0	0	0	
30	20	169	0	0	0	
31	20	168	0	0	0	
32	20	168	0	0	0	
33	8	179	0	0	0	
34	8	179	0	0	0	
35	4	183	0	0	0	
36	4	183	0	0	0	
37	4	183	0	0	0	
38	4	183	0	0	0	
39	4	183	0	0	0	
40	4	183	0	0	0	
41	4	182	0	0	0	
42	4	181	0	0	0	
43	3	182	0	0	0	
44	3	182	0	0	0	
45	3	182	0	0	0	
46	3	182	0	0	0	
47	3	182	0	0	0	
48	3	181	0	0	0	
49	3	180	0	0	0	
50	2	181	0	0	0	
51	2	180	0	0	0	
52	2	180	0	0	0	
53	2	180	0	0	0	
54	2	180	0	0	0	
55	2	178	0	0	0	
56	2	177	0	0	0	
57	2	176	0	0	0	
58	2	176	0	0	0	
59	2	176	0	0	0	
60	2	176	0	0	0	
61	2	176	0	0	0	
62	2	176	0	0	0	
63	2	176	0	0	0	
64	2	175	0	0	0	
65	2	175	0	0	0	
66	2	174	0	0	0	
67	2	174	0	0	0	
68	2	174	0	0	0	
69	2	173	0	0	0	
70	2	173	0	0	0	
71	2	173	0	0	0	
72	2	173	0	0	0	
73	2	173	0	0	0	
74	2	171	0	0	0	
75	2	171	0	0	0	
76	2	170	0	0	0	
77	2	167	0	0	0	
78	1	168	0	0	0	
79	0	168	0	0	0	
80	0	167	0	0	0	
81	0	165	0	0	0	
82	0	165	0	0	0	
83	0	165	0	0	0	
84	0	165	0	0	0	
85	0	165	0	0	0	
86	0	164	0	0	0	
87	0	164	0	0	0	
88	0	161	0	0	0	
89	0	160	0	0	0	
90	0	158	0	0	0	
91	0	157	0	0	0	
92	0	157	0	0	0	
93	0	156	0	0	0	
94	0	153	0	0	0	
95	0	150	0	0	0	
96	0	149	0	0	0	
97	0	146	0	0	0	
98	0	144	0	0	0	
99	0	141	0	0	0	
100	0	140	0	0	0	
101	0	138	0	0	0	
102	0	138	0	0	0	
103	0	138	0	0	0	
104	0	137	0	0	0	
105	0	136	0	0	0	
106	0	136	0	0	0	
107	0	136	0	0	0	
108	0	134	0	0	0	
109	0	134	0	0	0	
110	0	132	0	0	0	
111	0	131	0	0	0	
112	0	131	0	0	0	
113	0	130	0	0	0	
114	0	126	0	0	0	
115	0	125	0	0	0	
116	0	125	0	0	0	
117	0	125	0	0	0	
118	0	125	0	0	0	
119	0	124	0	0	0	
120	0	122	0	0	0	
121	0	121	0	0	0	
122	0	120	0	0	0	
123	0	117	0	0	0	
124	0	116	0	0	0	
125	0	114	0	0	0	
126	0	113	0	0	0	
127	0	112	0	0	0	
128	0	111	0	0	0	
129	0	111	0	0	0	
130	0	109	0	0	0	
131	0	106	0	0	0	
132	0	106	0	0	0	
133	0	104	0	0	0	
134	0	104	0	0	0	
135	0	104	0	0	0	
136	0	104	0	0	0	
137	0	103	0	0	0	
138	0	103	0	0	0	
139	0	102	0	0	0	
140	0	102	0	0	0	
141	0	102	0	0	0	
142	0	100	0	0	0	
143	0	100	0	0	0	
144	0	100	0	0	0	
145	0	98	0	0	0	
146	0	97	0	0	0	
147	0	96	0	0	0	
148	0	95	0	0	0	
149	0	95	0	0	0	
150	0	93	0	0	0	
151	0	93	0	0	0	
152	0	92	0	0	0	
153	0	91	0	0	0	
154	0	90	0	0	0	
155	0	90	0	0	0	
156	0	89	0	0	0	
157	0	89	0	0	0	
158	0	88	0	0	0	
159	0	88	0	0	0	
160	0	88	0	0	0	
161	0	86	0	0	0	
162	0	86	0	0	0	
163	0	85	0	0	0	
164	0	84	0	0	0	
165	0	84	0	0	0	
166	0	84	0	0	0	
167	0	84	0	0	0	
168	0	83	0	0	0	
169	0	81	0	0	0	
170	0	81	0	0	0	
171	0	80	0	0	0	
172	0	79	0	0	0	
173	0	79	0	0	0	
174	0	79	0	0	0	
175	0	79	0	0	0	
176	0	79	0	0	0	
177	0	78	0	0	0	
178	0	78	0	0	0	
179	0	78	0	0	0	
180	0	78	0	0	0	
181	0	78	0	0	0	
182	0	78	0	0	0	
183	0	77	0	0	0	
184	0	77	0	0	0	
185	0	77	0	0	0	
186	0	77	0	0	0	
187	0	77	0	0	0	
188	0	77	0	0	0	
189	0	77	0	0	0	
190	0	77	0	0	0	
191	0	77	0	0	0	
192	0	77	0	0	0	
193	0	76	0	0	0	
194	0	75	0	0	0	
195	0	75	0	0	0	
196	0	75	0	0	0	
197	0	75	0	0	0	
198	0	75	0	0	0	
199	0	75	0	0	0	
