0	0.00500
1	0.01350
2	0.03850
3	0.11450
4	0.26150
5	0.45800
6	0.59800
7	0.66950
8	0.70000
9	0.71200
10	0.71400
11	0.71500
12	0.71500
13	0.71500
14	0.71500
15	0.71550
16	0.71550
17	0.71550
18	0.71550
19	0.71550
20	0.71550
21	0.71550
22	0.71550
23	0.71550
24	0.71550
25	0.71550
26	0.71550
27	0.71550
28	0.71550
29	0.71550
30	0.71550
31	0.71550
32	0.71550
33	0.71550
34	0.71550
35	0.71550
36	0.71550
37	0.71550
38	0.71550
39	0.71550
40	0.71550
41	0.71550
42	0.71550
43	0.71550
44	0.71550
45	0.71550
46	0.71550
47	0.71550
48	0.71550
49	0.71550
50	0.71550
51	0.71550
52	0.71550
53	0.71550
54	0.71550
55	0.71550
56	0.71550
57	0.71550
58	0.71550
59	0.71550
60	0.71550
61	0.71550
62	0.71550
63	0.71550
64	0.71550
65	0.71550
66	0.71550
67	0.71550
68	0.71550
69	0.71550
70	0.71550
71	0.71550
72	0.71550
73	0.71550
74	0.71550
75	0.71550
76	0.71550
77	0.71550
78	0.71550
79	0.71550
80	0.71550
81	0.71550
82	0.71550
83	0.71550
84	0.71550
85	0.71550
86	0.71550
87	0.71550
88	0.71550
89	0.71550
90	0.71550
91	0.71550
92	0.71550
93	0.71550
94	0.71550
95	0.71550
96	0.71550
97	0.71550
98	0.71550
99	0.71550
100	0.71550
101	0.71550
102	0.71550
103	0.71550
104	0.71550
105	0.71550
106	0.71550
107	0.71550
108	0.71550
109	0.71550
110	0.71550
111	0.71550
112	0.71550
113	0.71550
114	0.71550
115	0.71550
116	0.71550
117	0.71550
118	0.71550
119	0.71550
120	0.71550
121	0.71550
122	0.71550
123	0.71550
124	0.71550
125	0.71550
126	0.71550
127	0.71550
128	0.71550
129	0.71550
130	0.71550
131	0.71550
132	0.71550
133	0.71550
134	0.71550
135	0.71550
136	0.71550
137	0.71550
138	0.71550
139	0.71550
140	0.71550
141	0.71550
142	0.71550
143	0.71550
144	0.71550
145	0.71550
146	0.71550
147	0.71550
148	0.71550
149	0.71550
150	0.71550
