0	0.00500
1	0.01000
2	0.01750
3	0.03300
4	0.05600
5	0.09200
6	0.13800
7	0.18900
8	0.25350
9	0.31500
10	0.39000
11	0.44200
12	0.49050
13	0.53250
14	0.56600
15	0.59250
16	0.61850
17	0.63650
18	0.64750
19	0.65800
20	0.66650
21	0.67450
22	0.67700
23	0.68000
24	0.68400
25	0.68600
26	0.68900
27	0.69100
28	0.69150
29	0.69250
30	0.69300
31	0.69550
32	0.69600
33	0.69650
34	0.69800
35	0.69800
36	0.69900
37	0.69900
38	0.69900
39	0.69900
40	0.69900
41	0.69950
42	0.69950
43	0.69950
44	0.69950
45	0.69950
46	0.69950
47	0.69950
48	0.69950
49	0.69950
50	0.69950
51	0.69950
52	0.69950
53	0.69950
54	0.69950
55	0.69950
56	0.69950
57	0.69950
58	0.69950
59	0.69950
60	0.69950
61	0.69950
62	0.69950
63	0.70000
64	0.70000
65	0.70000
66	0.70000
67	0.70000
68	0.70000
69	0.70000
70	0.70000
71	0.70000
72	0.70000
73	0.70000
74	0.70000
75	0.70000
76	0.70000
77	0.70000
78	0.70000
79	0.70000
80	0.70000
81	0.70000
82	0.70000
83	0.70000
84	0.70000
85	0.70000
86	0.70000
87	0.70000
88	0.70000
89	0.70000
90	0.70000
91	0.70050
92	0.70050
93	0.70050
94	0.70050
95	0.70050
96	0.70050
97	0.70050
98	0.70050
99	0.70050
