0	0.00000
1	0.00000
2	0.00000
3	0.05994
4	0.19734
5	0.43910
6	0.74374
7	1.05237
8	1.28579
9	1.31268
10	1.30808
11	1.20166
12	1.06717
13	0.85112
14	0.65710
15	0.49788
16	0.37778
17	0.28217
18	0.21910
19	0.16594
20	0.12603
21	0.10061
22	0.08078
23	0.06499
24	0.05132
25	0.04024
26	0.03379
27	0.02760
28	0.02274
29	0.01874
30	0.01361
31	0.01234
32	0.01075
33	0.00917
34	0.00784
35	0.00573
36	0.00536
37	0.00494
38	0.00496
39	0.00446
40	0.00264
41	0.00243
42	0.00219
43	0.00109
44	0.00108
45	0.00027
46	0.00027
47	0.00027
48	0.00027
49	0.00027
50	0.00000
51	0.00000
52	0.00000
53	0.00000
54	0.00000
55	0.00000
56	0.00000
57	0.00000
58	0.00000
59	0.00000
60	0.00000
61	0.00000
62	0.00000
63	0.00000
64	0.00000
65	0.00062
66	0.00062
67	0.00062
68	0.00062
69	0.00062
70	0.00062
71	0.00062
72	0.00000
73	0.00000
74	0.00000
75	0.00000
76	0.00000
77	0.00000
78	0.00000
79	0.00000
80	0.00000
81	0.00000
82	0.00000
83	0.00000
84	0.00000
85	0.00000
86	0.00000
87	0.00000
88	0.00000
89	0.00000
90	0.00000
91	0.00000
92	0.00000
93	0.00001
94	0.00001
95	0.00001
96	0.00001
97	0.00001
98	0.00001
99	0.00001
