0	0	0	0	0	0	
1	999	0	0	0	0	
2	997	0	0	0	0	
3	996	0	0	0	0	
4	996	0	0	0	0	
5	0	996	0	0	0	
6	0	0	995	0	0	
7	0	0	0	995	0	
8	0	0	0	0	994	
9	0	0	0	0	994	
10	0	0	0	0	994	
11	0	0	0	0	994	
12	0	0	0	0	994	
13	0	0	0	0	994	
14	0	0	0	0	994	
15	0	0	0	0	994	
16	0	0	0	0	994	
17	0	0	0	0	993	
18	0	0	0	0	993	
19	0	0	0	0	993	
20	0	0	0	0	992	
21	0	0	0	0	992	
22	0	0	0	0	992	
23	0	0	0	0	992	
24	0	0	0	0	992	
25	0	0	0	0	991	
26	0	0	0	0	990	
27	0	0	0	0	990	
28	0	0	0	0	989	
29	0	0	0	0	988	
30	0	0	0	0	988	
31	0	0	0	0	987	
32	0	0	0	0	987	
33	0	0	0	0	985	
34	0	0	0	0	985	
35	0	0	0	0	985	
36	0	0	0	0	985	
37	0	0	0	0	983	
38	0	0	0	0	983	
39	0	0	0	0	982	
40	0	0	0	0	982	
41	0	0	0	0	982	
42	0	0	0	0	981	
43	0	0	0	0	981	
44	0	0	0	0	980	
45	0	0	0	0	980	
46	0	0	0	0	980	
47	0	0	0	0	979	
48	0	0	0	0	978	
49	0	0	0	0	978	
50	0	0	0	0	978	
51	0	0	0	0	977	
52	0	0	0	0	977	
53	0	0	0	0	977	
54	0	0	0	0	977	
55	0	0	0	0	977	
56	0	0	0	0	977	
57	0	0	0	0	977	
58	0	0	0	0	976	
59	0	0	0	0	976	
60	0	0	0	0	976	
61	0	0	0	0	975	
62	0	0	0	0	974	
63	0	0	0	0	974	
64	0	0	0	0	974	
65	0	0	0	0	974	
66	0	0	0	0	974	
67	0	0	0	0	974	
68	0	0	0	0	974	
69	0	0	0	0	973	
70	0	0	0	0	973	
71	0	0	0	0	973	
72	0	0	0	0	972	
73	0	0	0	0	972	
74	0	0	0	0	972	
75	0	0	0	0	972	
76	0	0	0	0	972	
77	0	0	0	0	972	
78	0	0	0	0	971	
79	0	0	0	0	971	
80	0	0	0	0	971	
81	0	0	0	0	971	
82	0	0	0	0	971	
83	0	0	0	0	971	
84	0	0	0	0	971	
85	0	0	0	0	971	
86	0	0	0	0	971	
87	0	0	0	0	971	
88	0	0	0	0	971	
89	0	0	0	0	971	
90	0	0	0	0	971	
91	0	0	0	0	971	
92	0	0	0	0	971	
93	0	0	0	0	971	
94	0	0	0	0	971	
95	0	0	0	0	971	
96	0	0	0	0	971	
97	0	0	0	0	971	
98	0	0	0	0	971	
99	0	0	0	0	971	
