0	0	0	0	0	0	
1	200	0	0	0	0	
2	198	0	0	0	0	
3	3	191	0	0	0	
4	3	190	0	0	0	
5	3	185	0	0	0	
6	2	184	0	0	0	
7	2	176	0	0	0	
8	2	169	0	0	0	
9	2	160	0	0	0	
10	2	142	0	0	0	
11	2	136	0	0	0	
12	2	120	0	0	0	
13	2	101	0	0	0	
14	2	94	0	0	0	
15	2	84	0	0	0	
16	2	77	0	0	0	
17	2	76	0	0	0	
18	2	74	0	0	0	
19	2	71	0	0	0	
20	2	68	0	0	0	
21	2	67	0	0	0	
22	2	67	0	0	0	
23	2	66	0	0	0	
24	2	66	0	0	0	
25	2	66	0	0	0	
26	2	66	0	0	0	
27	2	64	0	0	0	
28	2	64	0	0	0	
29	2	64	0	0	0	
30	2	64	0	0	0	
31	1	64	0	0	0	
32	1	64	0	0	0	
33	1	64	0	0	0	
34	1	64	0	0	0	
35	1	64	0	0	0	
36	1	64	0	0	0	
37	1	64	0	0	0	
38	1	64	0	0	0	
39	1	64	0	0	0	
40	1	64	0	0	0	
41	1	64	0	0	0	
42	1	64	0	0	0	
43	1	64	0	0	0	
44	1	64	0	0	0	
45	1	64	0	0	0	
46	1	64	0	0	0	
47	1	64	0	0	0	
48	1	64	0	0	0	
49	1	64	0	0	0	
50	1	64	0	0	0	
51	1	64	0	0	0	
52	1	64	0	0	0	
53	1	64	0	0	0	
54	1	64	0	0	0	
55	1	64	0	0	0	
56	1	64	0	0	0	
57	1	64	0	0	0	
58	1	64	0	0	0	
59	1	64	0	0	0	
60	1	64	0	0	0	
61	1	64	0	0	0	
62	1	64	0	0	0	
63	1	64	0	0	0	
64	1	64	0	0	0	
65	1	64	0	0	0	
66	1	64	0	0	0	
67	1	64	0	0	0	
68	1	64	0	0	0	
69	1	64	0	0	0	
70	1	64	0	0	0	
71	1	64	0	0	0	
72	1	64	0	0	0	
73	1	64	0	0	0	
74	1	64	0	0	0	
75	1	64	0	0	0	
76	1	64	0	0	0	
77	1	64	0	0	0	
78	1	64	0	0	0	
79	1	64	0	0	0	
80	1	64	0	0	0	
81	1	64	0	0	0	
82	1	64	0	0	0	
83	1	64	0	0	0	
84	1	64	0	0	0	
85	1	64	0	0	0	
86	1	64	0	0	0	
87	1	64	0	0	0	
88	1	64	0	0	0	
89	1	64	0	0	0	
90	1	64	0	0	0	
91	1	64	0	0	0	
92	1	64	0	0	0	
93	1	64	0	0	0	
94	1	64	0	0	0	
95	1	64	0	0	0	
96	1	64	0	0	0	
97	1	64	0	0	0	
98	1	64	0	0	0	
99	1	64	0	0	0	
100	1	64	0	0	0	
101	1	64	0	0	0	
102	1	64	0	0	0	
103	1	64	0	0	0	
104	1	64	0	0	0	
105	1	64	0	0	0	
106	1	64	0	0	0	
107	1	64	0	0	0	
108	1	64	0	0	0	
109	1	64	0	0	0	
110	1	64	0	0	0	
111	1	64	0	0	0	
112	1	64	0	0	0	
113	1	64	0	0	0	
114	1	64	0	0	0	
115	1	64	0	0	0	
116	1	64	0	0	0	
117	1	64	0	0	0	
118	1	64	0	0	0	
119	1	64	0	0	0	
120	1	64	0	0	0	
121	1	64	0	0	0	
122	1	64	0	0	0	
123	1	64	0	0	0	
124	1	64	0	0	0	
125	1	64	0	0	0	
126	1	64	0	0	0	
127	1	64	0	0	0	
128	1	64	0	0	0	
129	1	64	0	0	0	
130	1	64	0	0	0	
131	1	64	0	0	0	
132	1	64	0	0	0	
133	1	64	0	0	0	
134	1	64	0	0	0	
135	1	64	0	0	0	
136	0	64	0	0	0	
137	0	64	0	0	0	
138	0	64	0	0	0	
139	0	64	0	0	0	
140	0	64	0	0	0	
141	0	64	0	0	0	
142	0	64	0	0	0	
143	0	64	0	0	0	
144	0	64	0	0	0	
145	0	64	0	0	0	
146	0	64	0	0	0	
147	0	64	0	0	0	
148	0	64	0	0	0	
149	0	64	0	0	0	
150	0	64	0	0	0	
151	0	64	0	0	0	
152	0	64	0	0	0	
153	0	64	0	0	0	
154	0	64	0	0	0	
155	0	64	0	0	0	
156	0	64	0	0	0	
157	0	64	0	0	0	
158	0	64	0	0	0	
159	0	64	0	0	0	
160	0	64	0	0	0	
161	0	64	0	0	0	
162	0	64	0	0	0	
163	0	64	0	0	0	
164	0	64	0	0	0	
165	0	64	0	0	0	
166	0	64	0	0	0	
167	0	64	0	0	0	
168	0	64	0	0	0	
169	0	64	0	0	0	
170	0	64	0	0	0	
171	0	64	0	0	0	
172	0	64	0	0	0	
173	0	64	0	0	0	
174	0	64	0	0	0	
175	0	64	0	0	0	
176	0	64	0	0	0	
177	0	64	0	0	0	
178	0	64	0	0	0	
179	0	64	0	0	0	
180	0	64	0	0	0	
181	0	64	0	0	0	
182	0	64	0	0	0	
183	0	64	0	0	0	
184	0	64	0	0	0	
185	0	64	0	0	0	
186	0	64	0	0	0	
187	0	64	0	0	0	
188	0	64	0	0	0	
189	0	64	0	0	0	
190	0	64	0	0	0	
191	0	64	0	0	0	
192	0	64	0	0	0	
193	0	64	0	0	0	
194	0	64	0	0	0	
195	0	64	0	0	0	
196	0	64	0	0	0	
197	0	64	0	0	0	
198	0	64	0	0	0	
199	0	64	0	0	0	
