0	0.00000
1	0.00000
2	0.00000
3	0.00000
4	0.00000
5	0.00000
6	0.00000
7	0.00000
8	0.00000
9	0.00000
10	0.00000
11	0.00000
12	0.00000
13	0.00000
14	0.00000
15	0.00000
16	0.00000
17	0.00000
18	0.00186
19	0.00326
20	0.00332
21	0.00604
22	0.00789
23	0.00722
24	0.01003
25	0.00814
26	0.00509
27	0.00787
28	0.00854
29	0.01236
30	0.01065
31	0.00989
32	0.01093
33	0.01217
34	0.01750
35	0.01715
36	0.01665
37	0.01716
38	0.01568
39	0.01384
40	0.01384
41	0.01180
42	0.01171
43	0.01176
44	0.01118
45	0.01168
46	0.01082
47	0.01045
48	0.00939
49	0.00844
50	0.00794
51	0.00754
52	0.00884
53	0.00873
54	0.00716
55	0.00883
56	0.00900
57	0.00800
58	0.00542
59	0.00523
60	0.00402
61	0.00355
62	0.00270
63	0.00311
64	0.00237
65	0.00238
66	0.00243
67	0.00193
68	0.00134
69	0.00115
70	0.00109
71	0.00052
72	0.00054
73	0.00053
74	0.00049
75	0.00048
76	0.00047
77	0.00046
78	0.00050
79	0.00055
80	0.00000
81	0.00000
82	0.00000
83	0.00000
84	0.00000
85	0.00000
86	0.00000
87	0.00000
88	0.00000
89	0.00000
90	0.00000
91	0.00000
92	0.00000
93	0.00000
94	0.00000
95	0.00000
96	0.00000
97	0.00000
98	0.00000
99	0.00000
100	0.00000
101	0.00000
102	0.00000
103	0.00000
104	0.00000
105	0.00000
106	0.00000
107	0.00000
108	0.00000
109	0.00000
110	0.00000
111	0.00000
112	0.00000
113	0.00000
114	0.00000
115	0.00000
116	0.00000
117	0.00000
118	0.00000
119	0.00000
120	0.00000
121	0.00000
122	0.00000
123	0.00000
124	0.00000
125	0.00000
126	0.00000
127	0.00000
128	0.00000
129	0.00000
130	0.00000
131	0.00000
132	0.00000
133	0.00000
134	0.00000
135	0.00000
136	0.00000
137	0.00000
138	0.00000
139	0.00000
140	0.00000
141	0.00000
142	0.00000
143	0.00000
144	0.00000
145	0.00000
146	0.00000
147	0.00000
148	0.00000
149	0.00000
150	0.00000
151	0.00000
152	0.00000
153	0.00000
154	0.00000
155	0.00000
156	0.00000
157	0.00000
158	0.00000
159	0.00000
160	0.00000
161	0.00000
162	0.00000
163	0.00000
164	0.00000
165	0.00000
166	0.00000
167	0.00000
168	0.00000
169	0.00000
170	0.00000
171	0.00000
172	0.00000
173	0.00000
174	0.00000
175	0.00000
176	0.00000
177	0.00000
178	0.00000
179	0.00000
