0	0.00500
1	0.00600
2	0.00650
3	0.00650
4	0.00750
5	0.00900
6	0.00900
7	0.01000
8	0.01000
9	0.01000
10	0.01150
11	0.01200
12	0.01350
13	0.01500
14	0.01700
15	0.01750
16	0.02100
17	0.02350
18	0.02450
19	0.02800
20	0.03100
21	0.03200
22	0.03600
23	0.03900
24	0.04100
25	0.04400
26	0.04650
27	0.05150
28	0.05250
29	0.05750
30	0.06100
31	0.06550
32	0.07100
33	0.07500
34	0.08000
35	0.08600
36	0.09150
37	0.09700
38	0.10150
39	0.10500
40	0.11200
41	0.12200
42	0.12900
43	0.13600
44	0.14400
45	0.15350
46	0.16400
47	0.17200
48	0.18300
49	0.19400
50	0.21400
51	0.22400
52	0.23750
53	0.25950
54	0.27450
55	0.29100
56	0.30800
57	0.32350
58	0.33750
59	0.34850
60	0.36350
61	0.38700
62	0.40300
63	0.42000
64	0.43750
65	0.45600
66	0.47650
67	0.48800
68	0.50300
69	0.51800
70	0.53200
71	0.55050
72	0.56400
73	0.57550
74	0.59200
75	0.60350
76	0.61950
77	0.63550
78	0.64800
79	0.66250
80	0.67350
81	0.68650
82	0.69750
83	0.71300
84	0.72350
85	0.73400
86	0.74550
87	0.75500
88	0.76750
89	0.77650
90	0.78250
91	0.79200
92	0.79850
93	0.80500
94	0.81000
95	0.81700
96	0.82500
97	0.83200
98	0.83900
99	0.84300
100	0.84800
101	0.85200
102	0.85800
103	0.86250
104	0.86750
105	0.87300
106	0.87750
107	0.88250
108	0.88900
109	0.89350
110	0.89500
111	0.89850
112	0.90100
113	0.90650
114	0.91000
115	0.91250
116	0.91600
117	0.91650
118	0.91850
119	0.92050
120	0.92200
121	0.92350
122	0.92650
123	0.92950
124	0.93250
125	0.93600
126	0.93750
127	0.94000
128	0.94150
129	0.94400
130	0.94700
131	0.94750
132	0.94900
133	0.95050
134	0.95300
135	0.95500
136	0.95750
137	0.95850
138	0.96000
139	0.96300
140	0.96450
141	0.96650
142	0.96700
143	0.96800
144	0.96900
145	0.96950
146	0.97100
147	0.97200
148	0.97350
149	0.97400
150	0.97550
151	0.97650
152	0.97700
153	0.97750
154	0.97800
155	0.97850
156	0.97950
157	0.98050
158	0.98050
159	0.98050
160	0.98050
161	0.98100
162	0.98100
163	0.98250
164	0.98300
165	0.98350
166	0.98350
167	0.98400
168	0.98450
169	0.98450
170	0.98500
171	0.98500
172	0.98600
173	0.98650
174	0.98650
175	0.98700
176	0.98750
177	0.98750
178	0.98750
179	0.98750
