0	0.00000
1	0.00000
2	0.00000
3	0.01007
4	0.01234
5	0.01186
6	0.03835
7	0.09545
8	0.09192
9	0.12609
10	0.11230
11	0.09667
12	0.12891
13	0.12314
14	0.10077
15	0.16421
16	0.20321
17	0.19937
18	0.30591
19	0.29981
20	0.26073
21	0.29696
22	0.34328
23	0.30982
24	0.37834
25	0.36174
26	0.35838
27	0.41786
28	0.39691
29	0.51815
30	0.43765
31	0.45334
32	0.46197
33	0.44503
34	0.51472
35	0.49547
36	0.44959
37	0.49164
38	0.47232
39	0.40849
40	0.37994
41	0.33287
42	0.33416
43	0.36131
44	0.34427
45	0.35759
46	0.34957
47	0.35903
48	0.34683
49	0.30704
50	0.27618
51	0.28080
52	0.32622
53	0.31412
54	0.29863
55	0.34397
56	0.31760
57	0.29766
58	0.28877
59	0.27734
60	0.24621
61	0.20980
62	0.18805
63	0.19773
64	0.18460
65	0.17845
66	0.17410
67	0.17642
68	0.17657
69	0.14785
70	0.14198
71	0.12747
72	0.12567
73	0.12706
74	0.11679
75	0.10562
76	0.10835
77	0.09922
78	0.10127
79	0.10576
80	0.09703
81	0.09297
82	0.08456
83	0.07814
84	0.07283
85	0.07218
86	0.06772
87	0.06215
88	0.06239
89	0.05943
90	0.05753
91	0.05524
92	0.04830
93	0.04837
94	0.04463
95	0.04192
96	0.03709
97	0.03760
98	0.03850
99	0.04072
100	0.03876
101	0.03566
102	0.03355
103	0.03064
104	0.02946
105	0.02865
106	0.02520
107	0.02479
108	0.02472
109	0.02683
110	0.02623
111	0.02316
112	0.02070
113	0.01973
114	0.01748
115	0.01891
116	0.01704
117	0.01618
118	0.01629
119	0.01434
120	0.01287
121	0.01258
122	0.00886
123	0.00829
124	0.00744
125	0.00788
126	0.01006
127	0.01112
128	0.01162
129	0.01127
130	0.01082
131	0.01092
132	0.01089
133	0.00716
134	0.00718
135	0.00570
136	0.00861
137	0.00983
138	0.01096
139	0.00961
140	0.01044
141	0.01307
142	0.01239
143	0.01096
144	0.01080
145	0.01032
146	0.00918
147	0.00935
148	0.00752
149	0.00731
150	0.00467
151	0.00495
152	0.00610
153	0.00624
154	0.00635
155	0.00438
156	0.00559
157	0.00559
158	0.00493
159	0.00203
160	0.00191
161	0.00172
162	0.00172
163	0.00085
164	0.00088
165	0.00094
166	0.00094
167	0.00130
168	0.00134
169	0.00134
170	0.00272
171	0.00255
172	0.00205
173	0.00199
174	0.00227
175	0.00108
176	0.00098
177	0.00102
178	0.00156
179	0.00141
