0	0	0	0	0	0	
1	501	0	0	0	0	
2	501	0	0	0	0	
3	501	0	0	0	0	
4	500	0	0	0	0	
5	498	0	0	0	0	
6	498	0	0	0	0	
7	497	0	0	0	0	
8	497	0	0	0	0	
9	497	0	0	0	0	
10	496	0	0	0	0	
11	496	0	0	0	0	
12	496	0	0	0	0	
13	496	0	0	0	0	
14	495	0	0	0	0	
15	494	0	0	0	0	
16	492	0	0	0	0	
17	492	0	0	0	0	
18	491	1	0	0	0	
19	489	1	1	0	0	
20	488	0	1	1	0	
21	486	2	0	1	1	
22	482	1	2	0	2	
23	481	0	1	2	2	
24	477	2	0	1	4	
25	475	0	2	0	5	
26	474	0	1	1	5	
27	470	0	1	0	6	
28	470	0	0	1	6	
29	466	2	0	0	7	
30	464	2	1	0	7	
31	461	2	0	1	7	
32	459	1	1	0	8	
33	456	1	1	1	8	
34	452	3	1	1	9	
35	450	0	3	1	10	
36	448	0	0	3	11	
37	446	0	0	0	14	
38	443	0	0	0	14	
39	442	0	0	0	14	
40	438	1	0	0	14	
41	433	0	1	0	14	
42	431	0	1	0	14	
43	427	0	1	0	14	
44	425	0	1	0	14	
45	421	0	1	0	14	
46	417	0	1	0	14	
47	413	0	1	0	14	
48	409	0	1	0	14	
49	404	0	1	0	14	
50	395	0	1	0	14	
51	386	0	1	0	14	
52	385	0	1	0	14	
53	373	0	1	0	14	
54	367	0	1	0	14	
55	359	0	1	0	14	
56	346	0	1	0	14	
57	341	0	1	0	14	
58	336	0	1	0	14	
59	334	0	1	0	14	
60	325	0	1	0	14	
61	313	0	1	0	14	
62	306	0	1	0	14	
63	297	0	1	0	14	
64	289	0	1	0	14	
65	282	0	1	0	14	
66	269	0	1	0	14	
67	260	0	1	0	14	
68	251	0	1	0	14	
69	243	0	1	0	14	
70	234	0	1	0	14	
71	229	0	1	0	14	
72	221	0	1	0	14	
73	214	0	1	0	14	
74	201	0	1	0	14	
75	196	0	1	0	14	
76	187	0	1	0	14	
77	178	0	1	0	14	
78	171	0	1	0	14	
79	163	0	1	0	14	
80	155	0	1	0	14	
81	148	0	1	0	14	
82	141	0	1	0	14	
83	135	0	1	0	14	
84	130	0	1	0	14	
85	125	0	1	0	14	
86	119	0	1	0	14	
87	112	0	1	0	14	
88	103	0	1	0	14	
89	100	0	1	0	14	
90	98	0	1	0	14	
91	91	0	1	0	14	
92	88	0	1	0	14	
93	85	0	1	0	14	
94	82	0	1	0	14	
95	78	0	1	0	14	
96	73	0	1	0	14	
97	70	0	1	0	14	
98	66	0	1	0	14	
99	63	0	1	0	14	
100	59	0	1	0	14	
101	58	0	1	0	14	
102	57	0	1	0	14	
103	53	0	1	0	14	
104	52	0	1	0	14	
105	50	0	1	0	14	
106	48	0	1	0	14	
107	44	0	1	0	14	
108	42	0	1	0	14	
109	40	0	1	0	14	
110	40	0	1	0	14	
111	40	0	1	0	14	
112	39	0	1	0	14	
113	37	0	1	0	14	
114	35	0	1	0	14	
115	35	0	1	0	14	
116	32	0	1	0	14	
117	32	0	1	0	14	
118	32	0	1	0	14	
119	32	0	1	0	14	
120	32	0	1	0	14	
121	31	0	1	0	14	
122	29	0	1	0	14	
123	27	0	1	0	14	
124	24	0	1	0	14	
125	23	0	1	0	14	
126	22	0	1	0	14	
127	22	0	1	0	14	
128	21	0	1	0	14	
129	21	0	1	0	14	
130	19	0	1	0	14	
131	18	0	1	0	14	
132	17	0	1	0	14	
133	17	0	1	0	14	
134	16	0	1	0	14	
135	16	0	1	0	14	
136	14	0	1	0	14	
137	14	0	1	0	14	
138	13	0	1	0	14	
139	11	0	1	0	14	
140	10	0	1	0	14	
141	10	0	1	0	14	
142	10	0	1	0	14	
143	9	0	1	0	14	
144	9	0	1	0	14	
145	9	0	1	0	14	
146	9	0	1	0	14	
147	8	0	1	0	14	
148	7	0	1	0	14	
149	7	0	1	0	14	
150	7	0	1	0	14	
151	7	0	1	0	14	
152	7	0	1	0	14	
153	7	0	1	0	14	
154	7	0	1	0	14	
155	7	0	1	0	14	
156	6	0	1	0	14	
157	5	0	1	0	14	
158	5	0	1	0	14	
159	5	0	1	0	14	
160	5	0	1	0	14	
161	5	0	1	0	14	
162	5	0	1	0	14	
163	4	0	1	0	14	
164	4	0	1	0	14	
165	4	0	1	0	14	
166	4	0	1	0	14	
167	4	0	1	0	14	
168	4	0	1	0	14	
169	4	0	1	0	14	
170	4	0	1	0	14	
171	4	0	1	0	14	
172	4	0	1	0	14	
173	4	0	1	0	14	
174	4	0	1	0	14	
175	4	0	1	0	14	
176	3	0	1	0	14	
177	3	0	1	0	14	
178	3	0	1	0	14	
179	3	0	1	0	14	
