0	0.00500
1	0.00800
2	0.01500
3	0.03050
4	0.05300
5	0.09550
6	0.15900
7	0.23650
8	0.34350
9	0.45150
10	0.55100
11	0.62550
12	0.68750
13	0.72600
14	0.74650
15	0.76350
16	0.77150
17	0.77850
18	0.78000
19	0.78200
20	0.78250
21	0.78300
22	0.78450
23	0.78450
24	0.78450
25	0.78450
26	0.78450
27	0.78450
28	0.78450
29	0.78500
30	0.78500
31	0.78500
32	0.78500
33	0.78500
34	0.78500
35	0.78500
36	0.78500
37	0.78500
38	0.78500
39	0.78500
40	0.78500
41	0.78500
42	0.78500
43	0.78500
44	0.78500
45	0.78500
46	0.78500
47	0.78500
48	0.78500
49	0.78500
50	0.78500
51	0.78500
52	0.78500
53	0.78500
54	0.78500
55	0.78500
56	0.78500
57	0.78500
58	0.78500
59	0.78500
60	0.78500
61	0.78500
62	0.78500
63	0.78500
64	0.78500
65	0.78500
66	0.78500
67	0.78500
68	0.78500
69	0.78500
70	0.78500
71	0.78500
72	0.78500
73	0.78500
74	0.78500
75	0.78500
76	0.78500
77	0.78500
78	0.78500
79	0.78500
80	0.78500
81	0.78500
82	0.78500
83	0.78500
84	0.78500
85	0.78500
86	0.78500
87	0.78500
88	0.78500
89	0.78500
90	0.78500
91	0.78500
92	0.78500
93	0.78500
94	0.78500
95	0.78500
96	0.78500
97	0.78500
98	0.78500
99	0.78500
100	0.78500
101	0.78500
102	0.78500
103	0.78500
104	0.78500
105	0.78500
106	0.78500
107	0.78500
108	0.78500
109	0.78500
110	0.78500
111	0.78500
112	0.78500
113	0.78500
114	0.78500
115	0.78500
116	0.78500
117	0.78500
118	0.78500
119	0.78500
120	0.78500
121	0.78500
122	0.78500
123	0.78500
124	0.78500
125	0.78500
126	0.78500
127	0.78500
128	0.78500
129	0.78500
130	0.78500
131	0.78500
132	0.78500
133	0.78500
134	0.78500
135	0.78500
136	0.78500
137	0.78500
138	0.78500
139	0.78500
140	0.78500
141	0.78500
142	0.78500
143	0.78500
144	0.78500
145	0.78500
146	0.78500
147	0.78500
148	0.78500
149	0.78500
150	0.78500
151	0.78500
152	0.78500
153	0.78500
154	0.78500
155	0.78500
156	0.78500
157	0.78500
158	0.78500
159	0.78500
160	0.78500
161	0.78500
162	0.78500
163	0.78500
164	0.78500
165	0.78500
166	0.78500
167	0.78500
168	0.78500
169	0.78500
170	0.78500
171	0.78500
172	0.78500
173	0.78500
174	0.78500
175	0.78500
176	0.78500
177	0.78500
178	0.78500
179	0.78500
