0	0.00000
1	0.00000
2	0.00000
3	0.00000
4	0.00000
5	0.00000
6	0.00000
7	0.00000
8	0.00000
9	0.00000
10	0.00000
11	0.00000
12	0.00000
13	0.00000
14	0.00000
15	0.00000
16	0.00000
17	0.00000
18	0.00000
19	0.00175
20	0.00155
21	0.00693
22	0.00746
23	0.02168
24	0.02185
25	0.02113
26	0.02882
27	0.06775
28	0.07662
29	0.07284
30	0.05112
31	0.05529
32	0.04815
33	0.06021
34	0.06411
35	0.07458
36	0.07583
37	0.06964
38	0.07098
39	0.07606
40	0.06587
41	0.06768
42	0.06621
43	0.06014
44	0.05748
45	0.07072
46	0.06263
47	0.07822
48	0.09253
49	0.08371
50	0.07939
51	0.09597
52	0.08835
53	0.08668
54	0.07827
55	0.07187
56	0.07100
57	0.06260
58	0.05987
59	0.06436
60	0.06129
61	0.05707
62	0.05049
63	0.04643
64	0.04424
65	0.04088
66	0.03738
67	0.03510
68	0.03067
69	0.02733
70	0.02902
71	0.02312
72	0.02282
73	0.01984
74	0.01912
75	0.01865
76	0.02030
77	0.01991
78	0.01876
79	0.01918
80	0.01817
81	0.01753
82	0.01653
83	0.01588
84	0.01475
85	0.01356
86	0.01146
87	0.01083
88	0.00955
89	0.00934
90	0.01035
91	0.00907
92	0.00966
93	0.00923
94	0.00933
95	0.00829
96	0.00788
97	0.00750
98	0.00709
99	0.00623
100	0.00660
101	0.00608
102	0.00618
103	0.00586
104	0.00536
105	0.00521
106	0.00513
107	0.00480
108	0.00506
109	0.00512
110	0.00488
111	0.00431
112	0.00376
113	0.00381
114	0.00351
115	0.00316
116	0.00312
117	0.00365
118	0.00358
119	0.00354
120	0.00345
121	0.00208
122	0.00202
123	0.00220
124	0.00196
125	0.00239
126	0.00265
127	0.00292
128	0.00275
129	0.00197
130	0.00187
131	0.00169
132	0.00143
133	0.00137
134	0.00090
135	0.00075
136	0.00079
137	0.00111
138	0.00104
139	0.00108
140	0.00089
141	0.00127
142	0.00122
143	0.00130
144	0.00108
145	0.00084
146	0.00101
147	0.00105
148	0.00067
149	0.00063
150	0.00034
151	0.00062
152	0.00070
153	0.00025
154	0.00026
155	0.00026
156	0.00024
157	0.00022
158	0.00000
159	0.00000
160	0.00000
161	0.00000
162	0.00000
163	0.00000
164	0.00013
165	0.00029
166	0.00000
167	0.00000
168	0.00000
169	0.00000
170	0.00000
171	0.00000
172	0.00000
173	0.00000
174	0.00000
175	0.00000
176	0.00000
177	0.00000
178	0.00000
179	0.00000
