0	0.00000
1	0.00000
2	0.00000
3	0.00000
4	0.01047
5	0.01047
6	0.01047
7	0.01048
8	0.01048
9	0.01603
10	0.01527
11	0.01765
12	0.01765
13	0.03269
14	0.02971
15	0.02747
16	0.06930
17	0.07844
18	0.08519
19	0.09873
20	0.08661
21	0.11968
22	0.13296
23	0.18636
24	0.18288
25	0.18895
26	0.21602
27	0.33469
28	0.37139
29	0.35379
30	0.31779
31	0.34551
32	0.30502
33	0.36433
34	0.39893
35	0.46645
36	0.48093
37	0.45095
38	0.42590
39	0.47232
40	0.43446
41	0.44861
42	0.42379
43	0.39791
44	0.37261
45	0.39273
46	0.37696
47	0.42837
48	0.51196
49	0.49006
50	0.47451
51	0.52397
52	0.47672
53	0.43980
54	0.40296
55	0.35864
56	0.36779
57	0.33769
58	0.31948
59	0.34849
60	0.32205
61	0.29869
62	0.28413
63	0.26372
64	0.24469
65	0.22262
66	0.20809
67	0.20491
68	0.18445
69	0.16054
70	0.15953
71	0.13936
72	0.13621
73	0.13488
74	0.12933
75	0.12660
76	0.13833
77	0.13234
78	0.12987
79	0.12555
80	0.12117
81	0.12053
82	0.12054
83	0.11337
84	0.10890
85	0.10185
86	0.09117
87	0.08263
88	0.07478
89	0.07508
90	0.07593
91	0.07036
92	0.07214
93	0.07011
94	0.06454
95	0.05830
96	0.05821
97	0.05356
98	0.05408
99	0.05092
100	0.05045
101	0.04586
102	0.04522
103	0.04100
104	0.03884
105	0.04044
106	0.03931
107	0.03987
108	0.03941
109	0.03943
110	0.03714
111	0.03436
112	0.03180
113	0.03172
114	0.02883
115	0.02866
116	0.02674
117	0.02792
118	0.02558
119	0.02432
120	0.02311
121	0.02058
122	0.01885
123	0.01868
124	0.01810
125	0.01836
126	0.01976
127	0.01946
128	0.01984
129	0.01946
130	0.01813
131	0.01740
132	0.01547
133	0.01251
134	0.01088
135	0.01176
136	0.01169
137	0.01347
138	0.01390
139	0.01303
140	0.01150
141	0.01216
142	0.01162
143	0.01226
144	0.00911
145	0.00823
146	0.00974
147	0.01014
148	0.00944
149	0.00832
150	0.00678
151	0.00696
152	0.00729
153	0.00554
154	0.00588
155	0.00602
156	0.00604
157	0.00630
158	0.00536
159	0.00575
160	0.00580
161	0.00537
162	0.00468
163	0.00410
164	0.00479
165	0.00538
166	0.00448
167	0.00495
168	0.00453
169	0.00465
170	0.00508
171	0.00392
172	0.00375
173	0.00375
174	0.00300
175	0.00269
176	0.00190
177	0.00120
178	0.00134
179	0.00067
