0	0.00000
1	0.00050
2	0.00050
3	0.00000
4	0.00000
5	0.00000
6	0.00100
7	0.00100
8	0.00100
9	0.00050
10	0.00100
11	0.00100
12	0.00000
13	0.00050
14	0.00150
15	0.00150
16	0.00250
17	0.00100
18	0.00150
19	0.00300
20	0.00150
21	0.00100
22	0.00250
23	0.00150
24	0.00300
25	0.00250
26	0.00200
27	0.00400
28	0.00150
29	0.00300
30	0.00300
31	0.00200
32	0.00400
33	0.00350
34	0.00600
35	0.00400
36	0.00700
37	0.00500
38	0.00250
39	0.00900
40	0.00850
41	0.00850
42	0.00700
43	0.01100
44	0.01200
45	0.00950
46	0.01200
47	0.01050
48	0.00800
49	0.00900
50	0.00950
51	0.01100
52	0.00950
53	0.01500
54	0.01050
55	0.00850
56	0.01000
57	0.01150
58	0.01000
59	0.01650
60	0.01250
61	0.01400
62	0.01100
63	0.01100
64	0.01100
65	0.01250
66	0.01200
67	0.00950
68	0.01200
69	0.01200
70	0.01500
71	0.00950
72	0.01450
73	0.00950
74	0.01050
75	0.01250
76	0.00900
77	0.00950
78	0.00700
79	0.00950
80	0.00900
81	0.00650
82	0.00550
83	0.00650
84	0.00700
85	0.00650
86	0.00550
87	0.00350
88	0.00400
89	0.00250
90	0.00250
91	0.00250
92	0.00450
93	0.00100
94	0.00500
95	0.00450
96	0.00300
97	0.00350
98	0.00300
99	0.00250
100	0.00150
101	0.00200
102	0.00200
103	0.00100
104	0.00300
105	0.00150
106	0.00300
107	0.00200
108	0.00050
109	0.00050
110	0.00050
111	0.00150
112	0.00050
113	0.00050
114	0.00000
115	0.00050
116	0.00050
117	0.00050
118	0.00050
119	0.00050
120	0.00050
121	0.00050
122	0.00050
123	0.00050
124	0.00050
125	0.00000
126	0.00000
127	0.00100
128	0.00000
129	0.00000
130	0.00000
131	0.00050
132	0.00100
133	0.00000
134	0.00050
135	0.00000
136	0.00000
137	0.00050
138	0.00000
139	0.00000
140	0.00050
141	0.00000
142	0.00000
143	0.00000
144	0.00000
145	0.00000
146	0.00000
147	0.00000
148	0.00000
149	0.00000
