0	0.00500
1	0.00550
2	0.00600
3	0.00600
4	0.00600
5	0.00600
6	0.00700
7	0.00800
8	0.00900
9	0.00950
10	0.01050
11	0.01150
12	0.01150
13	0.01200
14	0.01350
15	0.01500
16	0.01750
17	0.01850
18	0.02000
19	0.02300
20	0.02450
21	0.02550
22	0.02800
23	0.02950
24	0.03250
25	0.03500
26	0.03700
27	0.04100
28	0.04250
29	0.04550
30	0.04850
31	0.05050
32	0.05450
33	0.05800
34	0.06400
35	0.06800
36	0.07500
37	0.08000
38	0.08250
39	0.09150
40	0.10000
41	0.10850
42	0.11550
43	0.12650
44	0.13850
45	0.14800
46	0.16000
47	0.17050
48	0.17850
49	0.18750
50	0.19700
51	0.20800
52	0.21750
53	0.23250
54	0.24300
55	0.25150
56	0.26150
57	0.27300
58	0.28300
59	0.29950
60	0.31200
61	0.32600
62	0.33700
63	0.34800
64	0.35900
65	0.37150
66	0.38350
67	0.39300
68	0.40500
69	0.41700
70	0.43200
71	0.44150
72	0.45600
73	0.46550
74	0.47600
75	0.48850
76	0.49750
77	0.50700
78	0.51400
79	0.52350
80	0.53250
81	0.53900
82	0.54450
83	0.55100
84	0.55800
85	0.56450
86	0.57000
87	0.57350
88	0.57750
89	0.58000
90	0.58250
91	0.58500
92	0.58950
93	0.59050
94	0.59550
95	0.60000
96	0.60300
97	0.60650
98	0.60950
99	0.61200
100	0.61350
101	0.61550
102	0.61750
103	0.61850
104	0.62150
105	0.62300
106	0.62600
107	0.62800
108	0.62850
109	0.62900
110	0.62950
111	0.63100
112	0.63150
113	0.63200
114	0.63200
115	0.63250
116	0.63300
117	0.63350
118	0.63400
119	0.63450
120	0.63500
121	0.63550
122	0.63600
123	0.63650
124	0.63700
125	0.63700
126	0.63700
127	0.63800
128	0.63800
129	0.63800
130	0.63800
131	0.63850
132	0.63950
133	0.63950
134	0.64000
135	0.64000
136	0.64000
137	0.64050
138	0.64050
139	0.64050
140	0.64100
141	0.64100
142	0.64100
143	0.64100
144	0.64100
145	0.64100
146	0.64100
147	0.64100
148	0.64100
149	0.64100
