0	0.00000
1	0.00000
2	0.00000
3	0.05626
4	0.17957
5	0.41936
6	1.11723
7	1.29945
8	1.39408
9	1.48759
10	1.46502
11	1.37458
12	1.16271
13	0.91124
14	0.67924
15	0.49369
16	0.35834
17	0.25721
18	0.18571
19	0.13845
20	0.10932
21	0.08909
22	0.07049
23	0.05874
24	0.04666
25	0.03619
26	0.03218
27	0.02679
28	0.02116
29	0.01640
30	0.01317
31	0.01003
32	0.00875
33	0.00727
34	0.00396
35	0.00248
36	0.00160
37	0.00030
38	0.00014
39	0.00000
40	0.00000
41	0.00000
42	0.00000
43	0.00000
44	0.00000
45	0.00000
46	0.00000
47	0.00000
48	0.00000
49	0.00000
50	0.00000
51	0.00000
52	0.00000
53	0.00000
54	0.00000
55	0.00000
56	0.00000
57	0.00000
58	0.00000
59	0.00000
60	0.00000
61	0.00000
62	0.00000
63	0.00000
64	0.00000
65	0.00000
66	0.00000
67	0.00000
68	0.00000
69	0.00000
70	0.00000
71	0.00000
72	0.00000
73	0.00000
74	0.00000
75	0.00000
76	0.00000
77	0.00000
78	0.00000
79	0.00000
80	0.00000
81	0.00000
82	0.00000
83	0.00000
84	0.00000
85	0.00000
86	0.00000
87	0.00000
88	0.00000
89	0.00000
90	0.00000
91	0.00000
92	0.00000
93	0.00000
94	0.00000
95	0.00000
96	0.00000
97	0.00000
98	0.00000
99	0.00000
