0	0.00000
1	0.00000
2	0.00000
3	0.05122
4	0.11320
5	0.21360
6	0.61991
7	0.98382
8	1.25552
9	1.46959
10	1.49821
11	1.43445
12	1.22760
13	0.98289
14	0.74483
15	0.53972
16	0.39620
17	0.28640
18	0.20960
19	0.15389
20	0.12167
21	0.09696
22	0.07739
23	0.06263
24	0.05092
25	0.03972
26	0.03544
27	0.03001
28	0.02290
29	0.01943
30	0.01660
31	0.01355
32	0.01251
33	0.00972
34	0.00700
35	0.00533
36	0.00415
37	0.00227
38	0.00206
39	0.00166
40	0.00056
41	0.00056
42	0.00056
43	0.00000
44	0.00000
45	0.00000
46	0.00000
47	0.00000
48	0.00000
49	0.00000
50	0.00000
51	0.00000
52	0.00000
53	0.00020
54	0.00020
55	0.00020
56	0.00020
57	0.00020
58	0.00020
59	0.00020
60	0.00000
61	0.00000
62	0.00000
63	0.00000
64	0.00000
65	0.00000
66	0.00000
67	0.00000
68	0.00000
69	0.00000
70	0.00000
71	0.00000
72	0.00000
73	0.00000
74	0.00000
75	0.00000
76	0.00000
77	0.00000
78	0.00000
79	0.00000
80	0.00000
81	0.00000
82	0.00000
83	0.00000
84	0.00000
85	0.00000
86	0.00000
87	0.00000
88	0.00000
89	0.00000
90	0.00000
91	0.00000
92	0.00000
93	0.00000
94	0.00000
95	0.00000
96	0.00000
97	0.00000
98	0.00000
99	0.00000
