0	0.00500
1	0.00650
2	0.00650
3	0.00800
4	0.00850
5	0.00950
6	0.01000
7	0.01250
8	0.01300
9	0.01450
10	0.01600
11	0.01750
12	0.02050
13	0.02100
14	0.02250
15	0.02500
16	0.02900
17	0.03150
18	0.03350
19	0.03650
20	0.03750
21	0.04050
22	0.04250
23	0.04750
24	0.05250
25	0.05700
26	0.06000
27	0.06500
28	0.07050
29	0.07450
30	0.08100
31	0.08950
32	0.09800
33	0.10400
34	0.11500
35	0.12350
36	0.13300
37	0.14400
38	0.15250
39	0.15800
40	0.16950
41	0.17950
42	0.18600
43	0.19600
44	0.20400
45	0.21900
46	0.22900
47	0.24250
48	0.25300
49	0.26350
50	0.27800
51	0.29150
52	0.30600
53	0.31900
54	0.33150
55	0.34350
56	0.35550
57	0.36650
58	0.37800
59	0.39200
60	0.40400
61	0.41600
62	0.42750
63	0.44100
64	0.45150
65	0.46250
66	0.47600
67	0.48500
68	0.49750
69	0.50800
70	0.51550
71	0.52700
72	0.53750
73	0.54900
74	0.55950
75	0.56950
76	0.58050
77	0.59400
78	0.60450
79	0.61000
80	0.61900
81	0.63150
82	0.64050
83	0.64850
84	0.65850
85	0.66250
86	0.66850
87	0.67850
88	0.68600
89	0.69500
90	0.70150
91	0.70650
92	0.71000
93	0.71750
94	0.72100
95	0.72750
96	0.73900
97	0.74700
98	0.75050
99	0.75800
100	0.76400
101	0.76900
102	0.77350
103	0.77750
104	0.78050
105	0.78300
106	0.78400
107	0.78800
108	0.79050
109	0.79350
110	0.79850
111	0.80350
112	0.80450
113	0.80750
114	0.81050
115	0.81450
116	0.81750
117	0.82050
118	0.82250
119	0.82300
120	0.82500
121	0.82750
122	0.83000
123	0.83350
124	0.83650
125	0.83850
126	0.83900
127	0.84100
128	0.84250
129	0.84400
130	0.84500
131	0.84800
132	0.84950
133	0.85050
134	0.85150
135	0.85300
136	0.85450
137	0.85450
138	0.85600
139	0.85850
140	0.86100
141	0.86300
142	0.86550
143	0.86550
144	0.86650
145	0.86650
146	0.86750
147	0.86950
148	0.87050
149	0.87100
150	0.87200
151	0.87350
152	0.87550
153	0.87600
154	0.87700
155	0.87750
156	0.87750
157	0.87850
158	0.87850
159	0.88000
160	0.88100
161	0.88250
162	0.88400
163	0.88450
164	0.88550
165	0.88650
166	0.88800
167	0.88900
168	0.88950
169	0.88950
170	0.88950
171	0.88950
172	0.88950
173	0.88950
174	0.89000
175	0.89100
176	0.89100
177	0.89150
178	0.89200
179	0.89200
