0	0.00000
1	0.00000
2	0.00000
3	0.60004
4	0.60563
5	0.95542
6	1.12529
7	1.25132
8	1.40874
9	1.60843
10	1.76408
11	1.90085
12	1.92590
13	1.93546
14	2.01403
15	1.93317
16	1.75849
17	1.71757
18	1.60410
19	1.46419
20	1.34495
21	1.24019
22	1.16676
23	1.05830
24	0.99365
25	0.92579
26	0.86108
27	0.80345
28	0.76386
29	0.72067
30	0.67889
31	0.64196
32	0.61233
33	0.58070
34	0.55269
35	0.52872
36	0.50708
37	0.48665
38	0.46741
39	0.44894
40	0.43377
41	0.41676
42	0.40374
43	0.39017
44	0.37659
45	0.36628
46	0.35525
47	0.34590
48	0.33551
49	0.32768
50	0.31822
51	0.31074
52	0.30130
53	0.29491
54	0.28780
55	0.28117
56	0.27499
57	0.26802
58	0.26353
59	0.25767
60	0.25136
61	0.24726
62	0.24158
63	0.23808
64	0.23306
65	0.22784
66	0.22486
67	0.22177
68	0.21504
69	0.21170
70	0.20925
71	0.20715
72	0.20237
73	0.19786
74	0.19521
75	0.19275
76	0.19120
77	0.18690
78	0.18338
79	0.18038
80	0.17814
81	0.17621
82	0.17471
83	0.17149
84	0.16874
85	0.16701
86	0.16473
87	0.16206
88	0.16030
89	0.15798
90	0.15613
91	0.15477
92	0.15265
93	0.15065
94	0.14964
95	0.14695
96	0.14481
97	0.14346
98	0.14172
99	0.14002
100	0.13890
101	0.13743
102	0.13643
103	0.13461
104	0.13390
105	0.13159
106	0.12994
107	0.12811
108	0.12697
109	0.12629
110	0.12629
111	0.12482
112	0.12371
113	0.12229
114	0.12123
115	0.11970
116	0.11848
117	0.11704
118	0.11582
119	0.11480
120	0.11303
121	0.11267
122	0.11227
123	0.11097
124	0.11045
125	0.10921
126	0.10883
127	0.10742
128	0.10634
129	0.10578
130	0.10503
131	0.10471
132	0.10352
133	0.10246
134	0.10103
135	0.09984
136	0.09929
137	0.09887
138	0.09800
139	0.09754
140	0.09716
141	0.09702
142	0.09517
143	0.09461
144	0.09399
145	0.09314
146	0.09198
147	0.09180
148	0.09144
149	0.09130
150	0.09116
151	0.09049
152	0.09036
153	0.08891
154	0.08770
155	0.08710
156	0.08663
157	0.08555
158	0.08518
159	0.08438
160	0.08378
161	0.08348
162	0.08292
163	0.08257
164	0.08187
165	0.08137
166	0.08063
167	0.08063
168	0.08027
169	0.07962
170	0.07941
171	0.07941
172	0.07903
173	0.07864
174	0.07774
175	0.07740
176	0.07693
177	0.07663
178	0.07576
179	0.07529
180	0.07499
181	0.07468
182	0.07431
183	0.07316
184	0.07254
185	0.07217
186	0.07198
187	0.07185
188	0.07112
189	0.07077
190	0.07025
191	0.06976
192	0.06958
193	0.06921
194	0.06898
195	0.06876
196	0.06858
197	0.06858
198	0.06787
199	0.06757
