0	0.00000
1	0.00000
2	0.00000
3	0.19914
4	0.36266
5	0.79441
6	1.08442
7	1.24977
8	1.35977
9	1.58731
10	1.71190
11	1.86432
12	1.86480
13	1.86856
14	1.93238
15	1.86558
16	1.75106
17	1.67116
18	1.55648
19	1.41864
20	1.29252
21	1.18319
22	1.11276
23	1.01227
24	0.95028
25	0.87378
26	0.81037
27	0.75730
28	0.72876
29	0.69003
30	0.64738
31	0.59817
32	0.57432
33	0.54486
34	0.52726
35	0.50670
36	0.48763
37	0.46941
38	0.44896
39	0.43310
40	0.42016
41	0.40498
42	0.39314
43	0.38104
44	0.36948
45	0.36038
46	0.34910
47	0.34124
48	0.33315
49	0.32511
50	0.31588
51	0.30967
52	0.30077
53	0.29500
54	0.28422
55	0.27899
56	0.27269
57	0.26744
58	0.26313
59	0.25937
60	0.25267
61	0.24896
62	0.24395
63	0.24112
64	0.23653
65	0.23136
66	0.22881
67	0.22612
68	0.22013
69	0.21673
70	0.21493
71	0.21353
72	0.20866
73	0.20332
74	0.20098
75	0.19910
76	0.19800
77	0.19379
78	0.19046
79	0.18751
80	0.18275
81	0.18139
82	0.18004
83	0.17718
84	0.17491
85	0.17320
86	0.17106
87	0.16835
88	0.16641
89	0.16392
90	0.16241
91	0.16128
92	0.16009
93	0.15839
94	0.15735
95	0.15453
96	0.15199
97	0.15003
98	0.14896
99	0.14780
100	0.14583
101	0.14487
102	0.14377
103	0.14191
104	0.14077
105	0.13875
106	0.13752
107	0.13563
108	0.13473
109	0.13433
110	0.13433
111	0.13301
112	0.13204
113	0.13098
114	0.12982
115	0.12811
116	0.12684
117	0.12576
118	0.12457
119	0.12349
120	0.12181
121	0.12161
122	0.12145
123	0.12038
124	0.11982
125	0.11881
126	0.11863
127	0.11694
128	0.11592
129	0.11471
130	0.11410
131	0.11385
132	0.11276
133	0.11184
134	0.11097
135	0.10970
136	0.10920
137	0.10860
138	0.10804
139	0.10760
140	0.10719
141	0.10708
142	0.10423
143	0.10349
144	0.10303
145	0.10227
146	0.10142
147	0.10130
148	0.09450
149	0.09428
150	0.09412
151	0.09362
152	0.09340
153	0.09215
154	0.09098
155	0.09040
156	0.08993
157	0.08888
158	0.08853
159	0.08744
160	0.08711
161	0.08687
162	0.08663
163	0.08600
164	0.08548
165	0.08485
166	0.08431
167	0.08431
168	0.08410
169	0.08255
170	0.08233
171	0.08233
172	0.08178
173	0.08152
174	0.08079
175	0.08042
176	0.07985
177	0.07949
178	0.07870
179	0.07835
180	0.07395
181	0.07373
182	0.07339
183	0.07272
184	0.07222
185	0.07175
186	0.07152
187	0.07139
188	0.07060
189	0.07031
190	0.06956
191	0.06897
192	0.06876
193	0.06805
194	0.06785
195	0.06770
196	0.06762
197	0.06762
198	0.06700
199	0.06674
