0	0.00000
1	0.00000
2	0.00000
3	0.02049
4	0.11802
5	0.34165
6	0.62268
7	1.01661
8	1.21277
9	1.26579
10	1.22430
11	1.11426
12	0.98534
13	0.80412
14	0.63008
15	0.47491
16	0.35885
17	0.27359
18	0.21727
19	0.17458
20	0.14081
21	0.11317
22	0.09495
23	0.07914
24	0.06619
25	0.05090
26	0.04347
27	0.03591
28	0.03081
29	0.02361
30	0.02079
31	0.01803
32	0.01607
33	0.01224
34	0.00997
35	0.00674
36	0.00634
37	0.00311
38	0.00248
39	0.00248
40	0.00199
41	0.00199
42	0.00231
43	0.00187
44	0.00156
45	0.00087
46	0.00033
47	0.00033
48	0.00033
49	0.00000
50	0.00000
51	0.00059
52	0.00059
53	0.00059
54	0.00059
55	0.00059
56	0.00059
57	0.00059
58	0.00000
59	0.00000
60	0.00000
61	0.00000
62	0.00000
63	0.00000
64	0.00000
65	0.00000
66	0.00000
67	0.00000
68	0.00000
69	0.00000
70	0.00000
71	0.00000
72	0.00000
73	0.00000
74	0.00000
75	0.00000
76	0.00000
77	0.00000
78	0.00000
79	0.00000
80	0.00000
81	0.00000
82	0.00000
83	0.00000
84	0.00000
85	0.00000
86	0.00000
87	0.00000
88	0.00000
89	0.00000
90	0.00000
91	0.00000
92	0.00000
93	0.00000
94	0.00000
95	0.00000
96	0.00000
97	0.00000
98	0.00000
99	0.00000
