0	0	0	0	0	0	
1	737	0	0	0	0	
2	715	0	0	0	0	
3	4	657	0	0	0	
4	0	3	538	0	0	
5	0	0	3	438	0	
6	0	0	0	2	394	
7	0	0	0	0	392	
8	0	0	0	0	391	
9	0	0	0	0	391	
10	0	0	0	0	391	
11	0	0	0	0	391	
12	0	0	0	0	391	
13	0	0	0	0	391	
14	0	0	0	0	391	
15	0	0	0	0	391	
16	0	0	0	0	391	
17	0	0	0	0	391	
18	0	0	0	0	391	
19	0	0	0	0	391	
20	0	0	0	0	391	
21	0	0	0	0	391	
22	0	0	0	0	391	
23	0	0	0	0	391	
24	0	0	0	0	391	
25	0	0	0	0	391	
26	0	0	0	0	391	
27	0	0	0	0	391	
28	0	0	0	0	391	
29	0	0	0	0	391	
30	0	0	0	0	391	
31	0	0	0	0	391	
32	0	0	0	0	391	
33	0	0	0	0	391	
34	0	0	0	0	391	
35	0	0	0	0	391	
36	0	0	0	0	391	
37	0	0	0	0	391	
38	0	0	0	0	391	
39	0	0	0	0	391	
40	0	0	0	0	391	
41	0	0	0	0	391	
42	0	0	0	0	391	
43	0	0	0	0	391	
44	0	0	0	0	391	
45	0	0	0	0	391	
46	0	0	0	0	391	
47	0	0	0	0	391	
48	0	0	0	0	391	
49	0	0	0	0	391	
50	0	0	0	0	391	
51	0	0	0	0	391	
52	0	0	0	0	391	
53	0	0	0	0	391	
54	0	0	0	0	391	
55	0	0	0	0	391	
56	0	0	0	0	391	
57	0	0	0	0	391	
58	0	0	0	0	391	
59	0	0	0	0	391	
60	0	0	0	0	391	
61	0	0	0	0	391	
62	0	0	0	0	391	
63	0	0	0	0	391	
64	0	0	0	0	391	
65	0	0	0	0	391	
66	0	0	0	0	391	
67	0	0	0	0	391	
68	0	0	0	0	391	
69	0	0	0	0	391	
70	0	0	0	0	391	
71	0	0	0	0	391	
72	0	0	0	0	391	
73	0	0	0	0	391	
74	0	0	0	0	391	
75	0	0	0	0	391	
76	0	0	0	0	391	
77	0	0	0	0	391	
78	0	0	0	0	391	
79	0	0	0	0	391	
80	0	0	0	0	391	
81	0	0	0	0	391	
82	0	0	0	0	391	
83	0	0	0	0	391	
84	0	0	0	0	391	
85	0	0	0	0	391	
86	0	0	0	0	391	
87	0	0	0	0	391	
88	0	0	0	0	391	
89	0	0	0	0	391	
90	0	0	0	0	391	
91	0	0	0	0	391	
92	0	0	0	0	391	
93	0	0	0	0	391	
94	0	0	0	0	391	
95	0	0	0	0	391	
96	0	0	0	0	391	
97	0	0	0	0	391	
98	0	0	0	0	391	
99	0	0	0	0	391	
100	0	0	0	0	391	
101	0	0	0	0	391	
102	0	0	0	0	391	
103	0	0	0	0	391	
104	0	0	0	0	391	
105	0	0	0	0	391	
106	0	0	0	0	391	
107	0	0	0	0	391	
108	0	0	0	0	391	
109	0	0	0	0	391	
110	0	0	0	0	391	
111	0	0	0	0	391	
112	0	0	0	0	391	
113	0	0	0	0	391	
114	0	0	0	0	391	
115	0	0	0	0	391	
116	0	0	0	0	391	
117	0	0	0	0	391	
118	0	0	0	0	391	
119	0	0	0	0	391	
120	0	0	0	0	391	
121	0	0	0	0	391	
122	0	0	0	0	391	
123	0	0	0	0	391	
124	0	0	0	0	391	
125	0	0	0	0	391	
126	0	0	0	0	391	
127	0	0	0	0	391	
128	0	0	0	0	391	
129	0	0	0	0	391	
130	0	0	0	0	391	
131	0	0	0	0	391	
132	0	0	0	0	391	
133	0	0	0	0	391	
134	0	0	0	0	391	
135	0	0	0	0	391	
136	0	0	0	0	391	
137	0	0	0	0	391	
138	0	0	0	0	391	
139	0	0	0	0	391	
140	0	0	0	0	391	
141	0	0	0	0	391	
142	0	0	0	0	391	
143	0	0	0	0	391	
144	0	0	0	0	391	
145	0	0	0	0	391	
146	0	0	0	0	391	
147	0	0	0	0	391	
148	0	0	0	0	391	
149	0	0	0	0	391	
