0	0.02000
1	0.02000
2	0.02000
3	0.02000
4	0.02000
5	0.02500
6	0.02500
7	0.02500
8	0.02500
9	0.02500
10	0.02500
11	0.02500
12	0.03000
13	0.03000
14	0.03000
15	0.03000
16	0.03000
17	0.03000
18	0.03000
19	0.03000
20	0.03500
21	0.03500
22	0.04000
23	0.04500
24	0.04500
25	0.04500
26	0.04500
27	0.04500
28	0.04500
29	0.04500
30	0.04500
31	0.05000
32	0.05000
33	0.05500
34	0.06000
35	0.06000
36	0.06500
37	0.06500
38	0.06500
39	0.06500
40	0.06500
41	0.06500
42	0.06500
43	0.06500
44	0.06500
45	0.06500
46	0.06500
47	0.06500
48	0.06500
49	0.06500
50	0.06500
51	0.06500
52	0.06500
53	0.06500
54	0.06500
55	0.06500
56	0.06500
57	0.06500
58	0.06500
59	0.06500
60	0.06500
61	0.06500
62	0.06500
63	0.06500
64	0.07000
65	0.07000
66	0.07000
67	0.07000
68	0.07000
69	0.07000
70	0.07500
71	0.08000
72	0.08000
73	0.08000
74	0.08000
75	0.08000
76	0.08000
77	0.08000
78	0.08500
79	0.09000
80	0.09000
81	0.09000
82	0.09000
83	0.09000
84	0.09000
85	0.09000
86	0.09000
87	0.09000
88	0.09000
89	0.09500
90	0.09500
91	0.09500
92	0.10000
93	0.10500
94	0.10500
95	0.10500
96	0.10500
97	0.10500
98	0.10500
99	0.10500
100	0.10500
101	0.11000
102	0.11000
103	0.11000
104	0.11500
105	0.11500
106	0.11500
107	0.12000
108	0.12000
109	0.12000
110	0.12000
111	0.12000
112	0.12000
113	0.12500
114	0.13000
115	0.13000
116	0.13000
117	0.13000
118	0.13000
119	0.13000
120	0.13000
121	0.13000
122	0.13000
123	0.13000
124	0.13000
125	0.13500
126	0.13500
127	0.14000
128	0.14000
129	0.14500
130	0.15500
131	0.16500
132	0.17000
133	0.17000
134	0.17000
135	0.17500
136	0.18000
137	0.19000
138	0.19000
139	0.19000
140	0.19000
141	0.19000
142	0.20500
143	0.20500
144	0.20500
145	0.21000
146	0.21000
147	0.21500
148	0.22000
149	0.22000
