0	0.00000
1	0.00000
2	0.00000
3	0.00000
4	0.00000
5	0.00000
6	0.00000
7	0.01026
8	0.01026
9	0.01026
10	0.01026
11	0.01026
12	0.01031
13	0.01031
14	0.06186
15	0.06186
16	0.06186
17	0.06186
18	0.06186
19	0.06186
20	0.06218
21	0.00000
22	0.01823
23	0.01832
24	0.06545
25	0.08901
26	0.07504
27	0.07504
28	0.07155
29	0.06108
30	0.06108
31	0.02018
32	0.00000
33	0.04233
34	0.04255
35	0.06649
36	0.10071
37	0.09269
38	0.13458
39	0.11854
40	0.09492
41	0.09492
42	0.07353
43	0.04412
44	0.04412
45	0.00000
46	0.00000
47	0.00000
48	0.00000
49	0.00000
50	0.00000
51	0.00000
52	0.00000
53	0.00000
54	0.00000
55	0.00000
56	0.00000
57	0.00000
58	0.00000
59	0.00000
60	0.00000
61	0.00000
62	0.00000
63	0.00000
64	0.00000
65	0.00000
66	0.04480
67	0.04480
68	0.04480
69	0.04480
70	0.04505
71	0.04529
72	0.06449
73	0.08623
74	0.08623
75	0.08623
76	0.07808
77	0.07808
78	0.07851
79	0.05678
80	0.07051
81	0.09570
82	0.09570
83	0.09570
84	0.09203
85	0.09203
86	0.09203
87	0.02427
88	0.00000
89	0.00000
90	0.00000
91	0.01750
92	0.01759
93	0.01769
94	0.05773
95	0.10521
96	0.09916
97	0.09916
98	0.08240
99	0.08240
100	0.08240
101	0.04401
102	0.00000
103	0.03277
104	0.03296
105	0.03296
106	0.09482
107	0.09536
108	0.08684
109	0.14792
110	0.12045
111	0.11023
112	0.11023
113	0.05829
114	0.05862
115	0.07893
116	0.08161
117	0.08161
118	0.08161
119	0.07299
120	0.07299
121	0.07299
122	0.05556
123	0.00000
124	0.00000
125	0.00000
126	0.00000
127	0.02490
128	0.02490
129	0.06842
130	0.06430
131	0.10399
132	0.14378
133	0.19096
134	0.22510
135	0.20899
136	0.16148
137	0.19074
138	0.21481
139	0.23746
140	0.19919
141	0.15660
142	0.14310
143	0.14310
144	0.23681
145	0.17554
146	0.11983
147	0.17246
148	0.17357
149	0.17053
