0	0.00500
1	0.01250
2	0.03300
3	0.09400
4	0.21300
5	0.34350
6	0.40150
7	0.41950
8	0.42850
9	0.43550
10	0.44100
11	0.44200
12	0.44350
13	0.44350
14	0.44450
15	0.44550
16	0.44550
17	0.44550
18	0.44550
19	0.44550
20	0.44550
21	0.44550
22	0.44550
23	0.44550
24	0.44550
25	0.44550
26	0.44550
27	0.44550
28	0.44550
29	0.44550
30	0.44550
31	0.44550
32	0.44550
33	0.44550
34	0.44550
35	0.44550
36	0.44550
37	0.44550
38	0.44550
39	0.44550
40	0.44550
41	0.44550
42	0.44550
43	0.44550
44	0.44550
45	0.44550
46	0.44550
47	0.44550
48	0.44550
49	0.44550
50	0.44550
51	0.44550
52	0.44550
53	0.44550
54	0.44550
55	0.44550
56	0.44550
57	0.44550
58	0.44550
59	0.44550
60	0.44550
61	0.44550
62	0.44550
63	0.44550
64	0.44550
65	0.44550
66	0.44550
67	0.44550
68	0.44550
69	0.44550
70	0.44550
71	0.44550
72	0.44550
73	0.44550
74	0.44550
75	0.44550
76	0.44550
77	0.44550
78	0.44550
79	0.44550
80	0.44550
81	0.44550
82	0.44550
83	0.44550
84	0.44550
85	0.44550
86	0.44550
87	0.44550
88	0.44550
89	0.44550
90	0.44550
91	0.44550
92	0.44550
93	0.44550
94	0.44550
95	0.44550
96	0.44550
97	0.44550
98	0.44550
99	0.44550
100	0.44550
101	0.44550
102	0.44550
103	0.44550
104	0.44550
105	0.44550
106	0.44550
107	0.44550
108	0.44550
109	0.44550
110	0.44550
111	0.44550
112	0.44550
113	0.44550
114	0.44550
115	0.44550
116	0.44550
117	0.44550
118	0.44550
119	0.44550
120	0.44550
121	0.44550
122	0.44550
123	0.44550
124	0.44550
125	0.44550
126	0.44550
127	0.44550
128	0.44550
129	0.44550
130	0.44550
131	0.44550
132	0.44550
133	0.44550
134	0.44550
135	0.44550
136	0.44550
137	0.44550
138	0.44550
139	0.44550
140	0.44550
141	0.44550
142	0.44550
143	0.44550
144	0.44550
145	0.44550
146	0.44550
147	0.44550
148	0.44550
149	0.44550
150	0.44550
