0	0	0	0	0	0	
1	1785	0	0	0	0	
2	1749	0	0	0	0	
3	0	1639	0	0	0	
4	0	0	1424	0	0	
5	0	0	0	1206	0	
6	0	0	0	0	1132	
7	0	0	0	0	1121	
8	0	0	0	0	1116	
9	0	0	0	0	1114	
10	0	0	0	0	1110	
11	0	0	0	0	1109	
12	0	0	0	0	1109	
13	0	0	0	0	1109	
14	0	0	0	0	1108	
15	0	0	0	0	1108	
16	0	0	0	0	1108	
17	0	0	0	0	1108	
18	0	0	0	0	1108	
19	0	0	0	0	1108	
20	0	0	0	0	1108	
21	0	0	0	0	1108	
22	0	0	0	0	1108	
23	0	0	0	0	1108	
24	0	0	0	0	1108	
25	0	0	0	0	1108	
26	0	0	0	0	1108	
27	0	0	0	0	1108	
28	0	0	0	0	1108	
29	0	0	0	0	1108	
30	0	0	0	0	1108	
31	0	0	0	0	1108	
32	0	0	0	0	1108	
33	0	0	0	0	1108	
34	0	0	0	0	1108	
35	0	0	0	0	1108	
36	0	0	0	0	1108	
37	0	0	0	0	1108	
38	0	0	0	0	1108	
39	0	0	0	0	1108	
40	0	0	0	0	1108	
41	0	0	0	0	1108	
42	0	0	0	0	1108	
43	0	0	0	0	1108	
44	0	0	0	0	1108	
45	0	0	0	0	1108	
46	0	0	0	0	1108	
47	0	0	0	0	1108	
48	0	0	0	0	1108	
49	0	0	0	0	1108	
50	0	0	0	0	1108	
51	0	0	0	0	1108	
52	0	0	0	0	1108	
53	0	0	0	0	1108	
54	0	0	0	0	1108	
55	0	0	0	0	1108	
56	0	0	0	0	1108	
57	0	0	0	0	1108	
58	0	0	0	0	1108	
59	0	0	0	0	1108	
60	0	0	0	0	1108	
61	0	0	0	0	1108	
62	0	0	0	0	1108	
63	0	0	0	0	1108	
64	0	0	0	0	1108	
65	0	0	0	0	1108	
66	0	0	0	0	1108	
67	0	0	0	0	1108	
68	0	0	0	0	1108	
69	0	0	0	0	1108	
70	0	0	0	0	1108	
71	0	0	0	0	1108	
72	0	0	0	0	1108	
73	0	0	0	0	1108	
74	0	0	0	0	1108	
75	0	0	0	0	1108	
76	0	0	0	0	1108	
77	0	0	0	0	1108	
78	0	0	0	0	1108	
79	0	0	0	0	1108	
80	0	0	0	0	1108	
81	0	0	0	0	1108	
82	0	0	0	0	1108	
83	0	0	0	0	1108	
84	0	0	0	0	1108	
85	0	0	0	0	1108	
86	0	0	0	0	1108	
87	0	0	0	0	1108	
88	0	0	0	0	1108	
89	0	0	0	0	1108	
90	0	0	0	0	1108	
91	0	0	0	0	1108	
92	0	0	0	0	1108	
93	0	0	0	0	1108	
94	0	0	0	0	1108	
95	0	0	0	0	1108	
96	0	0	0	0	1108	
97	0	0	0	0	1108	
98	0	0	0	0	1108	
99	0	0	0	0	1108	
100	0	0	0	0	1108	
101	0	0	0	0	1108	
102	0	0	0	0	1108	
103	0	0	0	0	1108	
104	0	0	0	0	1108	
105	0	0	0	0	1108	
106	0	0	0	0	1108	
107	0	0	0	0	1108	
108	0	0	0	0	1108	
109	0	0	0	0	1108	
110	0	0	0	0	1108	
111	0	0	0	0	1108	
112	0	0	0	0	1108	
113	0	0	0	0	1108	
114	0	0	0	0	1108	
115	0	0	0	0	1108	
116	0	0	0	0	1108	
117	0	0	0	0	1108	
118	0	0	0	0	1108	
119	0	0	0	0	1108	
120	0	0	0	0	1108	
121	0	0	0	0	1108	
122	0	0	0	0	1108	
123	0	0	0	0	1108	
124	0	0	0	0	1108	
125	0	0	0	0	1108	
126	0	0	0	0	1108	
127	0	0	0	0	1108	
128	0	0	0	0	1108	
129	0	0	0	0	1108	
130	0	0	0	0	1108	
131	0	0	0	0	1108	
132	0	0	0	0	1108	
133	0	0	0	0	1108	
134	0	0	0	0	1108	
135	0	0	0	0	1108	
136	0	0	0	0	1108	
137	0	0	0	0	1108	
138	0	0	0	0	1108	
139	0	0	0	0	1108	
140	0	0	0	0	1108	
141	0	0	0	0	1108	
142	0	0	0	0	1108	
143	0	0	0	0	1108	
144	0	0	0	0	1108	
145	0	0	0	0	1108	
146	0	0	0	0	1108	
147	0	0	0	0	1108	
148	0	0	0	0	1108	
149	0	0	0	0	1108	
150	0	0	0	0	1108	
