0	0.00000
1	0.00000
2	0.00000
3	0.29020
4	0.63307
5	0.87682
6	0.98846
7	1.16867
8	1.03270
9	1.03630
10	0.93844
11	0.77152
12	0.59100
13	0.43219
14	0.30000
15	0.21335
16	0.15245
17	0.10630
18	0.07630
19	0.05651
20	0.04688
21	0.03720
22	0.02933
23	0.02360
24	0.01701
25	0.01355
26	0.00940
27	0.00431
28	0.00183
29	0.00105
30	0.00064
31	0.00052
32	0.00035
33	0.00013
34	0.00010
35	0.00008
36	0.00008
37	0.00000
38	0.00000
39	0.00000
40	0.00000
41	0.00000
42	0.00000
43	0.00000
44	0.00000
45	0.00000
46	0.00000
47	0.00000
48	0.00000
49	0.00000
50	0.00000
51	0.00000
52	0.00000
53	0.00000
54	0.00000
55	0.00000
56	0.00000
57	0.00000
58	0.00000
59	0.00000
60	0.00000
61	0.00000
62	0.00000
63	0.00000
64	0.00000
65	0.00000
66	0.00000
67	0.00000
68	0.00000
69	0.00000
70	0.00000
71	0.00000
72	0.00000
73	0.00000
74	0.00000
75	0.00000
76	0.00000
77	0.00000
78	0.00000
79	0.00000
80	0.00000
81	0.00000
82	0.00000
83	0.00000
84	0.00000
85	0.00000
86	0.00000
87	0.00000
88	0.00000
89	0.00000
90	0.00000
91	0.00000
92	0.00000
93	0.00000
94	0.00000
95	0.00000
96	0.00000
97	0.00000
98	0.00000
99	0.00000
