0	0.00500
1	0.01400
2	0.03250
3	0.09850
4	0.21850
5	0.36350
6	0.45550
7	0.50400
8	0.52000
9	0.52700
10	0.53000
11	0.53300
12	0.53500
13	0.53500
14	0.53500
15	0.53500
16	0.53500
17	0.53500
18	0.53500
19	0.53500
20	0.53500
21	0.53500
22	0.53500
23	0.53500
24	0.53500
25	0.53500
26	0.53500
27	0.53500
28	0.53500
29	0.53500
30	0.53500
31	0.53500
32	0.53500
33	0.53500
34	0.53500
35	0.53500
36	0.53500
37	0.53500
38	0.53500
39	0.53500
40	0.53500
41	0.53500
42	0.53500
43	0.53500
44	0.53500
45	0.53500
46	0.53500
47	0.53500
48	0.53500
49	0.53500
50	0.53500
51	0.53500
52	0.53500
53	0.53500
54	0.53500
55	0.53500
56	0.53500
57	0.53500
58	0.53500
59	0.53500
60	0.53500
61	0.53500
62	0.53500
63	0.53500
64	0.53500
65	0.53500
66	0.53500
67	0.53500
68	0.53500
69	0.53500
70	0.53500
71	0.53500
72	0.53500
73	0.53500
74	0.53500
75	0.53500
76	0.53500
77	0.53500
78	0.53500
79	0.53500
80	0.53500
81	0.53500
82	0.53500
83	0.53500
84	0.53500
85	0.53500
86	0.53500
87	0.53500
88	0.53500
89	0.53500
90	0.53500
91	0.53500
92	0.53500
93	0.53500
94	0.53500
95	0.53500
96	0.53500
97	0.53500
98	0.53500
99	0.53500
100	0.53500
101	0.53500
102	0.53500
103	0.53500
104	0.53500
105	0.53500
106	0.53500
107	0.53500
108	0.53500
109	0.53500
110	0.53500
111	0.53500
112	0.53500
113	0.53500
114	0.53500
115	0.53500
116	0.53500
117	0.53500
118	0.53500
119	0.53500
120	0.53500
121	0.53500
122	0.53500
123	0.53500
124	0.53500
125	0.53500
126	0.53500
127	0.53500
128	0.53500
129	0.53500
130	0.53500
131	0.53500
132	0.53500
133	0.53500
134	0.53500
135	0.53500
136	0.53500
137	0.53500
138	0.53500
139	0.53500
140	0.53500
141	0.53500
142	0.53500
143	0.53500
144	0.53500
145	0.53500
146	0.53500
147	0.53500
148	0.53500
149	0.53500
150	0.53500
