0	0.00000
1	0.00000
2	0.00000
3	0.02912
4	0.32452
5	0.66850
6	0.85659
7	1.02998
8	1.28772
9	1.50356
10	1.50581
11	1.36883
12	1.22179
13	0.98932
14	0.78747
15	0.59146
16	0.46694
17	0.35348
18	0.26553
19	0.20973
20	0.16292
21	0.12809
22	0.10068
23	0.08070
24	0.06507
25	0.05416
26	0.04709
27	0.04036
28	0.03237
29	0.02663
30	0.02042
31	0.01703
32	0.01494
33	0.01088
34	0.00824
35	0.00603
36	0.00519
37	0.00339
38	0.00279
39	0.00123
40	0.00087
41	0.00032
42	0.00032
43	0.00049
44	0.00048
45	0.00026
46	0.00030
47	0.00010
48	0.00009
49	0.00009
50	0.00000
51	0.00000
52	0.00004
53	0.00000
54	0.00000
55	0.00000
56	0.00000
57	0.00000
58	0.00000
59	0.00000
60	0.00000
61	0.00000
62	0.00000
63	0.00000
64	0.00000
65	0.00000
66	0.00000
67	0.00000
68	0.00000
69	0.00000
70	0.00000
71	0.00000
72	0.00000
73	0.00000
74	0.00000
75	0.00000
76	0.00000
77	0.00000
78	0.00000
79	0.00000
80	0.00000
81	0.00000
82	0.00000
83	0.00000
84	0.00000
85	0.00000
86	0.00000
87	0.00000
88	0.00000
89	0.00000
90	0.00000
91	0.00000
92	0.00000
93	0.00000
94	0.00000
95	0.00000
96	0.00000
97	0.00000
98	0.00000
99	0.00000
