0	0.00500
1	0.00750
2	0.01450
3	0.02450
4	0.03900
5	0.06150
6	0.09650
7	0.13700
8	0.19650
9	0.25300
10	0.31800
11	0.38150
12	0.43500
13	0.47550
14	0.51900
15	0.55550
16	0.58050
17	0.60950
18	0.62600
19	0.64050
20	0.65050
21	0.65900
22	0.66600
23	0.67200
24	0.67750
25	0.68050
26	0.68300
27	0.68350
28	0.68550
29	0.68750
30	0.68950
31	0.69050
32	0.69150
33	0.69150
34	0.69150
35	0.69150
36	0.69200
37	0.69300
38	0.69350
39	0.69350
40	0.69350
41	0.69400
42	0.69400
43	0.69400
44	0.69450
45	0.69450
46	0.69450
47	0.69450
48	0.69450
49	0.69450
50	0.69500
51	0.69500
52	0.69500
53	0.69500
54	0.69500
55	0.69500
56	0.69500
57	0.69500
58	0.69500
59	0.69500
60	0.69500
61	0.69500
62	0.69500
63	0.69500
64	0.69500
65	0.69500
66	0.69500
67	0.69500
68	0.69500
69	0.69500
70	0.69500
71	0.69500
72	0.69500
73	0.69500
74	0.69500
75	0.69500
76	0.69500
77	0.69500
78	0.69500
79	0.69500
80	0.69500
81	0.69500
82	0.69500
83	0.69500
84	0.69500
85	0.69500
86	0.69500
87	0.69500
88	0.69500
89	0.69500
90	0.69500
91	0.69500
92	0.69500
93	0.69500
94	0.69500
95	0.69500
96	0.69500
97	0.69500
98	0.69500
99	0.69500
