0	0.00000
1	0.00000
2	0.00000
3	0.03947
4	0.16363
5	0.35979
6	0.57277
7	0.82816
8	1.15255
9	1.41943
10	1.46746
11	1.35055
12	1.23259
13	1.01354
14	0.81699
15	0.61872
16	0.48625
17	0.36677
18	0.27705
19	0.22099
20	0.17267
21	0.13517
22	0.10776
23	0.08590
24	0.06777
25	0.05465
26	0.04681
27	0.03810
28	0.02957
29	0.02237
30	0.01772
31	0.01477
32	0.01324
33	0.00957
34	0.00804
35	0.00662
36	0.00600
37	0.00430
38	0.00402
39	0.00298
40	0.00290
41	0.00230
42	0.00221
43	0.00283
44	0.00282
45	0.00231
46	0.00185
47	0.00128
48	0.00125
49	0.00125
50	0.00062
51	0.00062
52	0.00095
53	0.00033
54	0.00033
55	0.00033
56	0.00033
57	0.00033
58	0.00033
59	0.00000
60	0.00000
61	0.00000
62	0.00000
63	0.00000
64	0.00000
65	0.00000
66	0.00000
67	0.00000
68	0.00000
69	0.00000
70	0.00000
71	0.00000
72	0.00000
73	0.00000
74	0.00000
75	0.00000
76	0.00000
77	0.00000
78	0.00000
79	0.00000
80	0.00000
81	0.00000
82	0.00000
83	0.00000
84	0.00000
85	0.00000
86	0.00000
87	0.00000
88	0.00000
89	0.00000
90	0.00000
91	0.00000
92	0.00000
93	0.00000
94	0.00000
95	0.00000
96	0.00000
97	0.00000
98	0.00000
99	0.00000
