0	0.00000
1	0.00050
2	0.00050
3	0.00050
4	0.00000
5	0.00000
6	0.00000
7	0.00050
8	0.00100
9	0.00050
10	0.00200
11	0.00000
12	0.00250
13	0.00100
14	0.00100
15	0.00100
16	0.00200
17	0.00250
18	0.00150
19	0.00150
20	0.00350
21	0.00150
22	0.00250
23	0.00500
24	0.00350
25	0.00450
26	0.00250
27	0.00300
28	0.00400
29	0.00750
30	0.00400
31	0.00700
32	0.00500
33	0.00400
34	0.00600
35	0.00800
36	0.00900
37	0.00800
38	0.00750
39	0.00900
40	0.00900
41	0.00950
42	0.00950
43	0.01100
44	0.00850
45	0.01200
46	0.00600
47	0.01450
48	0.01000
49	0.01650
50	0.01400
51	0.01450
52	0.01300
53	0.01900
54	0.01650
55	0.01900
56	0.01350
57	0.01750
58	0.01850
59	0.01850
60	0.01950
61	0.01700
62	0.02100
63	0.01750
64	0.01650
65	0.01550
66	0.02050
67	0.02250
68	0.01400
69	0.01550
70	0.01700
71	0.01050
72	0.01000
73	0.01450
74	0.01400
75	0.01750
76	0.01450
77	0.00850
78	0.00950
79	0.00850
80	0.01200
81	0.01150
82	0.01200
83	0.01100
84	0.01100
85	0.00850
86	0.01000
87	0.00650
88	0.00650
89	0.01000
90	0.01300
91	0.00800
92	0.00800
93	0.00800
94	0.00450
95	0.00500
96	0.00600
97	0.00600
98	0.00500
99	0.00600
100	0.00250
101	0.00650
102	0.00200
103	0.00250
104	0.00400
105	0.00250
106	0.00450
107	0.00600
108	0.00200
109	0.00200
110	0.00450
111	0.00500
112	0.00250
113	0.00550
114	0.00350
115	0.00200
116	0.00300
117	0.00350
118	0.00250
119	0.00300
120	0.00400
121	0.00200
122	0.00150
123	0.00300
124	0.00050
125	0.00150
126	0.00100
127	0.00050
128	0.00150
129	0.00400
130	0.00100
131	0.00450
132	0.00050
133	0.00250
134	0.00100
135	0.00050
136	0.00000
137	0.00000
138	0.00050
139	0.00100
140	0.00250
141	0.00050
142	0.00050
143	0.00050
144	0.00100
145	0.00050
146	0.00050
147	0.00000
148	0.00100
149	0.00100
150	0.00100
151	0.00050
152	0.00050
153	0.00000
154	0.00000
155	0.00050
156	0.00000
157	0.00050
158	0.00050
159	0.00100
160	0.00000
161	0.00000
162	0.00000
163	0.00000
164	0.00050
165	0.00000
166	0.00000
167	0.00000
168	0.00000
169	0.00150
170	0.00000
171	0.00100
172	0.00100
173	0.00050
174	0.00000
175	0.00100
176	0.00050
177	0.00000
178	0.00050
179	0.00150
