0	0.00000
1	0.00000
2	0.00000
3	0.00252
4	0.02198
5	0.02676
6	0.02600
7	0.02602
8	0.02554
9	0.04135
10	0.05407
11	0.05727
12	0.13619
13	0.12487
14	0.19656
15	0.21244
16	0.25244
17	0.23220
18	0.26236
19	0.28321
20	0.26535
21	0.26849
22	0.36810
23	0.36674
24	0.42525
25	0.44459
26	0.45662
27	0.52905
28	0.53233
29	0.55092
30	0.54835
31	0.60197
32	0.55487
33	0.50121
34	0.48470
35	0.44821
36	0.41645
37	0.44953
38	0.47726
39	0.47517
40	0.43512
41	0.44830
42	0.41212
43	0.38834
44	0.36327
45	0.34119
46	0.33723
47	0.32071
48	0.28027
49	0.29318
50	0.28541
51	0.30448
52	0.29153
53	0.27584
54	0.25675
55	0.26213
56	0.24458
57	0.23944
58	0.20963
59	0.20917
60	0.20260
61	0.19575
62	0.19758
63	0.19421
64	0.18861
65	0.18323
66	0.16497
67	0.14976
68	0.14061
69	0.13901
70	0.12694
71	0.11688
72	0.11637
73	0.10299
74	0.09251
75	0.08714
76	0.08557
77	0.08296
78	0.08511
79	0.07567
80	0.06816
81	0.06291
82	0.06171
83	0.06012
84	0.05685
85	0.05582
86	0.05818
87	0.05555
88	0.05481
89	0.04720
90	0.04386
91	0.04358
92	0.04726
93	0.04495
94	0.04528
95	0.04252
96	0.03765
97	0.03505
98	0.03447
99	0.03006
100	0.02727
101	0.02587
102	0.02306
103	0.02542
104	0.02250
105	0.01895
106	0.01660
107	0.01609
108	0.01607
109	0.02071
110	0.01868
111	0.01848
112	0.01990
113	0.02161
114	0.02076
115	0.02224
116	0.01754
117	0.01758
118	0.01779
119	0.01724
120	0.01614
121	0.01919
122	0.01988
123	0.01642
124	0.01589
125	0.01790
126	0.01571
127	0.01432
128	0.00940
129	0.00691
130	0.00844
131	0.01013
132	0.00650
133	0.00837
134	0.00857
135	0.00983
136	0.00930
137	0.00710
138	0.00385
139	0.00345
140	0.00173
141	0.00224
142	0.00448
143	0.00443
144	0.00462
145	0.00458
146	0.00531
147	0.00515
148	0.00450
149	0.00158
150	0.00286
151	0.00381
152	0.00476
153	0.00407
154	0.00497
155	0.00511
156	0.00427
157	0.00411
158	0.00326
159	0.00326
160	0.00219
161	0.00365
162	0.00365
163	0.00365
164	0.00258
165	0.00258
166	0.00258
167	0.00258
168	0.00000
169	0.00000
170	0.00000
171	0.00041
172	0.00044
173	0.00046
174	0.00046
175	0.00075
176	0.00053
177	0.00140
178	0.00177
179	0.00181
