0	0.00500
1	0.01650
2	0.04950
3	0.13600
4	0.27950
5	0.41900
6	0.46050
7	0.47000
8	0.47450
9	0.47700
10	0.47800
11	0.47900
12	0.47900
13	0.47900
14	0.47900
15	0.47900
16	0.47900
17	0.47900
18	0.47900
19	0.47900
20	0.47900
21	0.47900
22	0.47900
23	0.47900
24	0.47900
25	0.47900
26	0.47900
27	0.47900
28	0.47900
29	0.47900
30	0.47900
31	0.47900
32	0.47900
33	0.47900
34	0.47900
35	0.47900
36	0.47900
37	0.47900
38	0.47900
39	0.47900
40	0.47900
41	0.47900
42	0.47900
43	0.47900
44	0.47900
45	0.47900
46	0.47900
47	0.47900
48	0.47900
49	0.47900
50	0.47900
51	0.47900
52	0.47900
53	0.47900
54	0.47900
55	0.47900
56	0.47900
57	0.47900
58	0.47900
59	0.47900
60	0.47900
61	0.47900
62	0.47900
63	0.47900
64	0.47900
65	0.47900
66	0.47900
67	0.47900
68	0.47900
69	0.47900
70	0.47900
71	0.47900
72	0.47900
73	0.47900
74	0.47900
75	0.47900
76	0.47900
77	0.47900
78	0.47900
79	0.47900
80	0.47900
81	0.47900
82	0.47900
83	0.47900
84	0.47900
85	0.47900
86	0.47900
87	0.47900
88	0.47900
89	0.47900
90	0.47900
91	0.47900
92	0.47900
93	0.47900
94	0.47900
95	0.47900
96	0.47900
97	0.47900
98	0.47900
99	0.47900
100	0.47900
101	0.47900
102	0.47900
103	0.47900
104	0.47900
105	0.47900
106	0.47900
107	0.47900
108	0.47900
109	0.47900
110	0.47900
111	0.47900
112	0.47900
113	0.47900
114	0.47900
115	0.47900
116	0.47900
117	0.47900
118	0.47900
119	0.47900
120	0.47900
121	0.47900
122	0.47900
123	0.47900
124	0.47900
125	0.47900
126	0.47900
127	0.47900
128	0.47900
129	0.47900
130	0.47900
131	0.47900
132	0.47900
133	0.47900
134	0.47900
135	0.47900
136	0.47900
137	0.47900
138	0.47900
139	0.47900
140	0.47900
141	0.47900
142	0.47900
143	0.47900
144	0.47900
145	0.47900
146	0.47900
147	0.47900
148	0.47900
149	0.47900
150	0.47900
