0	0.00500
1	0.01850
2	0.06150
3	0.16300
4	0.38300
5	0.64250
6	0.79050
7	0.83400
8	0.84300
9	0.84600
10	0.84600
11	0.84600
12	0.84600
13	0.84600
14	0.84600
15	0.84600
16	0.84600
17	0.84600
18	0.84600
19	0.84600
20	0.84600
21	0.84600
22	0.84600
23	0.84600
24	0.84600
25	0.84600
26	0.84600
27	0.84600
28	0.84600
29	0.84600
30	0.84600
31	0.84600
32	0.84600
33	0.84600
34	0.84600
35	0.84600
36	0.84600
37	0.84600
38	0.84600
39	0.84600
40	0.84600
41	0.84600
42	0.84600
43	0.84600
44	0.84600
45	0.84600
46	0.84600
47	0.84600
48	0.84600
49	0.84600
50	0.84600
51	0.84600
52	0.84600
53	0.84600
54	0.84600
55	0.84600
56	0.84600
57	0.84600
58	0.84600
59	0.84600
60	0.84600
61	0.84600
62	0.84600
63	0.84600
64	0.84600
65	0.84600
66	0.84600
67	0.84600
68	0.84600
69	0.84600
70	0.84600
71	0.84600
72	0.84600
73	0.84600
74	0.84600
75	0.84600
76	0.84600
77	0.84600
78	0.84600
79	0.84600
80	0.84600
81	0.84600
82	0.84600
83	0.84600
84	0.84600
85	0.84600
86	0.84600
87	0.84600
88	0.84600
89	0.84600
90	0.84600
91	0.84600
92	0.84600
93	0.84600
94	0.84600
95	0.84600
96	0.84600
97	0.84600
98	0.84600
99	0.84600
100	0.84600
101	0.84600
102	0.84600
103	0.84600
104	0.84600
105	0.84600
106	0.84600
107	0.84600
108	0.84600
109	0.84600
110	0.84600
111	0.84600
112	0.84600
113	0.84600
114	0.84600
115	0.84600
116	0.84600
117	0.84600
118	0.84600
119	0.84600
120	0.84600
121	0.84600
122	0.84600
123	0.84600
124	0.84600
125	0.84600
126	0.84600
127	0.84600
128	0.84600
129	0.84600
130	0.84600
131	0.84600
132	0.84600
133	0.84600
134	0.84600
135	0.84600
136	0.84600
137	0.84600
138	0.84600
139	0.84600
140	0.84600
141	0.84600
142	0.84600
143	0.84600
144	0.84600
145	0.84600
146	0.84600
147	0.84600
148	0.84600
149	0.84600
