0	0	0	0	0	0	
1	743	0	0	0	0	
2	707	0	0	0	0	
3	146	480	0	0	0	
4	0	106	372	0	0	
5	0	5	59	286	0	
6	0	4	8	50	250	
7	0	3	7	14	285	
8	0	2	7	14	285	
9	0	2	7	14	285	
10	0	2	7	14	285	
11	0	2	7	14	285	
12	0	2	7	14	285	
13	0	2	7	14	285	
14	0	2	7	14	285	
15	0	2	7	14	285	
16	0	2	7	14	285	
17	0	2	7	14	285	
18	0	2	7	14	285	
19	0	2	7	14	285	
20	0	2	7	14	285	
21	0	2	7	14	285	
22	0	2	7	14	285	
23	0	2	7	14	285	
24	0	2	7	14	285	
25	0	2	7	14	285	
26	0	2	7	14	285	
27	0	2	7	14	285	
28	0	2	7	14	285	
29	0	2	7	14	285	
30	0	2	7	14	285	
31	0	2	7	14	285	
32	0	2	7	14	285	
33	0	2	7	14	285	
34	0	2	7	14	285	
35	0	2	7	14	285	
36	0	2	7	14	285	
37	0	2	7	14	285	
38	0	2	7	14	285	
39	0	2	7	14	285	
40	0	2	7	14	285	
41	0	2	7	14	285	
42	0	2	7	14	285	
43	0	2	7	14	285	
44	0	2	7	14	285	
45	0	2	7	14	285	
46	0	2	7	14	285	
47	0	2	7	14	285	
48	0	2	7	14	285	
49	0	2	7	14	285	
50	0	2	7	14	285	
51	0	2	7	14	285	
52	0	2	7	14	285	
53	0	2	7	14	285	
54	0	2	7	14	285	
55	0	2	7	14	285	
56	0	2	7	14	285	
57	0	2	7	14	285	
58	0	2	7	14	285	
59	0	2	7	14	285	
60	0	2	7	14	285	
61	0	2	7	14	285	
62	0	2	7	14	285	
63	0	2	7	14	285	
64	0	2	7	14	285	
65	0	2	7	14	285	
66	0	2	7	14	285	
67	0	2	7	14	285	
68	0	2	7	14	285	
69	0	2	7	14	285	
70	0	2	7	14	285	
71	0	2	7	14	285	
72	0	2	7	14	285	
73	0	2	7	14	285	
74	0	2	7	14	285	
75	0	2	7	14	285	
76	0	2	7	14	285	
77	0	2	7	14	285	
78	0	2	7	14	285	
79	0	2	7	14	285	
80	0	2	7	14	285	
81	0	2	7	14	285	
82	0	2	7	14	285	
83	0	2	7	14	285	
84	0	2	7	14	285	
85	0	2	7	14	285	
86	0	2	7	14	285	
87	0	2	7	14	285	
88	0	2	7	14	285	
89	0	2	7	14	285	
90	0	2	7	14	285	
91	0	2	7	14	285	
92	0	2	7	14	285	
93	0	2	7	14	285	
94	0	2	7	14	285	
95	0	2	7	14	285	
96	0	2	7	14	285	
97	0	2	7	14	285	
98	0	2	7	14	285	
99	0	2	7	14	285	
100	0	2	7	14	285	
101	0	2	7	14	285	
102	0	2	7	14	285	
103	0	2	7	14	285	
104	0	2	7	14	285	
105	0	2	7	14	285	
106	0	2	7	14	285	
107	0	2	7	14	285	
108	0	2	7	14	285	
109	0	2	7	14	285	
110	0	2	7	14	285	
111	0	2	7	14	285	
112	0	2	7	14	285	
113	0	2	7	14	285	
114	0	2	7	14	285	
115	0	2	7	14	285	
116	0	2	7	14	285	
117	0	2	7	14	285	
118	0	2	7	14	285	
119	0	2	7	14	285	
120	0	2	7	14	285	
121	0	2	7	14	285	
122	0	2	7	14	285	
123	0	2	7	14	285	
124	0	2	7	14	285	
125	0	2	7	14	285	
126	0	2	7	14	285	
127	0	2	7	14	285	
128	0	2	7	14	285	
129	0	2	7	14	285	
130	0	2	7	14	285	
131	0	2	7	14	285	
132	0	2	7	14	285	
133	0	2	7	14	285	
134	0	2	7	14	285	
135	0	2	7	14	285	
136	0	2	7	14	285	
137	0	2	7	14	285	
138	0	2	7	14	285	
139	0	2	7	14	285	
140	0	2	7	14	285	
141	0	2	7	14	285	
142	0	2	7	14	285	
143	0	2	7	14	285	
144	0	2	7	14	285	
145	0	2	7	14	285	
146	0	2	7	14	285	
147	0	2	7	14	285	
148	0	2	7	14	285	
149	0	2	7	14	285	
