0	0	0	0	0	0	
1	750	0	0	0	0	
2	747	0	0	0	0	
3	697	44	0	0	0	
4	485	203	42	0	0	
5	226	253	195	42	0	
6	85	137	245	183	41	
7	32	45	129	235	223	
8	19	15	36	121	452	
9	17	4	10	36	562	
10	11	4	1	11	591	
11	10	3	1	4	594	
12	5	3	1	4	591	
13	4	3	1	4	590	
14	2	3	1	3	588	
15	2	3	1	3	587	
16	2	3	1	3	587	
17	2	3	1	3	587	
18	2	2	1	3	587	
19	2	2	1	3	587	
20	2	2	1	3	586	
21	2	2	1	3	586	
22	2	2	1	3	586	
23	2	2	1	3	585	
24	2	2	1	3	585	
25	1	2	1	3	585	
26	1	2	1	3	585	
27	0	2	1	3	585	
28	0	2	1	3	585	
29	0	1	1	3	585	
30	0	1	1	3	585	
31	0	1	1	3	585	
32	0	1	1	3	585	
33	0	1	1	3	585	
34	0	1	1	3	585	
35	0	1	1	3	585	
36	0	1	1	3	585	
37	0	1	1	3	585	
38	0	1	1	3	585	
39	0	1	1	3	585	
40	0	1	1	3	585	
41	0	1	1	3	585	
42	0	1	1	3	585	
43	0	1	1	3	585	
44	0	1	1	3	585	
45	0	1	1	3	585	
46	0	1	1	3	585	
47	0	1	1	3	585	
48	0	1	1	3	585	
49	0	1	1	3	585	
50	0	1	1	3	585	
51	0	1	1	3	585	
52	0	1	1	3	585	
53	0	1	1	3	585	
54	0	1	1	3	585	
55	0	1	1	3	585	
56	0	1	1	3	585	
57	0	1	1	3	585	
58	0	1	1	3	585	
59	0	1	1	3	585	
60	0	1	1	3	585	
61	0	1	1	3	585	
62	0	1	1	3	585	
63	0	1	1	3	585	
64	0	1	1	3	585	
65	0	1	1	3	585	
66	0	1	1	3	585	
67	0	1	1	3	585	
68	0	1	1	3	585	
69	0	1	1	3	585	
70	0	1	1	3	585	
71	0	1	1	3	585	
72	0	1	1	3	585	
73	0	1	1	3	585	
74	0	1	1	3	585	
75	0	1	1	3	585	
76	0	1	1	3	585	
77	0	1	1	3	585	
78	0	1	1	3	585	
79	0	1	1	3	585	
80	0	1	1	3	585	
81	0	1	1	3	585	
82	0	1	1	3	585	
83	0	1	1	3	585	
84	0	1	1	3	585	
85	0	1	1	3	585	
86	0	1	1	3	585	
87	0	1	1	3	585	
88	0	1	1	3	585	
89	0	1	1	3	585	
90	0	1	1	3	585	
91	0	1	1	3	585	
92	0	1	1	3	585	
93	0	1	1	3	585	
94	0	1	1	3	585	
95	0	1	1	3	585	
96	0	1	1	3	585	
97	0	1	1	3	585	
98	0	1	1	3	585	
99	0	1	1	3	585	
