0	0.00500
1	0.00500
2	0.00600
3	0.00700
4	0.00800
5	0.00850
6	0.00850
7	0.00950
8	0.01100
9	0.01300
10	0.01550
11	0.01700
12	0.01950
13	0.02150
14	0.02300
15	0.02800
16	0.03100
17	0.03350
18	0.03550
19	0.03900
20	0.04050
21	0.04400
22	0.04750
23	0.05350
24	0.06000
25	0.06650
26	0.07600
27	0.08200
28	0.08600
29	0.09150
30	0.10150
31	0.10850
32	0.11800
33	0.12850
34	0.13850
35	0.14950
36	0.15850
37	0.16950
38	0.17600
39	0.19150
40	0.20300
41	0.21700
42	0.22850
43	0.23950
44	0.25650
45	0.26900
46	0.28300
47	0.29700
48	0.31150
49	0.33300
50	0.35050
51	0.36450
52	0.38250
53	0.40350
54	0.42150
55	0.44250
56	0.45750
57	0.47750
58	0.49700
59	0.50850
60	0.52250
61	0.53550
62	0.54650
63	0.56100
64	0.57450
65	0.58400
66	0.59900
67	0.60850
68	0.62150
69	0.63700
70	0.65250
71	0.67450
72	0.68750
73	0.69950
74	0.70600
75	0.71500
76	0.72600
77	0.73800
78	0.74650
79	0.75400
80	0.76600
81	0.77250
82	0.78400
83	0.79050
84	0.79950
85	0.80600
86	0.81500
87	0.81950
88	0.82550
89	0.83400
90	0.84100
91	0.84600
92	0.85050
93	0.85600
94	0.85900
95	0.86250
96	0.86900
97	0.87350
98	0.87950
99	0.88550
100	0.88750
101	0.89200
102	0.89900
103	0.90400
104	0.90800
105	0.90950
106	0.91400
107	0.91850
108	0.92050
109	0.92450
110	0.92700
111	0.93100
112	0.93200
113	0.93550
114	0.93650
115	0.93800
116	0.93950
117	0.94150
118	0.94400
119	0.94600
120	0.94900
121	0.95100
122	0.95250
123	0.95400
124	0.95550
125	0.95600
126	0.95800
127	0.95950
128	0.96050
129	0.96250
130	0.96350
131	0.96500
132	0.96550
133	0.96600
134	0.96700
135	0.96700
136	0.96750
137	0.96900
138	0.96950
139	0.97100
140	0.97200
141	0.97250
142	0.97400
143	0.97450
144	0.97500
145	0.97500
146	0.97650
147	0.97700
148	0.97750
149	0.97850
150	0.97850
151	0.98000
152	0.98150
153	0.98200
154	0.98200
155	0.98200
156	0.98200
157	0.98250
158	0.98400
159	0.98500
160	0.98500
161	0.98550
162	0.98550
163	0.98550
164	0.98550
165	0.98550
166	0.98650
167	0.98700
168	0.98750
169	0.98750
170	0.98750
171	0.98800
172	0.98800
173	0.98800
174	0.98800
175	0.98800
176	0.98800
177	0.98800
178	0.98800
179	0.98800
