0	0.00000
1	0.00000
2	0.00000
3	0.00000
4	0.01084
5	0.04034
6	0.05219
7	0.05654
8	0.05169
9	0.12189
10	0.15376
11	0.17630
12	0.22631
13	0.24939
14	0.32728
15	0.30918
16	0.34332
17	0.45708
18	0.48647
19	0.52113
20	0.46965
21	0.43840
22	0.44769
23	0.41921
24	0.37663
25	0.50260
26	0.55827
27	0.55106
28	0.59491
29	0.58759
30	0.51423
31	0.51161
32	0.48950
33	0.47161
34	0.47424
35	0.48208
36	0.46124
37	0.46869
38	0.42159
39	0.38907
40	0.32984
41	0.33252
42	0.34440
43	0.33068
44	0.31179
45	0.27010
46	0.29680
47	0.26201
48	0.24750
49	0.22898
50	0.21872
51	0.23294
52	0.22883
53	0.20649
54	0.20774
55	0.20100
56	0.18949
57	0.17914
58	0.16512
59	0.16368
60	0.15746
61	0.13835
62	0.12602
63	0.11643
64	0.10772
65	0.10334
66	0.09792
67	0.08619
68	0.08891
69	0.08265
70	0.08033
71	0.08251
72	0.08136
73	0.08947
74	0.08597
75	0.07730
76	0.06668
77	0.06064
78	0.05506
79	0.05598
80	0.04886
81	0.04572
82	0.04567
83	0.04277
84	0.04453
85	0.04230
86	0.04168
87	0.03887
88	0.03980
89	0.03771
90	0.03333
91	0.03239
92	0.03491
93	0.03291
94	0.03055
95	0.02912
96	0.02815
97	0.02698
98	0.02621
99	0.02312
100	0.02222
101	0.02246
102	0.01943
103	0.02099
104	0.02255
105	0.01993
106	0.01903
107	0.01853
108	0.01806
109	0.01711
110	0.01630
111	0.01712
112	0.01908
113	0.02011
114	0.01947
115	0.02021
116	0.01818
117	0.01612
118	0.01380
119	0.01087
120	0.01238
121	0.01297
122	0.00956
123	0.01022
124	0.01085
125	0.01088
126	0.00952
127	0.00650
128	0.00844
129	0.00843
130	0.00663
131	0.00657
132	0.00565
133	0.00621
134	0.00561
135	0.00425
136	0.00220
137	0.00223
138	0.00125
139	0.00226
140	0.00229
141	0.00231
142	0.00224
143	0.00283
144	0.00383
145	0.00412
146	0.00367
147	0.00358
148	0.00363
149	0.00203
150	0.00232
151	0.00387
152	0.00253
153	0.00372
154	0.00356
155	0.00344
156	0.00344
157	0.00335
158	0.00144
159	0.00173
160	0.00319
161	0.00366
162	0.00366
163	0.00366
164	0.00366
165	0.00366
166	0.00224
167	0.00142
168	0.00023
169	0.00023
170	0.00023
171	0.00024
172	0.00024
173	0.00024
174	0.00024
175	0.00000
176	0.00000
177	0.00000
178	0.00000
179	0.00000
