0	0.00000
1	0.00100
2	0.00100
3	0.00000
4	0.00100
5	0.00000
6	0.00050
7	0.00050
8	0.00050
9	0.00100
10	0.00150
11	0.00050
12	0.00000
13	0.00150
14	0.00050
15	0.00100
16	0.00000
17	0.00050
18	0.00150
19	0.00050
20	0.00050
21	0.00100
22	0.00250
23	0.00100
24	0.00350
25	0.00250
26	0.00150
27	0.00300
28	0.00400
29	0.00400
30	0.00600
31	0.00450
32	0.00800
33	0.00500
34	0.00550
35	0.00600
36	0.00550
37	0.01150
38	0.00650
39	0.01000
40	0.00800
41	0.00850
42	0.01050
43	0.00600
44	0.01450
45	0.01200
46	0.01400
47	0.01500
48	0.01200
49	0.01200
50	0.01050
51	0.01650
52	0.01600
53	0.01250
54	0.01350
55	0.01100
56	0.01550
57	0.01300
58	0.01350
59	0.01700
60	0.02050
61	0.02150
62	0.01750
63	0.01550
64	0.01550
65	0.01950
66	0.01400
67	0.01350
68	0.01650
69	0.01350
70	0.01600
71	0.01550
72	0.01300
73	0.01400
74	0.01300
75	0.01250
76	0.01200
77	0.01750
78	0.01150
79	0.01200
80	0.01150
81	0.01150
82	0.01600
83	0.01300
84	0.01350
85	0.00800
86	0.01000
87	0.00700
88	0.01300
89	0.01150
90	0.01000
91	0.00800
92	0.01050
93	0.00750
94	0.00750
95	0.00750
96	0.00250
97	0.00650
98	0.00600
99	0.00400
100	0.00600
101	0.00650
102	0.00250
103	0.00600
104	0.00350
105	0.00450
106	0.00300
107	0.00400
108	0.00450
109	0.00650
110	0.00350
111	0.00550
112	0.00500
113	0.00300
114	0.00200
115	0.00200
116	0.00400
117	0.00250
118	0.00350
119	0.00100
120	0.00250
121	0.00400
122	0.00100
123	0.00150
124	0.00300
125	0.00150
126	0.00150
127	0.00100
128	0.00150
129	0.00300
130	0.00200
131	0.00150
132	0.00150
133	0.00200
134	0.00050
135	0.00200
136	0.00200
137	0.00000
138	0.00050
139	0.00150
140	0.00100
141	0.00000
142	0.00100
143	0.00150
144	0.00100
145	0.00000
146	0.00050
147	0.00200
148	0.00100
149	0.00150
150	0.00150
151	0.00050
152	0.00050
153	0.00050
154	0.00000
155	0.00100
156	0.00000
157	0.00050
158	0.00050
159	0.00150
160	0.00100
161	0.00000
162	0.00050
163	0.00150
164	0.00100
165	0.00100
166	0.00050
167	0.00000
168	0.00000
169	0.00000
170	0.00000
171	0.00000
172	0.00050
173	0.00150
174	0.00100
175	0.00000
176	0.00000
177	0.00000
178	0.00050
179	0.00000
