0	0.00500
1	0.00600
2	0.00700
3	0.00700
4	0.00800
5	0.00800
6	0.00850
7	0.00900
8	0.00950
9	0.01050
10	0.01200
11	0.01250
12	0.01250
13	0.01400
14	0.01450
15	0.01550
16	0.01550
17	0.01600
18	0.01750
19	0.01800
20	0.01850
21	0.01950
22	0.02200
23	0.02300
24	0.02650
25	0.02900
26	0.03050
27	0.03350
28	0.03750
29	0.04150
30	0.04750
31	0.05200
32	0.06000
33	0.06500
34	0.07050
35	0.07650
36	0.08200
37	0.09350
38	0.10000
39	0.11000
40	0.11800
41	0.12650
42	0.13700
43	0.14300
44	0.15750
45	0.16950
46	0.18350
47	0.19850
48	0.21050
49	0.22250
50	0.23300
51	0.24950
52	0.26550
53	0.27800
54	0.29150
55	0.30250
56	0.31800
57	0.33100
58	0.34450
59	0.36150
60	0.38200
61	0.40350
62	0.42100
63	0.43650
64	0.45200
65	0.47150
66	0.48550
67	0.49900
68	0.51550
69	0.52900
70	0.54500
71	0.56050
72	0.57350
73	0.58750
74	0.60050
75	0.61300
76	0.62500
77	0.64250
78	0.65400
79	0.66600
80	0.67750
81	0.68900
82	0.70500
83	0.71800
84	0.73150
85	0.73950
86	0.74950
87	0.75650
88	0.76950
89	0.78100
90	0.79100
91	0.79900
92	0.80950
93	0.81700
94	0.82450
95	0.83200
96	0.83450
97	0.84100
98	0.84700
99	0.85100
100	0.85700
101	0.86350
102	0.86600
103	0.87200
104	0.87550
105	0.88000
106	0.88300
107	0.88700
108	0.89150
109	0.89800
110	0.90150
111	0.90700
112	0.91200
113	0.91500
114	0.91700
115	0.91900
116	0.92300
117	0.92550
118	0.92900
119	0.93000
120	0.93250
121	0.93650
122	0.93750
123	0.93900
124	0.94200
125	0.94350
126	0.94500
127	0.94600
128	0.94750
129	0.95050
130	0.95250
131	0.95400
132	0.95550
133	0.95750
134	0.95800
135	0.96000
136	0.96200
137	0.96200
138	0.96250
139	0.96400
140	0.96500
141	0.96500
142	0.96600
143	0.96750
144	0.96850
145	0.96850
146	0.96900
147	0.97100
148	0.97200
149	0.97350
150	0.97500
151	0.97550
152	0.97600
153	0.97650
154	0.97650
155	0.97750
156	0.97750
157	0.97800
158	0.97850
159	0.98000
160	0.98100
161	0.98100
162	0.98150
163	0.98300
164	0.98400
165	0.98500
166	0.98550
167	0.98550
168	0.98550
169	0.98550
170	0.98550
171	0.98550
172	0.98600
173	0.98750
174	0.98850
175	0.98850
176	0.98850
177	0.98850
178	0.98900
179	0.98900
