0	0.00000
1	0.00000
2	0.00000
3	0.02753
4	0.04020
5	0.04020
6	0.05652
7	0.05352
8	0.06184
9	0.06561
10	0.04702
11	0.06705
12	0.09566
13	0.08698
14	0.08175
15	0.09014
16	0.12338
17	0.13189
18	0.11320
19	0.11259
20	0.17203
21	0.17619
22	0.16353
23	0.17503
24	0.24051
25	0.24218
26	0.38307
27	0.46834
28	0.43938
29	0.44132
30	0.47141
31	0.52486
32	0.67911
33	0.70535
34	0.71998
35	0.58420
36	0.54438
37	0.55727
38	0.53017
39	0.59259
40	0.55171
41	0.53508
42	0.46901
43	0.45341
44	0.42549
45	0.35879
46	0.35745
47	0.35235
48	0.35569
49	0.36494
50	0.32896
51	0.29295
52	0.27819
53	0.28493
54	0.27111
55	0.24589
56	0.23153
57	0.21050
58	0.20951
59	0.19147
60	0.17314
61	0.16557
62	0.18718
63	0.19801
64	0.19912
65	0.18291
66	0.17058
67	0.17134
68	0.15777
69	0.13682
70	0.12588
71	0.11219
72	0.11267
73	0.10685
74	0.10022
75	0.09688
76	0.09978
77	0.09892
78	0.09275
79	0.08844
80	0.08583
81	0.07932
82	0.07431
83	0.06904
84	0.07265
85	0.07314
86	0.07057
87	0.06403
88	0.06246
89	0.05678
90	0.05859
91	0.05640
92	0.05294
93	0.04792
94	0.04750
95	0.04556
96	0.04493
97	0.04088
98	0.03401
99	0.03371
100	0.03224
101	0.02749
102	0.02888
103	0.02769
104	0.02533
105	0.02698
106	0.02565
107	0.02392
108	0.02144
109	0.02249
110	0.02188
111	0.02434
112	0.02009
113	0.02115
114	0.02056
115	0.02373
116	0.02102
117	0.01795
118	0.01820
119	0.01829
120	0.01622
121	0.01582
122	0.01113
123	0.01180
124	0.01104
125	0.01015
126	0.01162
127	0.00993
128	0.00879
129	0.00714
130	0.00565
131	0.00791
132	0.00736
133	0.00696
134	0.00770
135	0.00852
136	0.00871
137	0.00922
138	0.00909
139	0.00765
140	0.00842
141	0.00862
142	0.00694
143	0.00513
144	0.00614
145	0.00590
146	0.00596
147	0.00485
148	0.00424
149	0.00602
150	0.00571
151	0.00836
152	0.00670
153	0.00472
154	0.00462
155	0.00427
156	0.00327
157	0.00433
158	0.00145
159	0.00154
160	0.00161
161	0.00304
162	0.00290
163	0.00316
164	0.00212
165	0.00400
166	0.00475
167	0.00523
168	0.00376
169	0.00349
170	0.00349
171	0.00349
172	0.00175
173	0.00071
174	0.00254
175	0.00276
176	0.00276
177	0.00276
178	0.00088
179	0.00088
