0	0.00000
1	0.00050
2	0.00100
3	0.00000
4	0.00150
5	0.00200
6	0.00100
7	0.00150
8	0.00150
9	0.00200
10	0.00100
11	0.00000
12	0.00150
13	0.00150
14	0.00200
15	0.00400
16	0.00250
17	0.00100
18	0.00200
19	0.00300
20	0.00300
21	0.00350
22	0.00300
23	0.00250
24	0.00400
25	0.00350
26	0.00550
27	0.00650
28	0.00500
29	0.00650
30	0.00650
31	0.00700
32	0.00800
33	0.00900
34	0.01200
35	0.01450
36	0.01000
37	0.00900
38	0.01550
39	0.01500
40	0.00950
41	0.01450
42	0.01450
43	0.01300
44	0.01600
45	0.01650
46	0.01800
47	0.01600
48	0.01800
49	0.01550
50	0.02050
51	0.01350
52	0.02000
53	0.01650
54	0.01400
55	0.01500
56	0.01500
57	0.01800
58	0.01750
59	0.02100
60	0.01950
61	0.01400
62	0.01500
63	0.01100
64	0.01500
65	0.01900
66	0.01550
67	0.01300
68	0.01150
69	0.01000
70	0.01300
71	0.01850
72	0.01200
73	0.01250
74	0.01500
75	0.01050
76	0.01300
77	0.00950
78	0.00800
79	0.00850
80	0.00900
81	0.00950
82	0.00700
83	0.01050
84	0.00750
85	0.00750
86	0.00700
87	0.00950
88	0.00850
89	0.00650
90	0.00500
91	0.00450
92	0.00550
93	0.00450
94	0.00550
95	0.00550
96	0.00600
97	0.00150
98	0.00400
99	0.00600
100	0.00400
101	0.00350
102	0.00500
103	0.00200
104	0.00350
105	0.00150
106	0.00350
107	0.00200
108	0.00250
109	0.00200
110	0.00150
111	0.00300
112	0.00250
113	0.00300
114	0.00150
115	0.00250
116	0.00250
117	0.00050
118	0.00200
119	0.00300
120	0.00100
121	0.00150
122	0.00050
123	0.00150
124	0.00100
125	0.00100
126	0.00150
127	0.00050
128	0.00100
129	0.00150
130	0.00150
131	0.00150
132	0.00050
133	0.00200
134	0.00000
135	0.00050
136	0.00100
137	0.00100
138	0.00000
139	0.00000
140	0.00050
141	0.00050
142	0.00100
143	0.00100
144	0.00050
145	0.00100
146	0.00050
147	0.00100
148	0.00150
149	0.00050
150	0.00050
151	0.00050
152	0.00250
153	0.00000
154	0.00000
155	0.00000
156	0.00100
157	0.00050
158	0.00050
159	0.00050
160	0.00000
161	0.00050
162	0.00050
163	0.00000
164	0.00000
165	0.00050
166	0.00000
167	0.00000
168	0.00000
169	0.00100
170	0.00000
171	0.00000
172	0.00000
173	0.00000
174	0.00050
175	0.00100
176	0.00050
177	0.00050
178	0.00000
179	0.00000
