0	0.00000
1	0.00000
2	0.00000
3	0.00000
4	0.15073
5	0.56244
6	0.86196
7	1.07586
8	1.25916
9	1.48097
10	1.40477
11	1.37569
12	1.27811
13	1.08718
14	0.95281
15	0.75670
16	0.57908
17	0.44701
18	0.33003
19	0.24576
20	0.19392
21	0.14485
22	0.11128
23	0.08800
24	0.07496
25	0.06098
26	0.05229
27	0.04516
28	0.03748
29	0.03135
30	0.02839
31	0.02235
32	0.02017
33	0.01555
34	0.01100
35	0.00839
36	0.00825
37	0.00438
38	0.00302
39	0.00185
40	0.00073
41	0.00070
42	0.00069
43	0.00018
44	0.00018
45	0.00018
46	0.00011
47	0.00007
48	0.00000
49	0.00000
50	0.00000
51	0.00000
52	0.00000
53	0.00000
54	0.00000
55	0.00000
56	0.00000
57	0.00000
58	0.00000
59	0.00000
60	0.00000
61	0.00000
62	0.00000
63	0.00000
64	0.00000
65	0.00000
66	0.00000
67	0.00000
68	0.00000
69	0.00000
70	0.00000
71	0.00000
72	0.00000
73	0.00000
74	0.00000
75	0.00000
76	0.00000
77	0.00000
78	0.00000
79	0.00000
80	0.00000
81	0.00000
82	0.00000
83	0.00000
84	0.00000
85	0.00000
86	0.00000
87	0.00000
88	0.00000
89	0.00000
90	0.00000
91	0.00000
92	0.00000
93	0.00000
94	0.00000
95	0.00000
96	0.00000
97	0.00000
98	0.00000
99	0.00000
