0	0.00000
1	0.00140
2	0.00160
3	0.00240
4	0.00320
5	0.00420
6	0.00300
7	0.00280
8	0.00160
9	0.00120
10	0.00140
11	0.00080
12	0.00220
13	0.00220
14	0.00180
15	0.00280
16	0.00200
17	0.00320
18	0.00240
19	0.00140
20	0.00120
21	0.00260
22	0.00280
23	0.00180
24	0.00160
25	0.00240
26	0.00260
27	0.00260
28	0.00240
29	0.00320
30	0.00280
31	0.00180
32	0.00220
33	0.00320
34	0.00300
35	0.00260
36	0.00360
37	0.00280
38	0.00160
39	0.00320
40	0.00280
41	0.00200
42	0.00280
43	0.00320
44	0.00160
45	0.00120
46	0.00120
47	0.00280
48	0.00200
49	0.00160
50	0.00140
51	0.00160
52	0.00040
53	0.00160
54	0.00140
55	0.00120
56	0.00120
57	0.00180
58	0.00180
59	0.00080
60	0.00180
61	0.00180
62	0.00100
63	0.00020
64	0.00080
65	0.00060
66	0.00020
67	0.00140
68	0.00100
69	0.00060
70	0.00020
71	0.00100
72	0.00040
73	0.00020
74	0.00060
75	0.00020
76	0.00020
77	0.00020
78	0.00040
79	0.00060
80	0.00040
81	0.00020
82	0.00040
83	0.00080
84	0.00000
85	0.00020
86	0.00000
87	0.00000
88	0.00000
89	0.00000
90	0.00040
91	0.00020
92	0.00000
93	0.00000
94	0.00040
95	0.00020
96	0.00040
97	0.00000
98	0.00000
99	0.00000
100	0.00000
101	0.00000
102	0.00000
103	0.00000
104	0.00040
105	0.00020
106	0.00000
107	0.00000
108	0.00020
109	0.00000
110	0.00000
111	0.00000
112	0.00000
113	0.00000
114	0.00000
115	0.00020
116	0.00000
117	0.00040
118	0.00020
119	0.00000
120	0.00000
121	0.00000
122	0.00000
123	0.00000
124	0.00000
125	0.00000
126	0.00000
127	0.00000
128	0.00000
129	0.00000
130	0.00000
131	0.00000
132	0.00000
133	0.00000
134	0.00000
135	0.00000
136	0.00000
137	0.00000
138	0.00000
139	0.00000
140	0.00000
141	0.00000
142	0.00000
143	0.00000
144	0.00000
145	0.00000
146	0.00000
147	0.00000
148	0.00000
149	0.00000
