0	0.00000
1	0.00000
2	0.00000
3	0.00000
4	0.00000
5	0.00050
6	0.00000
7	0.00150
8	0.00050
9	0.00000
10	0.00000
11	0.00200
12	0.00100
13	0.00150
14	0.00100
15	0.00100
16	0.00150
17	0.00550
18	0.00450
19	0.00100
20	0.00250
21	0.00400
22	0.00300
23	0.00300
24	0.00400
25	0.00300
26	0.00400
27	0.00650
28	0.00700
29	0.00600
30	0.00950
31	0.00450
32	0.00750
33	0.01000
34	0.01400
35	0.01250
36	0.01300
37	0.00650
38	0.01050
39	0.01600
40	0.00950
41	0.01050
42	0.01200
43	0.01800
44	0.01200
45	0.01450
46	0.01450
47	0.01150
48	0.01500
49	0.01700
50	0.01500
51	0.01700
52	0.01500
53	0.01200
54	0.01400
55	0.01500
56	0.01850
57	0.01750
58	0.01850
59	0.01750
60	0.01400
61	0.01200
62	0.01750
63	0.01900
64	0.01600
65	0.01200
66	0.01650
67	0.01200
68	0.02100
69	0.01400
70	0.01250
71	0.01100
72	0.01250
73	0.01150
74	0.01300
75	0.01050
76	0.01100
77	0.01300
78	0.01100
79	0.00950
80	0.00900
81	0.01000
82	0.00900
83	0.00900
84	0.00750
85	0.00800
86	0.01150
87	0.01050
88	0.00750
89	0.00550
90	0.00650
91	0.00350
92	0.00700
93	0.00400
94	0.00600
95	0.00800
96	0.00350
97	0.00200
98	0.00550
99	0.00600
100	0.00450
101	0.00500
102	0.00300
103	0.00450
104	0.00350
105	0.00300
106	0.00300
107	0.00450
108	0.00300
109	0.00400
110	0.00150
111	0.00400
112	0.00200
113	0.00150
114	0.00400
115	0.00300
116	0.00250
117	0.00150
118	0.00400
119	0.00250
120	0.00200
121	0.00300
122	0.00300
123	0.00100
124	0.00250
125	0.00150
126	0.00200
127	0.00250
128	0.00250
129	0.00150
130	0.00100
131	0.00150
132	0.00250
133	0.00150
134	0.00150
135	0.00100
136	0.00000
137	0.00100
138	0.00100
139	0.00000
140	0.00100
141	0.00000
142	0.00200
143	0.00050
144	0.00050
145	0.00050
146	0.00150
147	0.00000
148	0.00000
149	0.00150
150	0.00000
151	0.00150
152	0.00050
153	0.00000
154	0.00200
155	0.00050
156	0.00000
157	0.00000
158	0.00050
159	0.00150
160	0.00000
161	0.00050
162	0.00000
163	0.00000
164	0.00050
165	0.00000
166	0.00050
167	0.00100
168	0.00000
169	0.00000
170	0.00050
171	0.00000
172	0.00050
173	0.00000
174	0.00000
175	0.00050
176	0.00050
177	0.00000
178	0.00000
179	0.00000
