0	0	0	0	0	0	
1	501	0	0	0	0	
2	501	0	0	0	0	
3	501	0	0	0	0	
4	501	0	0	0	0	
5	500	0	0	0	0	
6	500	0	0	0	0	
7	498	0	0	0	0	
8	498	0	0	0	0	
9	498	0	0	0	0	
10	498	0	0	0	0	
11	496	0	0	0	0	
12	496	0	0	0	0	
13	495	0	0	0	0	
14	495	0	0	0	0	
15	495	0	0	0	0	
16	495	0	0	0	0	
17	493	0	0	0	0	
18	489	1	0	0	0	
19	489	0	1	0	0	
20	488	1	0	1	0	
21	485	0	1	0	1	
22	481	0	0	1	1	
23	478	1	0	0	2	
24	477	0	1	0	2	
25	475	1	0	1	2	
26	473	1	0	0	3	
27	472	1	0	0	3	
28	470	1	0	0	3	
29	467	2	0	0	3	
30	464	1	2	0	3	
31	463	0	1	2	3	
32	459	0	0	1	5	
33	453	0	0	0	6	
34	444	0	0	0	6	
35	442	0	0	0	6	
36	435	0	0	0	6	
37	432	0	0	0	6	
38	429	0	0	0	6	
39	423	0	0	0	6	
40	415	0	0	0	6	
41	405	0	0	0	6	
42	400	0	0	0	6	
43	386	0	0	0	6	
44	383	0	0	0	6	
45	376	0	0	0	6	
46	371	0	0	0	6	
47	364	0	0	0	6	
48	356	0	0	0	6	
49	350	0	0	0	6	
50	344	0	0	0	6	
51	339	0	0	0	6	
52	331	0	0	0	6	
53	324	0	0	0	6	
54	321	0	0	0	6	
55	318	0	0	0	6	
56	304	0	0	0	6	
57	293	0	0	0	6	
58	287	0	0	0	6	
59	272	0	0	0	6	
60	264	0	0	0	6	
61	260	0	0	0	6	
62	255	0	0	0	6	
63	246	0	0	0	6	
64	240	0	0	0	6	
65	238	0	0	0	6	
66	230	0	0	0	6	
67	224	0	0	0	6	
68	210	0	0	0	6	
69	196	0	0	0	6	
70	192	0	0	0	6	
71	188	0	0	0	6	
72	182	0	0	0	6	
73	177	0	0	0	6	
74	168	0	0	0	6	
75	163	0	0	0	6	
76	159	0	0	0	6	
77	149	0	0	0	6	
78	144	0	0	0	6	
79	140	0	0	0	6	
80	137	0	0	0	6	
81	134	0	0	0	6	
82	127	0	0	0	6	
83	125	0	0	0	6	
84	124	0	0	0	6	
85	119	0	0	0	6	
86	115	0	0	0	6	
87	108	0	0	0	6	
88	102	0	0	0	6	
89	98	0	0	0	6	
90	93	0	0	0	6	
91	93	0	0	0	6	
92	88	0	0	0	6	
93	87	0	0	0	6	
94	83	0	0	0	6	
95	77	0	0	0	6	
96	76	0	0	0	6	
97	76	0	0	0	6	
98	75	0	0	0	6	
99	73	0	0	0	6	
100	70	0	0	0	6	
101	66	0	0	0	6	
102	63	0	0	0	6	
103	61	0	0	0	6	
104	61	0	0	0	6	
105	60	0	0	0	6	
106	59	0	0	0	6	
107	56	0	0	0	6	
108	55	0	0	0	6	
109	53	0	0	0	6	
110	52	0	0	0	6	
111	51	0	0	0	6	
112	50	0	0	0	6	
113	49	0	0	0	6	
114	47	0	0	0	6	
115	47	0	0	0	6	
116	46	0	0	0	6	
117	46	0	0	0	6	
118	44	0	0	0	6	
119	41	0	0	0	6	
120	40	0	0	0	6	
121	38	0	0	0	6	
122	36	0	0	0	6	
123	35	0	0	0	6	
124	34	0	0	0	6	
125	31	0	0	0	6	
126	31	0	0	0	6	
127	27	0	0	0	6	
128	24	0	0	0	6	
129	22	0	0	0	6	
130	21	0	0	0	6	
131	19	0	0	0	6	
132	17	0	0	0	6	
133	15	0	0	0	6	
134	14	0	0	0	6	
135	14	0	0	0	6	
136	14	0	0	0	6	
137	14	0	0	0	6	
138	13	0	0	0	6	
139	13	0	0	0	6	
140	12	0	0	0	6	
141	12	0	0	0	6	
142	10	0	0	0	6	
143	10	0	0	0	6	
144	10	0	0	0	6	
145	10	0	0	0	6	
146	9	0	0	0	6	
147	9	0	0	0	6	
148	9	0	0	0	6	
149	9	0	0	0	6	
150	9	0	0	0	6	
151	9	0	0	0	6	
152	9	0	0	0	6	
153	9	0	0	0	6	
154	8	0	0	0	6	
155	8	0	0	0	6	
156	8	0	0	0	6	
157	8	0	0	0	6	
158	7	0	0	0	6	
159	7	0	0	0	6	
160	7	0	0	0	6	
161	7	0	0	0	6	
162	7	0	0	0	6	
163	7	0	0	0	6	
164	7	0	0	0	6	
165	7	0	0	0	6	
166	7	0	0	0	6	
167	6	0	0	0	6	
168	6	0	0	0	6	
169	6	0	0	0	6	
170	5	0	0	0	6	
171	5	0	0	0	6	
172	4	0	0	0	6	
173	4	0	0	0	6	
174	4	0	0	0	6	
175	3	0	0	0	6	
176	3	0	0	0	6	
177	3	0	0	0	6	
178	3	0	0	0	6	
179	3	0	0	0	6	
