0	0.00000
1	0.00000
2	0.00000
3	0.00776
4	0.04739
5	0.10145
6	0.22028
7	0.46512
8	0.79068
9	1.18091
10	1.36182
11	1.37822
12	1.33090
13	1.20806
14	1.05358
15	0.88640
16	0.69251
17	0.52628
18	0.40077
19	0.30753
20	0.23466
21	0.17875
22	0.14138
23	0.10619
24	0.08624
25	0.07103
26	0.05617
27	0.04192
28	0.03459
29	0.02922
30	0.02531
31	0.02021
32	0.01484
33	0.01272
34	0.01206
35	0.01018
36	0.00771
37	0.00668
38	0.00508
39	0.00458
40	0.00471
41	0.00441
42	0.00405
43	0.00396
44	0.00270
45	0.00213
46	0.00249
47	0.00167
48	0.00126
49	0.00126
50	0.00041
51	0.00041
52	0.00041
53	0.00000
54	0.00000
55	0.00000
56	0.00000
57	0.00000
58	0.00000
59	0.00000
60	0.00000
61	0.00000
62	0.00000
63	0.00000
64	0.00000
65	0.00000
66	0.00000
67	0.00000
68	0.00000
69	0.00000
70	0.00000
71	0.00000
72	0.00000
73	0.00000
74	0.00000
75	0.00000
76	0.00000
77	0.00000
78	0.00000
79	0.00000
80	0.00000
81	0.00000
82	0.00000
83	0.00000
84	0.00000
85	0.00000
86	0.00000
87	0.00000
88	0.00000
89	0.00000
90	0.00000
91	0.00000
92	0.00000
93	0.00000
94	0.00000
95	0.00000
96	0.00000
97	0.00000
98	0.00000
99	0.00000
