0	0.00500
1	0.02000
2	0.08150
3	0.27250
4	0.63100
5	0.83450
6	0.86400
7	0.86600
8	0.86600
9	0.86600
10	0.86600
11	0.86600
12	0.86600
13	0.86600
14	0.86600
15	0.86600
16	0.86600
17	0.86600
18	0.86600
19	0.86600
20	0.86600
21	0.86600
22	0.86600
23	0.86600
24	0.86600
25	0.86600
26	0.86600
27	0.86600
28	0.86600
29	0.86600
30	0.86600
31	0.86600
32	0.86600
33	0.86600
34	0.86600
35	0.86600
36	0.86600
37	0.86600
38	0.86600
39	0.86600
40	0.86600
41	0.86600
42	0.86600
43	0.86600
44	0.86600
45	0.86600
46	0.86600
47	0.86600
48	0.86600
49	0.86600
50	0.86600
51	0.86600
52	0.86600
53	0.86600
54	0.86600
55	0.86600
56	0.86600
57	0.86600
58	0.86600
59	0.86600
60	0.86600
61	0.86600
62	0.86600
63	0.86600
64	0.86600
65	0.86600
66	0.86600
67	0.86600
68	0.86600
69	0.86600
70	0.86600
71	0.86600
72	0.86600
73	0.86600
74	0.86600
75	0.86600
76	0.86600
77	0.86600
78	0.86600
79	0.86600
80	0.86600
81	0.86600
82	0.86600
83	0.86600
84	0.86600
85	0.86600
86	0.86600
87	0.86600
88	0.86600
89	0.86600
90	0.86600
91	0.86600
92	0.86600
93	0.86600
94	0.86600
95	0.86600
96	0.86600
97	0.86600
98	0.86600
99	0.86600
