0	0.00500
1	0.01450
2	0.03850
3	0.10700
4	0.24000
5	0.45850
6	0.64800
7	0.73650
8	0.76600
9	0.77300
10	0.77650
11	0.77700
12	0.77750
13	0.77750
14	0.77750
15	0.77750
16	0.77750
17	0.77750
18	0.77750
19	0.77750
20	0.77750
21	0.77750
22	0.77750
23	0.77750
24	0.77750
25	0.77750
26	0.77750
27	0.77750
28	0.77750
29	0.77750
30	0.77750
31	0.77750
32	0.77750
33	0.77750
34	0.77750
35	0.77750
36	0.77750
37	0.77750
38	0.77750
39	0.77750
40	0.77750
41	0.77750
42	0.77750
43	0.77750
44	0.77750
45	0.77750
46	0.77750
47	0.77750
48	0.77750
49	0.77750
50	0.77750
51	0.77750
52	0.77750
53	0.77750
54	0.77750
55	0.77750
56	0.77750
57	0.77750
58	0.77750
59	0.77750
60	0.77750
61	0.77750
62	0.77750
63	0.77750
64	0.77750
65	0.77750
66	0.77750
67	0.77750
68	0.77750
69	0.77750
70	0.77750
71	0.77750
72	0.77750
73	0.77750
74	0.77750
75	0.77750
76	0.77750
77	0.77750
78	0.77750
79	0.77750
80	0.77750
81	0.77750
82	0.77750
83	0.77750
84	0.77750
85	0.77750
86	0.77750
87	0.77750
88	0.77750
89	0.77750
90	0.77750
91	0.77750
92	0.77750
93	0.77750
94	0.77750
95	0.77750
96	0.77750
97	0.77750
98	0.77750
99	0.77750
100	0.77750
101	0.77750
102	0.77750
103	0.77750
104	0.77750
105	0.77750
106	0.77750
107	0.77750
108	0.77750
109	0.77750
110	0.77750
111	0.77750
112	0.77750
113	0.77750
114	0.77750
115	0.77750
116	0.77750
117	0.77750
118	0.77750
119	0.77750
120	0.77750
121	0.77750
122	0.77750
123	0.77750
124	0.77750
125	0.77750
126	0.77750
127	0.77750
128	0.77750
129	0.77750
130	0.77750
131	0.77750
132	0.77750
133	0.77750
134	0.77750
135	0.77750
136	0.77750
137	0.77750
138	0.77750
139	0.77750
140	0.77750
141	0.77750
142	0.77750
143	0.77750
144	0.77750
145	0.77750
146	0.77750
147	0.77750
148	0.77750
149	0.77750
