0	0.00500
1	0.01000
2	0.01500
3	0.02400
4	0.04050
5	0.06100
6	0.08850
7	0.12650
8	0.18950
9	0.26350
10	0.35100
11	0.43100
12	0.52950
13	0.59550
14	0.64900
15	0.69050
16	0.71850
17	0.73200
18	0.74550
19	0.75900
20	0.76400
21	0.76850
22	0.76850
23	0.76850
24	0.76850
25	0.76950
26	0.76950
27	0.77050
28	0.77100
29	0.77100
30	0.77100
31	0.77100
32	0.77100
33	0.77100
34	0.77100
35	0.77100
36	0.77100
37	0.77100
38	0.77100
39	0.77100
40	0.77100
41	0.77100
42	0.77100
43	0.77100
44	0.77100
45	0.77100
46	0.77100
47	0.77100
48	0.77100
49	0.77100
50	0.77100
51	0.77100
52	0.77100
53	0.77100
54	0.77100
55	0.77100
56	0.77100
57	0.77100
58	0.77100
59	0.77100
60	0.77100
61	0.77100
62	0.77100
63	0.77100
64	0.77100
65	0.77100
66	0.77100
67	0.77100
68	0.77100
69	0.77100
70	0.77100
71	0.77100
72	0.77100
73	0.77100
74	0.77100
75	0.77100
76	0.77100
77	0.77100
78	0.77100
79	0.77100
80	0.77100
81	0.77100
82	0.77100
83	0.77100
84	0.77100
85	0.77100
86	0.77100
87	0.77100
88	0.77100
89	0.77100
90	0.77100
91	0.77100
92	0.77100
93	0.77100
94	0.77100
95	0.77100
96	0.77100
97	0.77100
98	0.77100
99	0.77100
100	0.77100
101	0.77100
102	0.77100
103	0.77100
104	0.77100
105	0.77100
106	0.77100
107	0.77100
108	0.77100
109	0.77100
110	0.77100
111	0.77100
112	0.77100
113	0.77100
114	0.77100
115	0.77100
116	0.77100
117	0.77100
118	0.77100
119	0.77100
120	0.77100
121	0.77100
122	0.77100
123	0.77100
124	0.77100
125	0.77100
126	0.77100
127	0.77100
128	0.77100
129	0.77100
130	0.77100
131	0.77100
132	0.77100
133	0.77100
134	0.77100
135	0.77100
136	0.77100
137	0.77100
138	0.77100
139	0.77100
140	0.77100
141	0.77100
142	0.77100
143	0.77100
144	0.77100
145	0.77100
146	0.77100
147	0.77100
148	0.77100
149	0.77100
150	0.77100
