0	0.00200
1	0.00360
2	0.00580
3	0.00920
4	0.01440
5	0.02100
6	0.02740
7	0.03080
8	0.03400
9	0.03680
10	0.04240
11	0.04600
12	0.05160
13	0.05700
14	0.06400
15	0.07140
16	0.07700
17	0.08180
18	0.08680
19	0.09600
20	0.10300
21	0.10960
22	0.11680
23	0.12520
24	0.13240
25	0.14020
26	0.14760
27	0.15500
28	0.16080
29	0.16680
30	0.17260
31	0.17740
32	0.18240
33	0.18800
34	0.19420
35	0.19840
36	0.20140
37	0.20540
38	0.21180
39	0.21540
40	0.22000
41	0.22340
42	0.22560
43	0.22900
44	0.23160
45	0.23400
46	0.23540
47	0.23640
48	0.23760
49	0.23920
50	0.24040
51	0.24120
52	0.24200
53	0.24220
54	0.24280
55	0.24360
56	0.24460
57	0.24620
58	0.24680
59	0.24700
60	0.24720
61	0.24740
62	0.24740
63	0.24760
64	0.24800
65	0.24820
66	0.24860
67	0.24860
68	0.24860
69	0.24880
70	0.24880
71	0.24880
72	0.24900
73	0.24900
74	0.24920
75	0.24920
76	0.24920
77	0.24920
78	0.24920
79	0.24940
80	0.24940
81	0.24940
82	0.24940
83	0.24940
84	0.24940
85	0.24940
86	0.24940
87	0.24940
88	0.24940
89	0.24940
90	0.24940
91	0.24940
92	0.24940
93	0.24940
94	0.24940
95	0.24940
96	0.24940
97	0.24960
98	0.24960
99	0.24960
100	0.24960
101	0.24960
102	0.24960
103	0.24960
104	0.24960
105	0.24960
106	0.24960
107	0.24960
108	0.24960
109	0.24960
110	0.24960
111	0.24960
112	0.24960
113	0.24960
114	0.24960
115	0.24960
116	0.24960
117	0.24960
118	0.24960
119	0.24960
120	0.24960
121	0.24960
122	0.24960
123	0.24960
124	0.24960
125	0.24960
126	0.24960
127	0.24960
128	0.24960
129	0.24960
130	0.24960
131	0.24960
132	0.24960
133	0.24960
134	0.24960
135	0.24960
136	0.24960
137	0.24960
138	0.24960
139	0.24960
140	0.24960
141	0.24960
142	0.24960
143	0.24960
144	0.24960
145	0.24960
146	0.24960
147	0.24960
148	0.24960
149	0.24960
