0	0.00500
1	0.00550
2	0.00750
3	0.00850
4	0.00850
5	0.01000
6	0.01300
7	0.01450
8	0.01800
9	0.02100
10	0.02350
11	0.02950
12	0.03150
13	0.03650
14	0.04100
15	0.04700
16	0.05250
17	0.05900
18	0.06800
19	0.07650
20	0.08900
21	0.09850
22	0.11250
23	0.12500
24	0.14000
25	0.15700
26	0.17400
27	0.19350
28	0.21450
29	0.23500
30	0.25950
31	0.28600
32	0.31000
33	0.33950
34	0.36950
35	0.39700
36	0.42250
37	0.44750
38	0.47150
39	0.49950
40	0.52300
41	0.54950
42	0.57000
43	0.59100
44	0.61050
45	0.63100
46	0.64700
47	0.66500
48	0.68150
49	0.69200
50	0.70100
51	0.70850
52	0.71750
53	0.72500
54	0.72750
55	0.73050
56	0.73400
57	0.73600
58	0.73800
59	0.73900
60	0.74050
61	0.74150
62	0.74450
63	0.74800
64	0.74900
65	0.74950
66	0.75100
67	0.75250
68	0.75250
69	0.75300
70	0.75400
71	0.75450
72	0.75450
73	0.75550
74	0.75550
75	0.75650
76	0.75750
77	0.75750
78	0.75800
79	0.75800
80	0.75800
81	0.75800
82	0.75850
83	0.75850
84	0.75850
85	0.75850
86	0.75850
87	0.75900
88	0.75900
89	0.75900
90	0.75900
91	0.75900
92	0.75900
93	0.75900
94	0.75900
95	0.75900
96	0.75900
97	0.75900
98	0.75900
99	0.75900
