0	0.00000
1	0.00000
2	0.00000
3	0.10000
4	0.25000
5	0.30769
6	0.21429
7	0.33333
8	0.62500
9	0.61111
10	0.71429
11	0.68000
12	0.62069
13	0.73529
14	0.57500
15	0.58696
16	0.54717
17	0.51613
18	0.50000
19	0.47500
20	0.49451
21	0.48544
22	0.52137
23	0.49242
24	0.50000
25	0.47059
26	0.45833
27	0.45370
28	0.43210
29	0.42279
30	0.41584
31	0.39466
32	0.38770
33	0.38164
34	0.35667
35	0.34990
36	0.34120
37	0.31894
38	0.29205
39	0.26591
40	0.24079
41	0.22727
42	0.20646
43	0.19457
44	0.17526
45	0.16110
46	0.14648
47	0.13591
48	0.12035
49	0.11204
50	0.10275
51	0.08805
52	0.07515
53	0.06222
54	0.05515
55	0.04769
56	0.03632
57	0.02887
58	0.02371
59	0.01869
60	0.01513
61	0.01164
62	0.00954
63	0.00816
64	0.00881
65	0.01081
66	0.00943
67	0.00807
68	0.00805
69	0.00736
70	0.00534
71	0.00400
72	0.00399
73	0.00332
74	0.00266
75	0.00332
76	0.00199
77	0.00265
78	0.00331
79	0.00265
80	0.00265
81	0.00198
82	0.00132
83	0.00132
84	0.00132
85	0.00066
86	0.00066
87	0.00066
88	0.00066
89	0.00132
90	0.00066
91	0.00066
92	0.00066
93	0.00066
94	0.00066
95	0.00066
96	0.00000
97	0.00000
98	0.00000
99	0.00000
