0	0.00000
1	0.00000
2	0.00000
3	0.00000
4	0.01589
5	0.05686
6	0.06324
7	0.06990
8	0.12850
9	0.17693
10	0.16662
11	0.23472
12	0.22731
13	0.23890
14	0.24134
15	0.26340
16	0.28278
17	0.45228
18	0.47464
19	0.46493
20	0.59398
21	0.56947
22	0.60054
23	0.56583
24	0.52853
25	0.57512
26	0.52062
27	0.51129
28	0.56001
29	0.58351
30	0.53191
31	0.51983
32	0.45327
33	0.47576
34	0.44286
35	0.39190
36	0.42341
37	0.45459
38	0.42158
39	0.38069
40	0.34694
41	0.32498
42	0.31449
43	0.28953
44	0.28500
45	0.25793
46	0.24032
47	0.23197
48	0.23019
49	0.23614
50	0.22724
51	0.21578
52	0.20232
53	0.18616
54	0.17344
55	0.15540
56	0.16206
57	0.15134
58	0.14647
59	0.14235
60	0.13337
61	0.12289
62	0.10530
63	0.09992
64	0.09389
65	0.09078
66	0.08642
67	0.08288
68	0.08838
69	0.08300
70	0.07756
71	0.07216
72	0.07833
73	0.07403
74	0.06989
75	0.06957
76	0.06525
77	0.06188
78	0.06243
79	0.06221
80	0.05483
81	0.04891
82	0.04863
83	0.04520
84	0.04012
85	0.04018
86	0.04094
87	0.03902
88	0.03565
89	0.03481
90	0.03258
91	0.03191
92	0.03104
93	0.02885
94	0.03121
95	0.03236
96	0.03008
97	0.02752
98	0.02528
99	0.02337
100	0.02236
101	0.02031
102	0.02074
103	0.01966
104	0.02173
105	0.02246
106	0.02039
107	0.01816
108	0.01574
109	0.01351
110	0.01456
111	0.01555
112	0.01415
113	0.01268
114	0.01475
115	0.01644
116	0.01606
117	0.01424
118	0.01220
119	0.01308
120	0.01300
121	0.01106
122	0.00898
123	0.00749
124	0.01075
125	0.01082
126	0.00915
127	0.00803
128	0.00704
129	0.00930
130	0.01006
131	0.00667
132	0.00796
133	0.01010
134	0.01688
135	0.01656
136	0.01477
137	0.01574
138	0.01704
139	0.01594
140	0.01454
141	0.00546
142	0.00435
143	0.00413
144	0.00369
145	0.00305
146	0.00247
147	0.00406
148	0.00526
149	0.00441
150	0.00580
151	0.00539
152	0.00620
153	0.00692
154	0.00422
155	0.00360
156	0.00360
157	0.00210
158	0.00224
159	0.00178
160	0.00045
161	0.00015
162	0.00050
163	0.00050
164	0.00050
165	0.00035
166	0.00035
167	0.00035
168	0.00035
169	0.00000
170	0.00000
171	0.00137
172	0.00142
173	0.00291
174	0.00291
175	0.00291
176	0.00291
177	0.00291
178	0.00148
179	0.00148
