0	0.00000
1	0.00000
2	0.00000
3	0.07676
4	0.22592
5	0.41095
6	0.63650
7	1.07479
8	1.17944
9	1.39997
10	1.38212
11	1.23321
12	1.06513
13	0.92910
14	0.72289
15	0.57238
16	0.44429
17	0.33233
18	0.26941
19	0.20681
20	0.16903
21	0.13735
22	0.10754
23	0.08695
24	0.06982
25	0.05568
26	0.04931
27	0.03967
28	0.03534
29	0.02852
30	0.02433
31	0.02035
32	0.01788
33	0.01406
34	0.01142
35	0.00821
36	0.00748
37	0.00539
38	0.00511
39	0.00316
40	0.00338
41	0.00296
42	0.00244
43	0.00213
44	0.00230
45	0.00208
46	0.00208
47	0.00143
48	0.00143
49	0.00027
50	0.00027
51	0.00000
52	0.00007
53	0.00007
54	0.00007
55	0.00007
56	0.00007
57	0.00007
58	0.00007
59	0.00000
60	0.00000
61	0.00000
62	0.00000
63	0.00000
64	0.00000
65	0.00000
66	0.00000
67	0.00000
68	0.00000
69	0.00000
70	0.00000
71	0.00000
72	0.00000
73	0.00000
74	0.00000
75	0.00000
76	0.00000
77	0.00000
78	0.00000
79	0.00000
80	0.00000
81	0.00000
82	0.00000
83	0.00000
84	0.00000
85	0.00000
86	0.00000
87	0.00000
88	0.00000
89	0.00000
90	0.00000
91	0.00000
92	0.00000
93	0.00000
94	0.00000
95	0.00000
96	0.00000
97	0.00000
98	0.00000
99	0.00000
