0	0.02000
1	0.02000
2	0.02000
3	0.02500
4	0.02500
5	0.02500
6	0.02500
7	0.02500
8	0.02500
9	0.02500
10	0.03000
11	0.03500
12	0.03500
13	0.03500
14	0.03500
15	0.03500
16	0.03500
17	0.03500
18	0.03500
19	0.04000
20	0.04000
21	0.04000
22	0.04000
23	0.04000
24	0.04000
25	0.04000
26	0.04000
27	0.04000
28	0.04500
29	0.04500
30	0.05000
31	0.05000
32	0.05500
33	0.06000
34	0.06000
35	0.06500
36	0.07000
37	0.07500
38	0.08000
39	0.08000
40	0.08000
41	0.08000
42	0.08000
43	0.09000
44	0.10500
45	0.10500
46	0.11000
47	0.11500
48	0.13000
49	0.13000
50	0.13000
51	0.13000
52	0.14000
53	0.15500
54	0.17500
55	0.18500
56	0.19000
57	0.20000
58	0.20500
59	0.21000
60	0.22000
61	0.23000
62	0.23500
63	0.24000
64	0.25500
65	0.26000
66	0.26500
67	0.27500
68	0.28500
69	0.29000
70	0.30000
71	0.32000
72	0.34000
73	0.35500
74	0.36000
75	0.36000
76	0.38000
77	0.40500
78	0.41500
79	0.42500
80	0.43000
81	0.43500
82	0.46000
83	0.46000
84	0.47500
85	0.49000
86	0.50000
87	0.51000
88	0.51500
89	0.52500
90	0.53500
91	0.55000
92	0.57000
93	0.59000
94	0.60500
95	0.61000
96	0.62500
97	0.64000
98	0.64500
99	0.65000
100	0.65500
101	0.66000
102	0.67500
103	0.68500
104	0.70500
105	0.71000
106	0.72000
107	0.72500
108	0.73000
109	0.73000
110	0.75000
111	0.75500
112	0.76500
113	0.77500
114	0.78500
115	0.79500
116	0.80500
117	0.81500
118	0.81500
119	0.81500
120	0.81500
121	0.81500
122	0.82000
123	0.83000
124	0.84000
125	0.85500
126	0.87000
127	0.87500
128	0.88000
129	0.88500
130	0.88500
131	0.89000
132	0.89500
133	0.90000
134	0.91000
135	0.91000
136	0.91500
137	0.91500
138	0.91500
139	0.91500
140	0.92500
141	0.93000
142	0.93500
143	0.93500
144	0.93500
145	0.93500
146	0.93500
147	0.94000
148	0.94000
149	0.94500
150	0.94500
151	0.94500
152	0.94500
153	0.94500
154	0.94500
155	0.94500
156	0.94500
157	0.94500
158	0.94500
159	0.94500
160	0.95000
161	0.95000
162	0.95000
163	0.95000
164	0.95000
165	0.95000
166	0.95000
167	0.95000
168	0.95000
169	0.95000
170	0.95500
171	0.95500
172	0.95500
173	0.95500
174	0.96000
175	0.96000
176	0.96000
177	0.96000
178	0.96000
179	0.96000
180	0.96000
181	0.96000
182	0.96000
183	0.96000
184	0.96000
185	0.96000
186	0.96000
187	0.96000
188	0.96000
189	0.96000
190	0.96000
191	0.96000
192	0.96000
193	0.96000
194	0.96000
195	0.96500
196	0.96500
197	0.96500
198	0.96500
199	0.96500
200	0.96500
201	0.96500
202	0.96500
203	0.96500
204	0.96500
205	0.96500
206	0.96500
207	0.96500
208	0.96500
209	0.96500
210	0.96500
211	0.96500
212	0.96500
213	0.96500
214	0.97000
215	0.97000
216	0.97000
217	0.97500
218	0.97500
219	0.97500
220	0.97500
221	0.97500
222	0.97500
223	0.97500
224	0.97500
225	0.97500
226	0.97500
227	0.97500
228	0.97500
229	0.97500
230	0.97500
231	0.97500
232	0.97500
233	0.97500
234	0.97500
235	0.97500
236	0.97500
237	0.97500
238	0.97500
239	0.97500
240	0.97500
241	0.97500
242	0.97500
243	0.97500
244	0.97500
245	0.97500
246	0.97500
247	0.97500
248	0.97500
249	0.97500
250	0.97500
251	0.98000
252	0.98000
253	0.98000
254	0.98000
255	0.98000
256	0.98000
257	0.98000
258	0.98000
259	0.98000
260	0.98000
261	0.98000
262	0.98000
263	0.98000
264	0.98000
265	0.98000
266	0.98000
267	0.98000
268	0.98000
269	0.98000
270	0.98000
271	0.98000
272	0.98000
273	0.98000
274	0.98000
275	0.98000
276	0.98000
277	0.98000
278	0.98000
279	0.98000
280	0.98000
281	0.98000
282	0.98000
283	0.98000
284	0.98000
285	0.98000
286	0.98000
287	0.98000
288	0.98000
289	0.98000
290	0.98000
291	0.98000
292	0.98000
293	0.98000
294	0.98000
295	0.98000
296	0.98000
297	0.98000
298	0.98000
299	0.98000
300	0.98000
301	0.98000
302	0.98000
303	0.98000
304	0.98000
305	0.98000
306	0.98000
307	0.98000
308	0.98000
309	0.98000
310	0.98000
311	0.98000
312	0.98000
313	0.98000
314	0.98000
315	0.98000
316	0.98000
317	0.98000
318	0.98000
319	0.98000
320	0.98000
321	0.98000
322	0.98000
323	0.98000
324	0.98000
325	0.98000
326	0.98000
327	0.98000
328	0.98000
329	0.98000
330	0.98000
331	0.98000
332	0.98000
333	0.98000
334	0.98000
335	0.98000
336	0.98000
337	0.98000
338	0.98000
339	0.98000
340	0.98000
341	0.98000
342	0.98000
343	0.98000
344	0.98000
345	0.98000
346	0.98000
347	0.98000
348	0.98000
349	0.98000
350	0.98000
351	0.98000
352	0.98000
353	0.98000
354	0.98000
355	0.98000
356	0.98000
357	0.98000
358	0.98000
359	0.98000
360	0.98000
361	0.98000
362	0.98000
363	0.98000
364	0.98000
365	0.98000
366	0.98000
367	0.98000
368	0.98000
369	0.98000
370	0.98000
371	0.98000
372	0.98000
373	0.98000
374	0.98000
375	0.98000
376	0.98000
377	0.98000
378	0.98000
379	0.98000
380	0.98000
381	0.98000
382	0.98000
383	0.98000
384	0.98000
385	0.98000
386	0.98000
387	0.98000
388	0.98000
389	0.98000
390	0.98000
391	0.98000
392	0.98000
393	0.98000
394	0.98000
395	0.98000
396	0.98000
397	0.98000
398	0.98000
399	0.98000
400	0.98000
401	0.98000
402	0.98000
403	0.98000
404	0.98000
405	0.98000
406	0.98000
407	0.98000
408	0.98000
409	0.98000
410	0.98000
411	0.98000
412	0.98000
413	0.98000
414	0.98000
415	0.98000
416	0.98000
417	0.98000
418	0.98000
419	0.98000
420	0.98000
421	0.98000
422	0.98000
423	0.98000
424	0.98000
425	0.98000
426	0.98000
427	0.98000
428	0.98000
429	0.98000
430	0.98000
431	0.98000
432	0.98000
433	0.98000
434	0.98000
435	0.98000
436	0.98000
437	0.98000
438	0.98000
439	0.98000
440	0.98000
441	0.98000
442	0.98000
443	0.98000
444	0.98000
445	0.98000
446	0.98000
447	0.98000
448	0.98000
449	0.98000
450	0.98000
451	0.98000
452	0.98000
453	0.98000
454	0.98000
455	0.98000
456	0.98000
457	0.98000
458	0.98000
459	0.98000
460	0.98000
461	0.98000
462	0.98000
463	0.98000
464	0.98000
465	0.98000
466	0.98000
467	0.98000
468	0.98000
469	0.98000
470	0.98000
471	0.98000
472	0.98000
473	0.98000
474	0.98000
475	0.98000
476	0.98000
477	0.98000
478	0.98000
479	0.98000
480	0.98000
481	0.98000
482	0.98000
483	0.98000
484	0.98000
485	0.98000
486	0.98000
487	0.98000
488	0.98000
489	0.98000
490	0.98000
491	0.98000
492	0.98000
493	0.98000
494	0.98000
495	0.98000
496	0.98000
497	0.98000
498	0.98000
499	0.98000
