0	0.00000
1	0.00000
2	0.00000
3	0.00000
4	0.00000
5	0.00769
6	0.00769
7	0.00769
8	0.00769
9	0.00769
10	0.00773
11	0.00777
12	0.02763
13	0.04836
14	0.04836
15	0.04836
16	0.04059
17	0.04059
18	0.04059
19	0.01823
20	0.00000
21	0.02344
22	0.02344
23	0.02344
24	0.02344
25	0.02344
26	0.02344
27	0.02344
28	0.00000
29	0.00000
30	0.03684
31	0.03684
32	0.06878
33	0.06915
34	0.11348
35	0.14082
36	0.13082
37	0.14505
38	0.18659
39	0.19475
40	0.21286
41	0.16395
42	0.12772
43	0.12912
44	0.08939
45	0.16201
46	0.22285
47	0.20527
48	0.23515
49	0.22701
50	0.34444
51	0.29799
52	0.23643
53	0.17357
54	0.25390
55	0.31989
56	0.40170
57	0.39078
58	0.36295
59	0.40438
60	0.42890
61	0.34500
62	0.35071
63	0.35050
64	0.33456
65	0.30276
66	0.36004
67	0.35138
68	0.31762
69	0.27543
70	0.26777
71	0.23054
72	0.26651
73	0.27963
74	0.35937
75	0.39831
76	0.37122
77	0.28221
78	0.28856
79	0.32315
80	0.27275
81	0.24665
82	0.20646
83	0.19801
84	0.23646
85	0.19716
86	0.18353
87	0.19337
88	0.17652
89	0.17474
90	0.16407
91	0.15966
92	0.16735
93	0.17187
94	0.16983
95	0.18985
96	0.19136
97	0.17851
98	0.17579
99	0.16073
100	0.12333
101	0.10457
102	0.09170
103	0.07476
104	0.10566
105	0.10849
106	0.11105
107	0.09973
108	0.10106
109	0.09655
110	0.09399
111	0.07458
112	0.07375
113	0.08414
114	0.10211
115	0.09506
116	0.09722
117	0.11005
118	0.11123
119	0.09553
120	0.09128
121	0.06967
122	0.05524
123	0.04928
124	0.04577
125	0.04795
126	0.04193
127	0.07249
128	0.11316
129	0.11869
130	0.11170
131	0.07967
132	0.07751
133	0.06361
134	0.06860
135	0.04152
136	0.03988
137	0.03988
138	0.02888
139	0.02888
140	0.02828
141	0.03030
142	0.02162
143	0.02406
144	0.03261
145	0.03261
146	0.02321
147	0.02514
148	0.02514
149	0.02208
150	0.00909
151	0.00000
152	0.00000
153	0.00000
154	0.00000
155	0.00000
156	0.00000
157	0.00000
158	0.00000
159	0.00000
160	0.00000
161	0.00000
162	0.00909
163	0.00909
164	0.00909
165	0.00909
166	0.00909
167	0.00909
168	0.00909
169	0.00000
170	0.00000
171	0.00000
172	0.00000
173	0.00000
174	0.00000
175	0.00000
176	0.00658
177	0.00658
178	0.00658
179	0.00658
180	0.00658
181	0.00658
182	0.00658
183	0.00000
184	0.00000
185	0.00000
186	0.00000
187	0.00000
188	0.00000
189	0.00000
190	0.00000
191	0.00000
192	0.00000
193	0.00000
194	0.00000
195	0.00000
196	0.00000
197	0.00000
198	0.00000
199	0.00000
200	0.00000
201	0.00000
202	0.00000
203	0.00000
204	0.00000
205	0.00000
206	0.00000
207	0.00000
208	0.00000
209	0.00000
210	0.00000
211	0.00000
212	0.00000
213	0.00000
214	0.00000
215	0.00000
216	0.00000
217	0.00000
218	0.00000
219	0.00000
220	0.00000
221	0.00000
222	0.00000
223	0.00000
224	0.00000
225	0.00000
226	0.00000
227	0.00000
228	0.00000
229	0.00000
230	0.00000
231	0.00000
232	0.00000
233	0.00000
234	0.00000
235	0.00000
236	0.00000
237	0.00000
238	0.00000
239	0.00000
240	0.00000
241	0.00000
242	0.00000
243	0.00000
244	0.00000
245	0.00000
246	0.00000
247	0.00000
248	0.00000
249	0.00000
250	0.00000
251	0.00000
252	0.00000
253	0.00000
254	0.00000
255	0.00000
256	0.00000
257	0.00000
258	0.00000
259	0.00000
260	0.00000
261	0.00000
262	0.00000
263	0.00000
264	0.00000
265	0.00000
266	0.00000
267	0.00000
268	0.00000
269	0.00000
270	0.00000
271	0.00000
272	0.00000
273	0.00000
274	0.00000
275	0.00000
276	0.00000
277	0.00000
278	0.00000
279	0.00000
280	0.00000
281	0.00000
282	0.00000
283	0.00000
284	0.00000
285	0.00000
286	0.00000
287	0.00000
288	0.00000
289	0.00000
290	0.00000
291	0.00000
292	0.00000
293	0.00000
294	0.00000
295	0.00000
296	0.00000
297	0.00000
298	0.00000
299	0.00000
300	0.00000
301	0.00000
302	0.00000
303	0.00000
304	0.00000
305	0.00000
306	0.00000
307	0.00000
308	0.00000
309	0.00000
310	0.00000
311	0.00000
312	0.00000
313	0.00000
314	0.00000
315	0.00000
316	0.00000
317	0.00000
318	0.00000
319	0.00000
320	0.00000
321	0.00000
322	0.00000
323	0.00000
324	0.00000
325	0.00000
326	0.00000
327	0.00000
328	0.00000
329	0.00000
330	0.00000
331	0.00000
332	0.00000
333	0.00000
334	0.00000
335	0.00000
336	0.00000
337	0.00000
338	0.00000
339	0.00000
340	0.00000
341	0.00000
342	0.00000
343	0.00000
344	0.00000
345	0.00000
346	0.00000
347	0.00000
348	0.00000
349	0.00000
350	0.00000
351	0.00000
352	0.00000
353	0.00000
354	0.00000
355	0.00000
356	0.00000
357	0.00000
358	0.00000
359	0.00000
360	0.00000
361	0.00000
362	0.00000
363	0.00000
364	0.00000
365	0.00000
366	0.00000
367	0.00000
368	0.00000
369	0.00000
370	0.00000
371	0.00000
372	0.00000
373	0.00000
374	0.00000
375	0.00000
376	0.00000
377	0.00000
378	0.00000
379	0.00000
380	0.00000
381	0.00000
382	0.00000
383	0.00000
384	0.00000
385	0.00000
386	0.00000
387	0.00000
388	0.00000
389	0.00000
390	0.00000
391	0.00000
392	0.00000
393	0.00000
394	0.00000
395	0.00000
396	0.00000
397	0.00000
398	0.00000
399	0.00000
400	0.00000
401	0.00000
402	0.00000
403	0.00000
404	0.00000
405	0.00000
406	0.00000
407	0.00000
408	0.00000
409	0.00000
410	0.00000
411	0.00000
412	0.00000
413	0.00000
414	0.00000
415	0.00000
416	0.00000
417	0.00000
418	0.00000
419	0.00000
420	0.00000
421	0.00000
422	0.00000
423	0.00000
424	0.00000
425	0.00000
426	0.00000
427	0.00000
428	0.00000
429	0.00000
430	0.00000
431	0.00000
432	0.00000
433	0.00000
434	0.00000
435	0.00000
436	0.00000
437	0.00000
438	0.00000
439	0.00000
440	0.00000
441	0.00000
442	0.00000
443	0.00000
444	0.00000
445	0.00000
446	0.00000
447	0.00000
448	0.00000
449	0.00000
450	0.00000
451	0.00000
452	0.00000
453	0.00000
454	0.00000
455	0.00000
456	0.00000
457	0.00000
458	0.00000
459	0.00000
460	0.00000
461	0.00000
462	0.00000
463	0.00000
464	0.00000
465	0.00000
466	0.00000
467	0.00000
468	0.00000
469	0.00000
470	0.00000
471	0.00000
472	0.00000
473	0.00000
474	0.00000
475	0.00000
476	0.00000
477	0.00000
478	0.00000
479	0.00000
480	0.00000
481	0.00000
482	0.00000
483	0.00000
484	0.00000
485	0.00000
486	0.00000
487	0.00000
488	0.00000
489	0.00000
490	0.00000
491	0.00000
492	0.00000
493	0.00000
494	0.00000
495	0.00000
496	0.00000
497	0.00000
498	0.00000
499	0.00000
