0	0	0	0	0	0	
1	744	0	0	0	0	
2	726	0	0	0	0	
3	24	656	0	0	0	
4	0	18	550	0	0	
5	0	0	14	461	0	
6	0	0	0	13	427	
7	0	0	0	0	437	
8	0	0	0	0	437	
9	0	0	0	0	437	
10	0	0	0	0	437	
11	0	0	0	0	437	
12	0	0	0	0	437	
13	0	0	0	0	437	
14	0	0	0	0	437	
15	0	0	0	0	437	
16	0	0	0	0	437	
17	0	0	0	0	437	
18	0	0	0	0	437	
19	0	0	0	0	437	
20	0	0	0	0	437	
21	0	0	0	0	437	
22	0	0	0	0	437	
23	0	0	0	0	437	
24	0	0	0	0	437	
25	0	0	0	0	437	
26	0	0	0	0	437	
27	0	0	0	0	437	
28	0	0	0	0	437	
29	0	0	0	0	437	
30	0	0	0	0	437	
31	0	0	0	0	437	
32	0	0	0	0	437	
33	0	0	0	0	437	
34	0	0	0	0	437	
35	0	0	0	0	437	
36	0	0	0	0	437	
37	0	0	0	0	437	
38	0	0	0	0	437	
39	0	0	0	0	437	
40	0	0	0	0	437	
41	0	0	0	0	437	
42	0	0	0	0	437	
43	0	0	0	0	437	
44	0	0	0	0	437	
45	0	0	0	0	437	
46	0	0	0	0	437	
47	0	0	0	0	437	
48	0	0	0	0	437	
49	0	0	0	0	437	
50	0	0	0	0	437	
51	0	0	0	0	437	
52	0	0	0	0	437	
53	0	0	0	0	437	
54	0	0	0	0	437	
55	0	0	0	0	437	
56	0	0	0	0	437	
57	0	0	0	0	437	
58	0	0	0	0	437	
59	0	0	0	0	437	
60	0	0	0	0	437	
61	0	0	0	0	437	
62	0	0	0	0	437	
63	0	0	0	0	437	
64	0	0	0	0	437	
65	0	0	0	0	437	
66	0	0	0	0	437	
67	0	0	0	0	437	
68	0	0	0	0	437	
69	0	0	0	0	437	
70	0	0	0	0	437	
71	0	0	0	0	437	
72	0	0	0	0	437	
73	0	0	0	0	437	
74	0	0	0	0	437	
75	0	0	0	0	437	
76	0	0	0	0	437	
77	0	0	0	0	437	
78	0	0	0	0	437	
79	0	0	0	0	437	
80	0	0	0	0	437	
81	0	0	0	0	437	
82	0	0	0	0	437	
83	0	0	0	0	437	
84	0	0	0	0	437	
85	0	0	0	0	437	
86	0	0	0	0	437	
87	0	0	0	0	437	
88	0	0	0	0	437	
89	0	0	0	0	437	
90	0	0	0	0	437	
91	0	0	0	0	437	
92	0	0	0	0	437	
93	0	0	0	0	437	
94	0	0	0	0	437	
95	0	0	0	0	437	
96	0	0	0	0	437	
97	0	0	0	0	437	
98	0	0	0	0	437	
99	0	0	0	0	437	
100	0	0	0	0	437	
101	0	0	0	0	437	
102	0	0	0	0	437	
103	0	0	0	0	437	
104	0	0	0	0	437	
105	0	0	0	0	437	
106	0	0	0	0	437	
107	0	0	0	0	437	
108	0	0	0	0	437	
109	0	0	0	0	437	
110	0	0	0	0	437	
111	0	0	0	0	437	
112	0	0	0	0	437	
113	0	0	0	0	437	
114	0	0	0	0	437	
115	0	0	0	0	437	
116	0	0	0	0	437	
117	0	0	0	0	437	
118	0	0	0	0	437	
119	0	0	0	0	437	
120	0	0	0	0	437	
121	0	0	0	0	437	
122	0	0	0	0	437	
123	0	0	0	0	437	
124	0	0	0	0	437	
125	0	0	0	0	437	
126	0	0	0	0	437	
127	0	0	0	0	437	
128	0	0	0	0	437	
129	0	0	0	0	437	
130	0	0	0	0	437	
131	0	0	0	0	437	
132	0	0	0	0	437	
133	0	0	0	0	437	
134	0	0	0	0	437	
135	0	0	0	0	437	
136	0	0	0	0	437	
137	0	0	0	0	437	
138	0	0	0	0	437	
139	0	0	0	0	437	
140	0	0	0	0	437	
141	0	0	0	0	437	
142	0	0	0	0	437	
143	0	0	0	0	437	
144	0	0	0	0	437	
145	0	0	0	0	437	
146	0	0	0	0	437	
147	0	0	0	0	437	
148	0	0	0	0	437	
149	0	0	0	0	437	
