0	0.00500
1	0.00600
2	0.00650
3	0.00800
4	0.00800
5	0.00850
6	0.00900
7	0.00900
8	0.00900
9	0.00900
10	0.00950
11	0.01000
12	0.01100
13	0.01150
14	0.01250
15	0.01350
16	0.01450
17	0.01550
18	0.01650
19	0.01800
20	0.01900
21	0.02100
22	0.02450
23	0.02550
24	0.02850
25	0.03050
26	0.03350
27	0.03750
28	0.04000
29	0.04450
30	0.04650
31	0.05150
32	0.05550
33	0.05900
34	0.06400
35	0.06750
36	0.07350
37	0.07700
38	0.08400
39	0.09100
40	0.09800
41	0.10850
42	0.11550
43	0.12650
44	0.13700
45	0.14750
46	0.15450
47	0.16450
48	0.17600
49	0.18400
50	0.19250
51	0.20400
52	0.21650
53	0.23000
54	0.23850
55	0.25050
56	0.26650
57	0.28450
58	0.30150
59	0.32050
60	0.34550
61	0.36200
62	0.37450
63	0.39400
64	0.40550
65	0.42050
66	0.44150
67	0.46250
68	0.47450
69	0.49400
70	0.50850
71	0.52500
72	0.53800
73	0.55450
74	0.57350
75	0.59050
76	0.60800
77	0.62300
78	0.63800
79	0.65300
80	0.66750
81	0.68250
82	0.69450
83	0.70850
84	0.72150
85	0.73300
86	0.74350
87	0.74850
88	0.75900
89	0.76900
90	0.77500
91	0.78300
92	0.79100
93	0.80150
94	0.81000
95	0.81850
96	0.82600
97	0.83150
98	0.84550
99	0.85350
100	0.85750
101	0.86550
102	0.87100
103	0.87500
104	0.87850
105	0.88500
106	0.88950
107	0.89400
108	0.89800
109	0.90000
110	0.90400
111	0.90700
112	0.91250
113	0.91450
114	0.91850
115	0.92150
116	0.92500
117	0.92850
118	0.93150
119	0.93450
120	0.93650
121	0.93800
122	0.94400
123	0.94700
124	0.95050
125	0.95250
126	0.95350
127	0.95400
128	0.95500
129	0.95850
130	0.96000
131	0.96050
132	0.96300
133	0.96350
134	0.96450
135	0.96500
136	0.96550
137	0.96800
138	0.96900
139	0.97050
140	0.97100
141	0.97250
142	0.97300
143	0.97300
144	0.97350
145	0.97400
146	0.97650
147	0.97700
148	0.97700
149	0.97700
150	0.97750
151	0.97800
152	0.97800
153	0.97850
154	0.97900
155	0.97950
156	0.97950
157	0.98000
158	0.98050
159	0.98100
160	0.98250
161	0.98250
162	0.98300
163	0.98350
164	0.98350
165	0.98350
166	0.98400
167	0.98400
168	0.98450
169	0.98500
170	0.98550
171	0.98600
172	0.98650
173	0.98650
174	0.98650
175	0.98650
176	0.98650
177	0.98650
178	0.98800
179	0.98800
