0	0	0	0	0	0	
1	500	0	0	0	0	
2	500	0	0	0	0	
3	499	0	0	0	0	
4	499	0	0	0	0	
5	499	0	0	0	0	
6	499	0	0	0	0	
7	499	0	0	0	0	
8	499	0	0	0	0	
9	499	0	0	0	0	
10	499	0	0	0	0	
11	499	0	0	0	0	
12	499	0	0	0	0	
13	499	0	0	0	0	
14	498	0	0	0	0	
15	498	0	0	0	0	
16	498	0	0	0	0	
17	497	0	0	0	0	
18	495	0	0	0	0	
19	495	0	0	0	0	
20	495	0	0	0	0	
21	495	0	0	0	0	
22	493	0	0	0	0	
23	493	0	0	0	0	
24	490	0	0	0	0	
25	490	0	0	0	0	
26	490	0	0	0	0	
27	487	1	0	0	0	
28	487	0	1	0	0	
29	484	1	0	1	0	
30	484	0	1	0	1	
31	480	1	0	1	1	
32	478	1	0	0	2	
33	474	1	0	0	2	
34	472	0	1	0	2	
35	468	1	1	0	2	
36	464	1	0	1	2	
37	462	0	1	0	3	
38	459	1	0	1	3	
39	455	0	1	0	4	
40	450	0	1	0	4	
41	445	0	0	1	4	
42	444	0	0	0	5	
43	441	0	0	0	5	
44	434	0	0	0	5	
45	427	1	0	0	5	
46	423	1	0	0	5	
47	420	1	0	0	5	
48	415	1	0	0	5	
49	414	1	0	0	5	
50	411	0	0	0	5	
51	407	0	0	0	5	
52	400	0	0	0	5	
53	396	0	0	0	5	
54	391	0	0	0	5	
55	385	0	0	0	5	
56	376	0	0	0	5	
57	373	0	0	0	5	
58	365	0	0	0	5	
59	355	0	0	0	5	
60	342	0	0	0	5	
61	334	0	0	0	5	
62	329	0	0	0	5	
63	319	0	0	0	5	
64	311	0	0	0	5	
65	303	0	0	0	5	
66	296	0	0	0	5	
67	284	0	0	0	5	
68	277	0	0	0	5	
69	264	0	0	0	5	
70	258	0	0	0	5	
71	248	0	0	0	5	
72	239	0	0	0	5	
73	232	0	0	0	5	
74	223	0	0	0	5	
75	216	0	0	0	5	
76	209	0	0	0	5	
77	201	0	0	0	5	
78	191	0	0	0	5	
79	184	0	0	0	5	
80	181	0	0	0	5	
81	175	0	0	0	5	
82	168	0	0	0	5	
83	160	0	0	0	5	
84	148	0	0	0	5	
85	140	0	0	0	5	
86	134	0	0	0	5	
87	131	0	0	0	5	
88	125	0	0	0	5	
89	124	0	0	0	5	
90	119	0	0	0	5	
91	115	0	0	0	5	
92	112	0	0	0	5	
93	106	0	0	0	5	
94	106	0	0	0	5	
95	101	0	0	0	5	
96	96	0	0	0	5	
97	93	0	0	0	5	
98	87	0	0	0	5	
99	82	0	0	0	5	
100	79	0	0	0	5	
101	76	0	0	0	5	
102	73	0	0	0	5	
103	70	0	0	0	5	
104	67	0	0	0	5	
105	64	0	0	0	5	
106	63	0	0	0	5	
107	60	0	0	0	5	
108	57	0	0	0	5	
109	56	0	0	0	5	
110	54	0	0	0	5	
111	51	0	0	0	5	
112	49	0	0	0	5	
113	48	0	0	0	5	
114	44	0	0	0	5	
115	42	0	0	0	5	
116	42	0	0	0	5	
117	39	0	0	0	5	
118	38	0	0	0	5	
119	35	0	0	0	5	
120	35	0	0	0	5	
121	34	0	0	0	5	
122	33	0	0	0	5	
123	31	0	0	0	5	
124	29	0	0	0	5	
125	28	0	0	0	5	
126	28	0	0	0	5	
127	27	0	0	0	5	
128	26	0	0	0	5	
129	25	0	0	0	5	
130	25	0	0	0	5	
131	24	0	0	0	5	
132	20	0	0	0	5	
133	19	0	0	0	5	
134	19	0	0	0	5	
135	19	0	0	0	5	
136	19	0	0	0	5	
137	17	0	0	0	5	
138	16	0	0	0	5	
139	14	0	0	0	5	
140	13	0	0	0	5	
141	13	0	0	0	5	
142	13	0	0	0	5	
143	13	0	0	0	5	
144	13	0	0	0	5	
145	12	0	0	0	5	
146	10	0	0	0	5	
147	10	0	0	0	5	
148	10	0	0	0	5	
149	10	0	0	0	5	
150	10	0	0	0	5	
151	10	0	0	0	5	
152	10	0	0	0	5	
153	10	0	0	0	5	
154	10	0	0	0	5	
155	10	0	0	0	5	
156	10	0	0	0	5	
157	10	0	0	0	5	
158	10	0	0	0	5	
159	10	0	0	0	5	
160	10	0	0	0	5	
161	10	0	0	0	5	
162	9	0	0	0	5	
163	9	0	0	0	5	
164	9	0	0	0	5	
165	9	0	0	0	5	
166	9	0	0	0	5	
167	9	0	0	0	5	
168	9	0	0	0	5	
169	9	0	0	0	5	
170	9	0	0	0	5	
171	9	0	0	0	5	
172	8	0	0	0	5	
173	8	0	0	0	5	
174	8	0	0	0	5	
175	8	0	0	0	5	
176	8	0	0	0	5	
177	8	0	0	0	5	
178	8	0	0	0	5	
179	8	0	0	0	5	
