0	0.00500
1	0.01150
2	0.03250
3	0.09050
4	0.21450
5	0.42350
6	0.64050
7	0.73500
8	0.76600
9	0.77150
10	0.77350
11	0.77500
12	0.77500
13	0.77500
14	0.77500
15	0.77500
16	0.77500
17	0.77500
18	0.77500
19	0.77500
20	0.77500
21	0.77500
22	0.77500
23	0.77500
24	0.77500
25	0.77500
26	0.77500
27	0.77500
28	0.77500
29	0.77500
30	0.77500
31	0.77500
32	0.77500
33	0.77500
34	0.77500
35	0.77500
36	0.77500
37	0.77500
38	0.77500
39	0.77500
40	0.77500
41	0.77500
42	0.77500
43	0.77500
44	0.77500
45	0.77500
46	0.77500
47	0.77500
48	0.77500
49	0.77500
50	0.77500
51	0.77500
52	0.77500
53	0.77500
54	0.77500
55	0.77500
56	0.77500
57	0.77500
58	0.77500
59	0.77500
60	0.77500
61	0.77500
62	0.77500
63	0.77500
64	0.77500
65	0.77500
66	0.77500
67	0.77500
68	0.77500
69	0.77500
70	0.77500
71	0.77500
72	0.77500
73	0.77500
74	0.77500
75	0.77500
76	0.77500
77	0.77500
78	0.77500
79	0.77500
80	0.77500
81	0.77500
82	0.77500
83	0.77500
84	0.77500
85	0.77500
86	0.77500
87	0.77500
88	0.77500
89	0.77500
90	0.77500
91	0.77500
92	0.77500
93	0.77500
94	0.77500
95	0.77500
96	0.77500
97	0.77500
98	0.77500
99	0.77500
100	0.77500
101	0.77500
102	0.77500
103	0.77500
104	0.77500
105	0.77500
106	0.77500
107	0.77500
108	0.77500
109	0.77500
110	0.77500
111	0.77500
112	0.77500
113	0.77500
114	0.77500
115	0.77500
116	0.77500
117	0.77500
118	0.77500
119	0.77500
120	0.77500
121	0.77500
122	0.77500
123	0.77500
124	0.77500
125	0.77500
126	0.77500
127	0.77500
128	0.77500
129	0.77500
130	0.77500
131	0.77500
132	0.77500
133	0.77500
134	0.77500
135	0.77500
136	0.77500
137	0.77500
138	0.77500
139	0.77500
140	0.77500
141	0.77500
142	0.77500
143	0.77500
144	0.77500
145	0.77500
146	0.77500
147	0.77500
148	0.77500
149	0.77500
