0	0	0	0	0	0	
1	746	0	0	0	0	
2	732	0	0	0	0	
3	34	659	0	0	0	
4	0	28	586	0	0	
5	0	0	21	495	0	
6	0	0	0	17	443	
7	0	0	0	0	454	
8	0	0	0	0	453	
9	0	0	0	0	453	
10	0	0	0	0	451	
11	0	0	0	0	450	
12	0	0	0	0	450	
13	0	0	0	0	450	
14	0	0	0	0	450	
15	0	0	0	0	450	
16	0	0	0	0	450	
17	0	0	0	0	450	
18	0	0	0	0	450	
19	0	0	0	0	450	
20	0	0	0	0	450	
21	0	0	0	0	450	
22	0	0	0	0	450	
23	0	0	0	0	450	
24	0	0	0	0	450	
25	0	0	0	0	450	
26	0	0	0	0	450	
27	0	0	0	0	450	
28	0	0	0	0	450	
29	0	0	0	0	450	
30	0	0	0	0	450	
31	0	0	0	0	450	
32	0	0	0	0	450	
33	0	0	0	0	450	
34	0	0	0	0	450	
35	0	0	0	0	450	
36	0	0	0	0	450	
37	0	0	0	0	450	
38	0	0	0	0	450	
39	0	0	0	0	450	
40	0	0	0	0	450	
41	0	0	0	0	450	
42	0	0	0	0	450	
43	0	0	0	0	450	
44	0	0	0	0	450	
45	0	0	0	0	450	
46	0	0	0	0	450	
47	0	0	0	0	450	
48	0	0	0	0	450	
49	0	0	0	0	450	
50	0	0	0	0	450	
51	0	0	0	0	450	
52	0	0	0	0	450	
53	0	0	0	0	450	
54	0	0	0	0	450	
55	0	0	0	0	450	
56	0	0	0	0	450	
57	0	0	0	0	450	
58	0	0	0	0	450	
59	0	0	0	0	450	
60	0	0	0	0	450	
61	0	0	0	0	450	
62	0	0	0	0	450	
63	0	0	0	0	450	
64	0	0	0	0	450	
65	0	0	0	0	450	
66	0	0	0	0	450	
67	0	0	0	0	450	
68	0	0	0	0	450	
69	0	0	0	0	450	
70	0	0	0	0	450	
71	0	0	0	0	450	
72	0	0	0	0	450	
73	0	0	0	0	450	
74	0	0	0	0	450	
75	0	0	0	0	450	
76	0	0	0	0	450	
77	0	0	0	0	450	
78	0	0	0	0	450	
79	0	0	0	0	450	
80	0	0	0	0	450	
81	0	0	0	0	450	
82	0	0	0	0	450	
83	0	0	0	0	450	
84	0	0	0	0	450	
85	0	0	0	0	450	
86	0	0	0	0	450	
87	0	0	0	0	450	
88	0	0	0	0	450	
89	0	0	0	0	450	
90	0	0	0	0	450	
91	0	0	0	0	450	
92	0	0	0	0	450	
93	0	0	0	0	450	
94	0	0	0	0	450	
95	0	0	0	0	450	
96	0	0	0	0	450	
97	0	0	0	0	450	
98	0	0	0	0	450	
99	0	0	0	0	450	
100	0	0	0	0	450	
101	0	0	0	0	450	
102	0	0	0	0	450	
103	0	0	0	0	450	
104	0	0	0	0	450	
105	0	0	0	0	450	
106	0	0	0	0	450	
107	0	0	0	0	450	
108	0	0	0	0	450	
109	0	0	0	0	450	
110	0	0	0	0	450	
111	0	0	0	0	450	
112	0	0	0	0	450	
113	0	0	0	0	450	
114	0	0	0	0	450	
115	0	0	0	0	450	
116	0	0	0	0	450	
117	0	0	0	0	450	
118	0	0	0	0	450	
119	0	0	0	0	450	
120	0	0	0	0	450	
121	0	0	0	0	450	
122	0	0	0	0	450	
123	0	0	0	0	450	
124	0	0	0	0	450	
125	0	0	0	0	450	
126	0	0	0	0	450	
127	0	0	0	0	450	
128	0	0	0	0	450	
129	0	0	0	0	450	
130	0	0	0	0	450	
131	0	0	0	0	450	
132	0	0	0	0	450	
133	0	0	0	0	450	
134	0	0	0	0	450	
135	0	0	0	0	450	
136	0	0	0	0	450	
137	0	0	0	0	450	
138	0	0	0	0	450	
139	0	0	0	0	450	
140	0	0	0	0	450	
141	0	0	0	0	450	
142	0	0	0	0	450	
143	0	0	0	0	450	
144	0	0	0	0	450	
145	0	0	0	0	450	
146	0	0	0	0	450	
147	0	0	0	0	450	
148	0	0	0	0	450	
149	0	0	0	0	450	
