0	0	0	0	0	0	
1	741	0	0	0	0	
2	708	0	0	0	0	
3	4	620	0	0	0	
4	0	4	502	0	0	
5	0	0	2	395	0	
6	0	0	0	0	355	
7	0	0	0	0	354	
8	0	0	0	0	354	
9	0	0	0	0	354	
10	0	0	0	0	354	
11	0	0	0	0	354	
12	0	0	0	0	354	
13	0	0	0	0	354	
14	0	0	0	0	354	
15	0	0	0	0	354	
16	0	0	0	0	354	
17	0	0	0	0	354	
18	0	0	0	0	354	
19	0	0	0	0	354	
20	0	0	0	0	354	
21	0	0	0	0	354	
22	0	0	0	0	354	
23	0	0	0	0	354	
24	0	0	0	0	354	
25	0	0	0	0	354	
26	0	0	0	0	354	
27	0	0	0	0	354	
28	0	0	0	0	354	
29	0	0	0	0	354	
30	0	0	0	0	354	
31	0	0	0	0	354	
32	0	0	0	0	354	
33	0	0	0	0	354	
34	0	0	0	0	354	
35	0	0	0	0	354	
36	0	0	0	0	354	
37	0	0	0	0	354	
38	0	0	0	0	354	
39	0	0	0	0	354	
40	0	0	0	0	354	
41	0	0	0	0	354	
42	0	0	0	0	354	
43	0	0	0	0	354	
44	0	0	0	0	354	
45	0	0	0	0	354	
46	0	0	0	0	354	
47	0	0	0	0	354	
48	0	0	0	0	354	
49	0	0	0	0	354	
50	0	0	0	0	354	
51	0	0	0	0	354	
52	0	0	0	0	354	
53	0	0	0	0	354	
54	0	0	0	0	354	
55	0	0	0	0	354	
56	0	0	0	0	354	
57	0	0	0	0	354	
58	0	0	0	0	354	
59	0	0	0	0	354	
60	0	0	0	0	354	
61	0	0	0	0	354	
62	0	0	0	0	354	
63	0	0	0	0	354	
64	0	0	0	0	354	
65	0	0	0	0	354	
66	0	0	0	0	354	
67	0	0	0	0	354	
68	0	0	0	0	354	
69	0	0	0	0	354	
70	0	0	0	0	354	
71	0	0	0	0	354	
72	0	0	0	0	354	
73	0	0	0	0	354	
74	0	0	0	0	354	
75	0	0	0	0	354	
76	0	0	0	0	354	
77	0	0	0	0	354	
78	0	0	0	0	354	
79	0	0	0	0	354	
80	0	0	0	0	354	
81	0	0	0	0	354	
82	0	0	0	0	354	
83	0	0	0	0	354	
84	0	0	0	0	354	
85	0	0	0	0	354	
86	0	0	0	0	354	
87	0	0	0	0	354	
88	0	0	0	0	354	
89	0	0	0	0	354	
90	0	0	0	0	354	
91	0	0	0	0	354	
92	0	0	0	0	354	
93	0	0	0	0	354	
94	0	0	0	0	354	
95	0	0	0	0	354	
96	0	0	0	0	354	
97	0	0	0	0	354	
98	0	0	0	0	354	
99	0	0	0	0	354	
100	0	0	0	0	354	
101	0	0	0	0	354	
102	0	0	0	0	354	
103	0	0	0	0	354	
104	0	0	0	0	354	
105	0	0	0	0	354	
106	0	0	0	0	354	
107	0	0	0	0	354	
108	0	0	0	0	354	
109	0	0	0	0	354	
110	0	0	0	0	354	
111	0	0	0	0	354	
112	0	0	0	0	354	
113	0	0	0	0	354	
114	0	0	0	0	354	
115	0	0	0	0	354	
116	0	0	0	0	354	
117	0	0	0	0	354	
118	0	0	0	0	354	
119	0	0	0	0	354	
120	0	0	0	0	354	
121	0	0	0	0	354	
122	0	0	0	0	354	
123	0	0	0	0	354	
124	0	0	0	0	354	
125	0	0	0	0	354	
126	0	0	0	0	354	
127	0	0	0	0	354	
128	0	0	0	0	354	
129	0	0	0	0	354	
130	0	0	0	0	354	
131	0	0	0	0	354	
132	0	0	0	0	354	
133	0	0	0	0	354	
134	0	0	0	0	354	
135	0	0	0	0	354	
136	0	0	0	0	354	
137	0	0	0	0	354	
138	0	0	0	0	354	
139	0	0	0	0	354	
140	0	0	0	0	354	
141	0	0	0	0	354	
142	0	0	0	0	354	
143	0	0	0	0	354	
144	0	0	0	0	354	
145	0	0	0	0	354	
146	0	0	0	0	354	
147	0	0	0	0	354	
148	0	0	0	0	354	
149	0	0	0	0	354	
