0	0.00500
1	0.00650
2	0.00750
3	0.00800
4	0.01000
5	0.01350
6	0.01550
7	0.01600
8	0.01800
9	0.02100
10	0.02350
11	0.02750
12	0.03300
13	0.04400
14	0.05100
15	0.06250
16	0.07900
17	0.09400
18	0.11450
19	0.13650
20	0.16450
21	0.19700
22	0.23400
23	0.27600
24	0.31650
25	0.35450
26	0.40200
27	0.46200
28	0.52450
29	0.57000
30	0.61700
31	0.65900
32	0.70250
33	0.73950
34	0.76650
35	0.79950
36	0.82400
37	0.85000
38	0.87600
39	0.88800
40	0.90300
41	0.91050
42	0.92450
43	0.93400
44	0.94150
45	0.94750
46	0.95200
47	0.95450
48	0.95750
49	0.95850
50	0.95900
51	0.96250
52	0.96500
53	0.96550
54	0.96700
55	0.96750
56	0.96900
57	0.96900
58	0.96950
59	0.97050
60	0.97100
61	0.97100
62	0.97200
63	0.97250
64	0.97250
65	0.97300
66	0.97300
67	0.97300
68	0.97300
69	0.97300
70	0.97300
71	0.97300
72	0.97300
73	0.97300
74	0.97300
75	0.97300
76	0.97300
77	0.97300
78	0.97300
79	0.97300
80	0.97300
81	0.97300
82	0.97350
83	0.97350
84	0.97350
85	0.97350
86	0.97350
87	0.97350
88	0.97350
89	0.97350
90	0.97350
91	0.97350
92	0.97350
93	0.97350
94	0.97350
95	0.97350
96	0.97350
97	0.97350
98	0.97350
99	0.97350
100	0.97350
101	0.97350
102	0.97350
103	0.97350
104	0.97350
105	0.97350
106	0.97350
107	0.97350
108	0.97350
109	0.97350
110	0.97350
111	0.97350
112	0.97350
113	0.97350
114	0.97350
115	0.97350
116	0.97350
117	0.97350
118	0.97350
119	0.97350
120	0.97350
121	0.97350
122	0.97350
123	0.97350
124	0.97350
125	0.97350
126	0.97350
127	0.97350
128	0.97350
129	0.97350
130	0.97350
131	0.97350
132	0.97350
133	0.97350
134	0.97350
135	0.97350
136	0.97350
137	0.97350
138	0.97350
139	0.97350
140	0.97350
141	0.97350
142	0.97350
143	0.97350
144	0.97350
145	0.97350
146	0.97350
147	0.97350
148	0.97350
149	0.97350
150	0.97350
151	0.97350
152	0.97350
153	0.97350
154	0.97350
155	0.97350
156	0.97350
157	0.97350
158	0.97350
159	0.97350
160	0.97350
161	0.97350
162	0.97350
163	0.97350
164	0.97350
165	0.97350
166	0.97350
167	0.97350
168	0.97350
169	0.97350
170	0.97350
171	0.97350
172	0.97350
173	0.97350
174	0.97350
175	0.97350
176	0.97350
177	0.97350
178	0.97350
179	0.97350
180	0.97350
181	0.97350
182	0.97350
183	0.97350
184	0.97350
185	0.97350
186	0.97350
187	0.97350
188	0.97350
189	0.97350
190	0.97350
191	0.97350
192	0.97350
193	0.97350
194	0.97350
195	0.97350
196	0.97350
197	0.97350
198	0.97350
199	0.97350
