0	0.00000
1	0.00000
2	0.00000
3	0.00000
4	0.00000
5	0.00000
6	0.00000
7	0.00000
8	0.00000
9	0.00000
10	0.00000
11	0.00000
12	0.00000
13	0.00000
14	0.00000
15	0.00000
16	0.00000
17	0.00000
18	0.00000
19	0.00000
20	0.28351
21	0.28497
22	0.28125
23	0.50781
24	0.64779
25	0.64594
26	0.64594
27	0.80432
28	0.80329
29	0.80754
30	0.93444
31	0.95483
32	1.05457
33	1.05486
34	1.18809
35	1.19337
36	1.14471
37	1.14049
38	1.15170
39	1.26708
40	1.26316
41	1.19793
42	1.16086
43	1.22344
44	1.16830
45	1.08028
46	1.08028
47	1.03270
48	1.02375
49	0.98017
50	0.95823
51	0.94234
52	0.90519
53	0.98237
54	0.98196
55	0.97031
56	1.01698
57	1.27637
58	1.26617
59	1.26617
60	1.28832
61	1.25691
62	1.25444
63	1.22216
64	1.32313
65	1.37810
66	1.45394
67	1.57111
68	1.47018
69	1.61232
70	1.66498
71	1.55715
72	1.58735
73	1.56987
74	1.69437
75	1.81533
76	1.86881
77	1.81541
78	1.79289
79	1.76368
80	1.67325
81	1.59075
82	1.46546
83	1.57997
84	1.56733
85	1.63301
86	1.65353
87	1.60605
88	1.54566
89	1.63112
90	1.60721
91	1.59163
92	1.72585
93	1.75772
94	1.75180
95	1.71827
96	1.66795
97	1.62309
98	1.62604
99	1.60348
100	1.51480
101	1.58705
102	1.53437
103	1.54299
104	1.53087
105	1.50856
106	1.49635
107	1.46173
108	1.39067
109	1.47834
110	1.50220
111	1.46194
112	1.48624
113	1.45218
114	1.45556
115	1.46055
116	1.44725
117	1.40018
118	1.40741
119	1.34981
120	1.27447
121	1.32976
122	1.36284
123	1.35912
124	1.28990
125	1.35580
126	1.38199
127	1.39311
128	1.36477
129	1.42031
130	1.45173
131	1.47816
132	1.44249
133	1.44205
134	1.40040
135	1.34975
136	1.34278
137	1.38116
138	1.41255
139	1.36937
140	1.31148
141	1.27194
142	1.24855
143	1.30588
144	1.32376
145	1.32500
146	1.23546
147	1.24132
148	1.22749
149	1.20534
150	1.22327
151	1.22105
152	1.22594
153	1.20978
154	1.21534
155	1.20441
156	1.18671
157	1.15933
158	1.11323
159	1.07282
160	1.04404
161	1.04705
162	1.03954
163	1.01249
164	0.99715
165	1.01447
166	1.00504
167	0.98383
168	0.96792
169	0.91669
170	0.93547
171	0.93547
172	0.93040
173	0.92944
174	0.91186
175	0.92627
176	0.92302
177	0.88997
178	0.88904
179	0.87758
180	0.87758
181	0.87758
182	0.86694
183	0.83958
184	0.83042
185	0.83758
186	0.83074
187	0.79716
188	0.79716
189	0.78492
190	0.78058
191	0.78871
192	0.78239
193	0.77025
194	0.77342
195	0.74903
196	0.72280
197	0.70991
198	0.70203
199	0.69896
