0	0.02000
1	0.02000
2	0.02000
3	0.02000
4	0.02000
5	0.02000
6	0.02000
7	0.02000
8	0.02000
9	0.02000
10	0.02000
11	0.02000
12	0.02000
13	0.02000
14	0.02000
15	0.02000
16	0.02000
17	0.02000
18	0.02500
19	0.02500
20	0.02500
21	0.03000
22	0.03500
23	0.03500
24	0.03500
25	0.04000
26	0.04000
27	0.04000
28	0.04500
29	0.05000
30	0.05500
31	0.05500
32	0.06000
33	0.06500
34	0.06500
35	0.07000
36	0.07000
37	0.08000
38	0.08500
39	0.08500
40	0.08500
41	0.09000
42	0.09000
43	0.09000
44	0.09000
45	0.09000
46	0.09000
47	0.09000
48	0.09000
49	0.09000
50	0.09000
51	0.09500
52	0.09500
53	0.09500
54	0.10000
55	0.11500
56	0.11500
57	0.11500
58	0.12500
59	0.12500
60	0.13000
61	0.13000
62	0.14000
63	0.15000
64	0.15500
65	0.16500
66	0.16500
67	0.17500
68	0.18000
69	0.18000
70	0.18500
71	0.19000
72	0.21000
73	0.22000
74	0.22500
75	0.22500
76	0.23500
77	0.24000
78	0.24000
79	0.24000
80	0.24000
81	0.26000
82	0.26500
83	0.27500
84	0.28000
85	0.28500
86	0.29500
87	0.30500
88	0.30500
89	0.30500
90	0.32500
91	0.33500
92	0.33500
93	0.33500
94	0.34500
95	0.34500
96	0.35000
97	0.35000
98	0.35000
99	0.36000
100	0.36000
101	0.36500
102	0.37500
103	0.38000
104	0.38500
105	0.38500
106	0.38500
107	0.40000
108	0.40500
109	0.40500
110	0.41000
111	0.42000
112	0.42500
113	0.43000
114	0.44000
115	0.44000
116	0.45500
117	0.46000
118	0.46500
119	0.48000
120	0.49000
121	0.49000
122	0.49000
123	0.50000
124	0.50500
125	0.51500
126	0.51500
127	0.52000
128	0.52500
129	0.53500
130	0.53500
131	0.54500
132	0.56500
133	0.56500
134	0.57000
135	0.58000
136	0.59000
137	0.59000
138	0.59500
139	0.59500
140	0.59500
141	0.60000
142	0.60500
143	0.61000
144	0.61000
145	0.61500
146	0.61500
147	0.61500
148	0.62000
149	0.62000
150	0.62000
151	0.62500
152	0.63000
153	0.63000
154	0.63000
155	0.63000
156	0.63000
157	0.63000
158	0.63000
159	0.63500
160	0.63500
161	0.63500
162	0.63500
163	0.64000
164	0.64500
165	0.64500
166	0.64500
167	0.64500
168	0.65000
169	0.65000
170	0.65000
171	0.65000
172	0.65000
173	0.65500
174	0.65500
175	0.66000
176	0.66000
177	0.66000
178	0.66000
179	0.66000
180	0.66000
181	0.66000
182	0.66000
183	0.66500
184	0.66500
185	0.66500
186	0.66500
187	0.66500
188	0.66500
189	0.67000
190	0.67000
191	0.67000
192	0.67500
193	0.67500
194	0.67500
195	0.67500
196	0.67500
197	0.67500
198	0.68000
199	0.68000
