0	0	0	0	0	0	
1	750	0	0	0	0	
2	747	0	0	0	0	
3	734	0	0	0	0	
4	718	0	0	0	0	
5	689	0	0	0	0	
6	640	15	0	0	0	
7	560	35	3	0	0	
8	306	191	25	2	0	
9	147	144	137	13	2	
10	89	73	96	90	12	
11	65	62	63	77	55	
12	47	50	59	71	55	
13	36	42	57	70	55	
14	28	35	54	70	55	
15	19	30	51	69	54	
16	11	29	47	67	54	
17	8	28	44	66	53	
18	5	25	43	65	53	
19	5	23	42	63	53	
20	4	23	41	63	53	
21	4	22	41	63	53	
22	4	21	41	63	53	
23	3	21	41	63	53	
24	2	20	41	63	53	
25	2	20	41	63	53	
26	2	20	41	63	53	
27	2	20	41	63	53	
28	2	20	41	63	53	
29	2	20	41	63	53	
30	2	20	41	63	53	
31	2	20	41	63	53	
32	2	20	41	63	53	
33	2	20	41	63	53	
34	2	20	41	63	53	
35	2	20	41	63	53	
36	2	20	41	63	53	
37	2	20	41	63	53	
38	2	20	41	63	53	
39	2	20	41	63	53	
40	2	20	41	63	53	
41	2	20	41	63	53	
42	2	20	41	63	53	
43	2	20	41	63	53	
44	2	20	41	63	53	
45	2	20	41	63	53	
46	2	20	41	63	53	
47	2	20	41	63	53	
48	2	20	41	63	53	
49	2	20	41	63	53	
50	2	20	41	63	53	
51	2	20	41	63	53	
52	2	20	41	63	53	
53	2	20	41	63	53	
54	2	20	41	63	53	
55	2	20	41	63	53	
56	2	20	41	63	53	
57	2	20	41	63	53	
58	2	20	41	63	53	
59	1	20	41	63	53	
60	1	20	41	63	53	
61	1	20	41	63	53	
62	1	20	41	63	53	
63	1	20	41	63	53	
64	1	20	41	63	53	
65	1	20	41	63	53	
66	1	20	41	63	53	
67	1	20	41	63	53	
68	1	20	41	63	53	
69	1	20	41	63	53	
70	1	20	41	63	53	
71	1	20	41	63	53	
72	1	20	41	63	53	
73	1	20	41	63	53	
74	1	20	41	63	53	
75	1	20	41	63	53	
76	1	20	41	63	53	
77	1	20	41	63	53	
78	1	20	41	63	53	
79	1	20	41	63	53	
80	1	20	41	63	53	
81	1	20	41	63	53	
82	1	20	41	63	53	
83	1	20	41	63	53	
84	1	20	41	63	53	
85	1	20	41	63	53	
86	1	20	41	63	53	
87	1	20	41	63	53	
88	1	20	41	63	53	
89	1	20	41	63	53	
90	1	20	41	63	53	
91	1	20	41	63	53	
92	1	20	41	63	53	
93	1	20	41	63	53	
94	1	20	41	63	53	
95	1	20	41	63	53	
96	1	20	41	63	53	
97	1	20	41	63	53	
98	1	20	41	63	53	
99	1	20	41	63	53	
