0	0.00000
1	0.00000
2	0.00000
3	0.03793
4	0.12068
5	0.30917
6	0.55875
7	0.91108
8	1.30540
9	1.47312
10	1.59783
11	1.54253
12	1.29733
13	1.05986
14	0.76743
15	0.56067
16	0.39585
17	0.27256
18	0.19267
19	0.13895
20	0.10103
21	0.07782
22	0.05860
23	0.04510
24	0.03697
25	0.02961
26	0.02236
27	0.01771
28	0.01375
29	0.01220
30	0.01047
31	0.00830
32	0.00615
33	0.00454
34	0.00380
35	0.00332
36	0.00197
37	0.00132
38	0.00025
39	0.00025
40	0.00025
41	0.00025
42	0.00025
43	0.00000
44	0.00000
45	0.00036
46	0.00036
47	0.00036
48	0.00036
49	0.00036
50	0.00036
51	0.00036
52	0.00000
53	0.00000
54	0.00000
55	0.00000
56	0.00000
57	0.00000
58	0.00000
59	0.00000
60	0.00000
61	0.00000
62	0.00000
63	0.00000
64	0.00000
65	0.00000
66	0.00000
67	0.00000
68	0.00000
69	0.00000
70	0.00000
71	0.00000
72	0.00000
73	0.00000
74	0.00000
75	0.00000
76	0.00000
77	0.00000
78	0.00000
79	0.00000
80	0.00000
81	0.00000
82	0.00000
83	0.00000
84	0.00000
85	0.00000
86	0.00000
87	0.00000
88	0.00000
89	0.00000
90	0.00000
91	0.00000
92	0.00000
93	0.00000
94	0.00000
95	0.00000
96	0.00000
97	0.00000
98	0.00000
99	0.00000
