0	0.00500
1	0.00850
2	0.01700
3	0.02850
4	0.04850
5	0.08300
6	0.12550
7	0.18550
8	0.24200
9	0.30500
10	0.35900
11	0.41450
12	0.46700
13	0.51200
14	0.54650
15	0.57450
16	0.59600
17	0.61550
18	0.62700
19	0.64050
20	0.65350
21	0.66250
22	0.66900
23	0.67500
24	0.68000
25	0.68300
26	0.68450
27	0.68650
28	0.68900
29	0.69150
30	0.69150
31	0.69300
32	0.69350
33	0.69350
34	0.69350
35	0.69400
36	0.69450
37	0.69450
38	0.69450
39	0.69450
40	0.69500
41	0.69500
42	0.69500
43	0.69500
44	0.69500
45	0.69500
46	0.69500
47	0.69500
48	0.69500
49	0.69500
50	0.69550
51	0.69550
52	0.69550
53	0.69550
54	0.69550
55	0.69600
56	0.69600
57	0.69600
58	0.69600
59	0.69600
60	0.69600
61	0.69600
62	0.69600
63	0.69600
64	0.69600
65	0.69600
66	0.69600
67	0.69600
68	0.69600
69	0.69600
70	0.69600
71	0.69600
72	0.69600
73	0.69600
74	0.69600
75	0.69600
76	0.69600
77	0.69600
78	0.69600
79	0.69600
80	0.69600
81	0.69600
82	0.69600
83	0.69600
84	0.69600
85	0.69600
86	0.69600
87	0.69600
88	0.69600
89	0.69600
90	0.69600
91	0.69600
92	0.69600
93	0.69600
94	0.69600
95	0.69600
96	0.69600
97	0.69600
98	0.69600
99	0.69600
