0	0.00000
1	0.00000
2	0.00000
3	0.06202
4	0.23049
5	0.43476
6	0.75556
7	1.06146
8	1.21599
9	1.34418
10	1.34114
11	1.23204
12	1.04659
13	0.84706
14	0.67365
15	0.51488
16	0.39521
17	0.29647
18	0.22434
19	0.17354
20	0.13267
21	0.10016
22	0.08674
23	0.07081
24	0.06005
25	0.05402
26	0.04533
27	0.03906
28	0.03106
29	0.02592
30	0.02208
31	0.01930
32	0.01318
33	0.01151
34	0.01009
35	0.00873
36	0.00658
37	0.00499
38	0.00358
39	0.00355
40	0.00199
41	0.00129
42	0.00169
43	0.00169
44	0.00120
45	0.00040
46	0.00040
47	0.00040
48	0.00040
49	0.00000
50	0.00000
51	0.00000
52	0.00031
53	0.00031
54	0.00031
55	0.00031
56	0.00031
57	0.00031
58	0.00031
59	0.00000
60	0.00000
61	0.00000
62	0.00000
63	0.00000
64	0.00000
65	0.00000
66	0.00000
67	0.00000
68	0.00000
69	0.00000
70	0.00000
71	0.00000
72	0.00000
73	0.00000
74	0.00000
75	0.00000
76	0.00000
77	0.00000
78	0.00000
79	0.00000
80	0.00000
81	0.00000
82	0.00000
83	0.00000
84	0.00000
85	0.00000
86	0.00000
87	0.00000
88	0.00000
89	0.00000
90	0.00000
91	0.00000
92	0.00000
93	0.00000
94	0.00000
95	0.00000
96	0.00000
97	0.00000
98	0.00000
99	0.00000
