0	0.00500
1	0.00550
2	0.00600
3	0.00600
4	0.00700
5	0.00800
6	0.00950
7	0.01050
8	0.01200
9	0.01500
10	0.01600
11	0.01800
12	0.01900
13	0.02050
14	0.02200
15	0.02300
16	0.02500
17	0.02750
18	0.02900
19	0.03250
20	0.03750
21	0.04250
22	0.04450
23	0.04800
24	0.05450
25	0.06050
26	0.06600
27	0.07350
28	0.08000
29	0.08800
30	0.09650
31	0.10500
32	0.11750
33	0.12600
34	0.13550
35	0.14900
36	0.15850
37	0.16900
38	0.17850
39	0.19250
40	0.20650
41	0.21700
42	0.23300
43	0.25100
44	0.26450
45	0.28050
46	0.29350
47	0.31000
48	0.32950
49	0.34650
50	0.35850
51	0.37300
52	0.38750
53	0.40350
54	0.42150
55	0.43850
56	0.46100
57	0.47700
58	0.49050
59	0.50300
60	0.52100
61	0.53950
62	0.55600
63	0.56950
64	0.58550
65	0.60100
66	0.61350
67	0.63350
68	0.64550
69	0.65900
70	0.66950
71	0.67900
72	0.68800
73	0.69850
74	0.71300
75	0.72500
76	0.73600
77	0.74350
78	0.75300
79	0.76000
80	0.76950
81	0.77650
82	0.78550
83	0.79350
84	0.80150
85	0.80700
86	0.81300
87	0.81950
88	0.82650
89	0.83100
90	0.83500
91	0.84250
92	0.85050
93	0.85600
94	0.86000
95	0.86850
96	0.87750
97	0.88250
98	0.88900
99	0.89300
100	0.89550
101	0.89700
102	0.90250
103	0.90650
104	0.90950
105	0.91350
106	0.91650
107	0.91850
108	0.92100
109	0.92250
110	0.92350
111	0.92650
112	0.93150
113	0.93550
114	0.94000
115	0.94300
116	0.94600
117	0.94700
118	0.94850
119	0.94950
120	0.95050
121	0.95150
122	0.95300
123	0.95450
124	0.95600
125	0.95700
126	0.95750
127	0.96050
128	0.96150
129	0.96450
130	0.96550
131	0.96700
132	0.96750
133	0.96850
134	0.96900
135	0.97050
136	0.97050
137	0.97150
138	0.97250
139	0.97250
140	0.97250
141	0.97350
142	0.97500
143	0.97600
144	0.97700
145	0.97900
146	0.97900
147	0.97900
148	0.97900
149	0.97900
