0	0.00000
1	0.00300
2	0.00050
3	0.00250
4	0.00250
5	0.00300
6	0.00200
7	0.00550
8	0.00250
9	0.00400
10	0.00250
11	0.00500
12	0.00400
13	0.00600
14	0.00600
15	0.00750
16	0.00950
17	0.01050
18	0.01000
19	0.01500
20	0.01600
21	0.01550
22	0.01050
23	0.01700
24	0.01900
25	0.02200
26	0.02300
27	0.02100
28	0.03100
29	0.02300
30	0.02000
31	0.02950
32	0.02400
33	0.02850
34	0.02450
35	0.03000
36	0.02900
37	0.02250
38	0.03000
39	0.02000
40	0.02650
41	0.02050
42	0.01900
43	0.01700
44	0.01750
45	0.01450
46	0.00850
47	0.00800
48	0.00900
49	0.00700
50	0.00800
51	0.00650
52	0.00550
53	0.00500
54	0.00450
55	0.00350
56	0.00300
57	0.00300
58	0.00300
59	0.00300
60	0.00150
61	0.00150
62	0.00100
63	0.00050
64	0.00100
65	0.00100
66	0.00050
67	0.00050
68	0.00000
69	0.00000
70	0.00000
71	0.00050
72	0.00050
73	0.00000
74	0.00000
75	0.00050
76	0.00000
77	0.00050
78	0.00000
79	0.00000
80	0.00000
81	0.00000
82	0.00000
83	0.00000
84	0.00000
85	0.00000
86	0.00000
87	0.00000
88	0.00000
89	0.00000
90	0.00000
91	0.00000
92	0.00000
93	0.00000
94	0.00000
95	0.00000
96	0.00000
97	0.00000
98	0.00000
99	0.00000
