0	0	0	0	0	0	
1	499	0	0	0	0	
2	498	0	0	0	0	
3	497	0	0	0	0	
4	495	0	0	0	0	
5	492	0	0	0	0	
6	0	491	0	0	0	
7	0	0	490	0	0	
8	0	0	0	490	0	
9	0	0	0	0	490	
10	0	0	0	0	490	
11	0	0	0	0	489	
12	0	0	0	0	489	
13	0	0	0	0	489	
14	0	0	0	0	489	
15	0	0	0	0	489	
16	0	0	0	0	489	
17	0	0	0	0	489	
18	0	0	0	0	488	
19	0	0	0	0	488	
20	0	0	0	0	488	
21	0	0	0	0	488	
22	0	0	0	0	488	
23	0	0	0	0	487	
24	0	0	0	0	487	
25	0	0	0	0	487	
26	0	0	0	0	487	
27	0	0	0	0	487	
28	0	0	0	0	487	
29	0	0	0	0	486	
30	0	0	0	0	486	
31	0	0	0	0	484	
32	0	0	0	0	483	
33	0	0	0	0	483	
34	0	0	0	0	483	
35	0	0	0	0	482	
36	0	0	0	0	480	
37	0	0	0	0	480	
38	0	0	0	0	478	
39	0	0	0	0	478	
40	0	0	0	0	478	
41	0	0	0	0	477	
42	0	0	0	0	476	
43	0	0	0	0	476	
44	0	0	0	0	476	
45	0	0	0	0	476	
46	0	0	0	0	474	
47	0	0	0	0	474	
48	0	0	0	0	474	
49	0	0	0	0	473	
50	0	0	0	0	473	
51	0	0	0	0	473	
52	0	0	0	0	473	
53	0	0	0	0	471	
54	0	0	0	0	471	
55	0	0	0	0	471	
56	0	0	0	0	471	
57	0	0	0	0	471	
58	0	0	0	0	471	
59	0	0	0	0	470	
60	0	0	0	0	470	
61	0	0	0	0	470	
62	0	0	0	0	470	
63	0	0	0	0	470	
64	0	0	0	0	470	
65	0	0	0	0	470	
66	0	0	0	0	470	
67	0	0	0	0	470	
68	0	0	0	0	470	
69	0	0	0	0	470	
70	0	0	0	0	470	
71	0	0	0	0	470	
72	0	0	0	0	470	
73	0	0	0	0	470	
74	0	0	0	0	470	
75	0	0	0	0	470	
76	0	0	0	0	470	
77	0	0	0	0	470	
78	0	0	0	0	470	
79	0	0	0	0	470	
80	0	0	0	0	470	
81	0	0	0	0	470	
82	0	0	0	0	470	
83	0	0	0	0	470	
84	0	0	0	0	470	
85	0	0	0	0	470	
86	0	0	0	0	470	
87	0	0	0	0	470	
88	0	0	0	0	470	
89	0	0	0	0	470	
90	0	0	0	0	470	
91	0	0	0	0	470	
92	0	0	0	0	470	
93	0	0	0	0	470	
94	0	0	0	0	470	
95	0	0	0	0	470	
96	0	0	0	0	470	
97	0	0	0	0	470	
98	0	0	0	0	470	
99	0	0	0	0	470	
