0	0	0	0	0	0	
1	746	0	0	0	0	
2	736	0	0	0	0	
3	639	63	0	0	0	
4	18	541	57	0	0	
5	0	15	415	52	0	
6	0	0	11	324	49	
7	0	0	0	9	353	
8	0	0	0	0	359	
9	0	0	0	0	359	
10	0	0	0	0	359	
11	0	0	0	0	359	
12	0	0	0	0	359	
13	0	0	0	0	359	
14	0	0	0	0	359	
15	0	0	0	0	359	
16	0	0	0	0	359	
17	0	0	0	0	359	
18	0	0	0	0	359	
19	0	0	0	0	359	
20	0	0	0	0	359	
21	0	0	0	0	359	
22	0	0	0	0	359	
23	0	0	0	0	359	
24	0	0	0	0	359	
25	0	0	0	0	359	
26	0	0	0	0	359	
27	0	0	0	0	359	
28	0	0	0	0	359	
29	0	0	0	0	359	
30	0	0	0	0	359	
31	0	0	0	0	359	
32	0	0	0	0	359	
33	0	0	0	0	359	
34	0	0	0	0	359	
35	0	0	0	0	359	
36	0	0	0	0	359	
37	0	0	0	0	359	
38	0	0	0	0	359	
39	0	0	0	0	359	
40	0	0	0	0	359	
41	0	0	0	0	359	
42	0	0	0	0	359	
43	0	0	0	0	359	
44	0	0	0	0	359	
45	0	0	0	0	359	
46	0	0	0	0	359	
47	0	0	0	0	359	
48	0	0	0	0	359	
49	0	0	0	0	359	
50	0	0	0	0	359	
51	0	0	0	0	359	
52	0	0	0	0	359	
53	0	0	0	0	359	
54	0	0	0	0	359	
55	0	0	0	0	359	
56	0	0	0	0	359	
57	0	0	0	0	359	
58	0	0	0	0	359	
59	0	0	0	0	359	
60	0	0	0	0	359	
61	0	0	0	0	359	
62	0	0	0	0	359	
63	0	0	0	0	359	
64	0	0	0	0	359	
65	0	0	0	0	359	
66	0	0	0	0	359	
67	0	0	0	0	359	
68	0	0	0	0	359	
69	0	0	0	0	359	
70	0	0	0	0	359	
71	0	0	0	0	359	
72	0	0	0	0	359	
73	0	0	0	0	359	
74	0	0	0	0	359	
75	0	0	0	0	359	
76	0	0	0	0	359	
77	0	0	0	0	359	
78	0	0	0	0	359	
79	0	0	0	0	359	
80	0	0	0	0	359	
81	0	0	0	0	359	
82	0	0	0	0	359	
83	0	0	0	0	359	
84	0	0	0	0	359	
85	0	0	0	0	359	
86	0	0	0	0	359	
87	0	0	0	0	359	
88	0	0	0	0	359	
89	0	0	0	0	359	
90	0	0	0	0	359	
91	0	0	0	0	359	
92	0	0	0	0	359	
93	0	0	0	0	359	
94	0	0	0	0	359	
95	0	0	0	0	359	
96	0	0	0	0	359	
97	0	0	0	0	359	
98	0	0	0	0	359	
99	0	0	0	0	359	
100	0	0	0	0	359	
101	0	0	0	0	359	
102	0	0	0	0	359	
103	0	0	0	0	359	
104	0	0	0	0	359	
105	0	0	0	0	359	
106	0	0	0	0	359	
107	0	0	0	0	359	
108	0	0	0	0	359	
109	0	0	0	0	359	
110	0	0	0	0	359	
111	0	0	0	0	359	
112	0	0	0	0	359	
113	0	0	0	0	359	
114	0	0	0	0	359	
115	0	0	0	0	359	
116	0	0	0	0	359	
117	0	0	0	0	359	
118	0	0	0	0	359	
119	0	0	0	0	359	
120	0	0	0	0	359	
121	0	0	0	0	359	
122	0	0	0	0	359	
123	0	0	0	0	359	
124	0	0	0	0	359	
125	0	0	0	0	359	
126	0	0	0	0	359	
127	0	0	0	0	359	
128	0	0	0	0	359	
129	0	0	0	0	359	
130	0	0	0	0	359	
131	0	0	0	0	359	
132	0	0	0	0	359	
133	0	0	0	0	359	
134	0	0	0	0	359	
135	0	0	0	0	359	
136	0	0	0	0	359	
137	0	0	0	0	359	
138	0	0	0	0	359	
139	0	0	0	0	359	
140	0	0	0	0	359	
141	0	0	0	0	359	
142	0	0	0	0	359	
143	0	0	0	0	359	
144	0	0	0	0	359	
145	0	0	0	0	359	
146	0	0	0	0	359	
147	0	0	0	0	359	
148	0	0	0	0	359	
149	0	0	0	0	359	
150	0	0	0	0	359	
