0	0.00500
1	0.00600
2	0.00600
3	0.00600
4	0.00600
5	0.00600
6	0.00600
7	0.00650
8	0.00700
9	0.00700
10	0.00700
11	0.00700
12	0.00750
13	0.00800
14	0.00800
15	0.00900
16	0.00900
17	0.01100
18	0.01200
19	0.01300
20	0.01450
21	0.01600
22	0.01900
23	0.02250
24	0.02350
25	0.02650
26	0.03000
27	0.03350
28	0.03800
29	0.03950
30	0.04400
31	0.04550
32	0.04900
33	0.05300
34	0.06000
35	0.06450
36	0.07150
37	0.07400
38	0.07850
39	0.08900
40	0.09400
41	0.10100
42	0.10650
43	0.11550
44	0.12600
45	0.13250
46	0.14350
47	0.15400
48	0.16400
49	0.17950
50	0.19050
51	0.20500
52	0.21650
53	0.23050
54	0.25450
55	0.27100
56	0.28350
57	0.30050
58	0.31600
59	0.32750
60	0.33950
61	0.35450
62	0.37300
63	0.38750
64	0.40850
65	0.42400
66	0.44100
67	0.45700
68	0.47700
69	0.49650
70	0.51350
71	0.52750
72	0.54100
73	0.56100
74	0.57800
75	0.58950
76	0.60400
77	0.61550
78	0.62750
79	0.63700
80	0.65150
81	0.66800
82	0.67800
83	0.69100
84	0.70250
85	0.71100
86	0.72150
87	0.72700
88	0.74150
89	0.75350
90	0.76300
91	0.77100
92	0.78100
93	0.79200
94	0.80200
95	0.81000
96	0.81450
97	0.82600
98	0.83350
99	0.83700
100	0.84650
101	0.85450
102	0.85750
103	0.86450
104	0.87300
105	0.87950
106	0.88150
107	0.88450
108	0.89050
109	0.89550
110	0.89850
111	0.90300
112	0.90700
113	0.91150
114	0.91600
115	0.91950
116	0.92100
117	0.92500
118	0.92850
119	0.92950
120	0.93200
121	0.93550
122	0.93700
123	0.93850
124	0.94100
125	0.94300
126	0.94650
127	0.94750
128	0.94800
129	0.95200
130	0.95400
131	0.95500
132	0.95600
133	0.95700
134	0.95950
135	0.96050
136	0.96200
137	0.96300
138	0.96550
139	0.96550
140	0.96600
141	0.96800
142	0.96950
143	0.97150
144	0.97150
145	0.97200
146	0.97250
147	0.97300
148	0.97300
149	0.97550
150	0.97650
151	0.97750
152	0.97750
153	0.97800
154	0.97850
155	0.97950
156	0.98100
157	0.98100
158	0.98250
159	0.98300
160	0.98400
161	0.98450
162	0.98450
163	0.98450
164	0.98450
165	0.98450
166	0.98500
167	0.98600
168	0.98600
169	0.98650
170	0.98650
171	0.98700
172	0.98750
173	0.98800
174	0.98800
175	0.98900
176	0.98900
177	0.99000
178	0.99000
179	0.99000
