0	0.00000
1	0.00000
2	0.00000
3	0.01291
4	0.01291
5	0.01291
6	0.01291
7	0.01292
8	0.01292
9	0.02463
10	0.01901
11	0.01901
12	0.01851
13	0.01827
14	0.04683
15	0.04625
16	0.03486
17	0.07866
18	0.07570
19	0.11953
20	0.16852
21	0.19027
22	0.22154
23	0.23234
24	0.29066
25	0.33277
26	0.29330
27	0.34936
28	0.42006
29	0.49210
30	0.53057
31	0.46724
32	0.48788
33	0.42070
34	0.39201
35	0.40161
36	0.45385
37	0.44042
38	0.50280
39	0.48621
40	0.50360
41	0.62568
42	0.56572
43	0.54320
44	0.49614
45	0.49055
46	0.49129
47	0.45978
48	0.45853
49	0.45147
50	0.41611
51	0.40643
52	0.34491
53	0.33064
54	0.30101
55	0.28524
56	0.29965
57	0.28851
58	0.24917
59	0.24338
60	0.22887
61	0.20204
62	0.19104
63	0.18101
64	0.18169
65	0.16846
66	0.17299
67	0.16860
68	0.17123
69	0.16449
70	0.15820
71	0.15874
72	0.14517
73	0.13146
74	0.12176
75	0.12720
76	0.11952
77	0.10415
78	0.09827
79	0.09148
80	0.08838
81	0.07936
82	0.07748
83	0.07888
84	0.07404
85	0.07277
86	0.07258
87	0.06744
88	0.06535
89	0.05547
90	0.05896
91	0.05914
92	0.05821
93	0.05543
94	0.05292
95	0.05491
96	0.05195
97	0.04818
98	0.04312
99	0.04553
100	0.04403
101	0.03837
102	0.03850
103	0.03857
104	0.03325
105	0.03322
106	0.03245
107	0.03034
108	0.02719
109	0.02260
110	0.02173
111	0.02248
112	0.02146
113	0.02003
114	0.01760
115	0.01705
116	0.01677
117	0.01859
118	0.01689
119	0.01715
120	0.01603
121	0.01586
122	0.01612
123	0.01783
124	0.01674
125	0.01497
126	0.01535
127	0.01365
128	0.01432
129	0.01297
130	0.01007
131	0.00823
132	0.00873
133	0.00760
134	0.00995
135	0.00678
136	0.00728
137	0.00741
138	0.00852
139	0.00757
140	0.00757
141	0.00511
142	0.00535
143	0.00531
144	0.00608
145	0.00560
146	0.00484
147	0.00284
148	0.00268
149	0.00305
150	0.00202
151	0.00299
152	0.00268
153	0.00203
154	0.00186
155	0.00151
156	0.00162
157	0.00166
158	0.00261
159	0.00138
160	0.00162
161	0.00168
162	0.00153
163	0.00153
164	0.00153
165	0.00034
166	0.00035
167	0.00020
168	0.00053
169	0.00073
170	0.00052
171	0.00087
172	0.00090
173	0.00094
174	0.00114
175	0.00060
176	0.00060
177	0.00305
178	0.00281
179	0.00280
