0	0.00000
1	0.00000
2	0.00000
3	0.00200
4	0.00150
5	0.00250
6	0.00300
7	0.00250
8	0.00300
9	0.00050
10	0.00200
11	0.00150
12	0.00250
13	0.00150
14	0.00300
15	0.00350
16	0.00150
17	0.00350
18	0.00400
19	0.00600
20	0.00500
21	0.00550
22	0.00550
23	0.00700
24	0.00550
25	0.00600
26	0.00500
27	0.00900
28	0.00750
29	0.00850
30	0.00450
31	0.00950
32	0.01000
33	0.00850
34	0.01700
35	0.01200
36	0.01000
37	0.01550
38	0.01000
39	0.01500
40	0.01250
41	0.01150
42	0.01250
43	0.01200
44	0.01400
45	0.01900
46	0.01550
47	0.01300
48	0.00950
49	0.00900
50	0.01300
51	0.00900
52	0.01150
53	0.00850
54	0.00850
55	0.00950
56	0.00900
57	0.01000
58	0.00850
59	0.01100
60	0.00850
61	0.00550
62	0.01000
63	0.00400
64	0.00450
65	0.00450
66	0.00450
67	0.00450
68	0.00500
69	0.00200
70	0.00200
71	0.00200
72	0.00150
73	0.00150
74	0.00100
75	0.00150
76	0.00150
77	0.00050
78	0.00150
79	0.00050
80	0.00100
81	0.00200
82	0.00050
83	0.00100
84	0.00100
85	0.00000
86	0.00000
87	0.00000
88	0.00050
89	0.00000
90	0.00000
91	0.00000
92	0.00050
93	0.00100
94	0.00000
95	0.00100
96	0.00000
97	0.00000
98	0.00000
99	0.00050
