0	0.00500
1	0.00500
2	0.00500
3	0.00700
4	0.00850
5	0.01100
6	0.01400
7	0.01650
8	0.01950
9	0.02000
10	0.02200
11	0.02350
12	0.02600
13	0.02750
14	0.03050
15	0.03400
16	0.03550
17	0.03900
18	0.04300
19	0.04900
20	0.05400
21	0.05950
22	0.06500
23	0.07200
24	0.07750
25	0.08350
26	0.08850
27	0.09750
28	0.10500
29	0.11350
30	0.11800
31	0.12750
32	0.13750
33	0.14600
34	0.16300
35	0.17500
36	0.18500
37	0.20050
38	0.21050
39	0.22550
40	0.23800
41	0.24950
42	0.26200
43	0.27400
44	0.28800
45	0.30700
46	0.32250
47	0.33550
48	0.34500
49	0.35400
50	0.36700
51	0.37600
52	0.38750
53	0.39600
54	0.40450
55	0.41400
56	0.42300
57	0.43300
58	0.44150
59	0.45250
60	0.46100
61	0.46650
62	0.47650
63	0.48050
64	0.48500
65	0.48950
66	0.49400
67	0.49850
68	0.50350
69	0.50550
70	0.50750
71	0.50950
72	0.51100
73	0.51250
74	0.51350
75	0.51500
76	0.51650
77	0.51700
78	0.51850
79	0.51900
80	0.52000
81	0.52200
82	0.52250
83	0.52350
84	0.52450
85	0.52450
86	0.52450
87	0.52450
88	0.52500
89	0.52500
90	0.52500
91	0.52500
92	0.52550
93	0.52650
94	0.52650
95	0.52750
96	0.52750
97	0.52750
98	0.52750
99	0.52800
