0	0.00000
1	0.00000
2	0.00000
3	0.00000
4	0.00000
5	0.27273
6	0.41667
7	0.69231
8	0.86667
9	0.83333
10	0.95000
11	0.81818
12	0.83333
13	0.80769
14	0.79310
15	0.66667
16	0.64865
17	0.61905
18	0.54348
19	0.52941
20	0.53571
21	0.60656
22	0.61194
23	0.63014
24	0.60494
25	0.61798
26	0.59794
27	0.56075
28	0.52586
29	0.53543
30	0.52174
31	0.50331
32	0.44785
33	0.44886
34	0.44737
35	0.42439
36	0.47511
37	0.47059
38	0.44531
39	0.45290
40	0.42230
41	0.42271
42	0.40000
43	0.37845
44	0.35751
45	0.33333
46	0.32110
47	0.32613
48	0.31902
49	0.30039
50	0.27072
51	0.24648
52	0.23569
53	0.21486
54	0.20342
55	0.18386
56	0.16908
57	0.15642
58	0.14634
59	0.14097
60	0.13350
61	0.13267
62	0.12714
63	0.11470
64	0.11462
65	0.10206
66	0.09111
67	0.08296
68	0.07508
69	0.06860
70	0.06336
71	0.05422
72	0.04639
73	0.04086
74	0.03546
75	0.03015
76	0.02597
77	0.02284
78	0.02075
79	0.01672
80	0.01567
81	0.01367
82	0.01266
83	0.01359
84	0.01260
85	0.01159
86	0.01157
87	0.00962
88	0.00768
89	0.00672
90	0.00575
91	0.00478
92	0.00382
93	0.00287
94	0.00286
95	0.00381
96	0.00286
97	0.00476
98	0.00381
99	0.00381
