0	0	0	0	0	0	
1	1000	0	0	0	0	
2	1000	0	0	0	0	
3	997	0	0	0	0	
4	995	0	0	0	0	
5	993	0	0	0	0	
6	0	989	0	0	0	
7	0	0	986	0	0	
8	0	0	0	984	0	
9	0	0	0	0	984	
10	0	0	0	0	984	
11	0	0	0	0	984	
12	0	0	0	0	983	
13	0	0	0	0	983	
14	0	0	0	0	983	
15	0	0	0	0	983	
16	0	0	0	0	983	
17	0	0	0	0	983	
18	0	0	0	0	982	
19	0	0	0	0	981	
20	0	0	0	0	981	
21	0	0	0	0	981	
22	0	0	0	0	980	
23	0	0	0	0	980	
24	0	0	0	0	980	
25	0	0	0	0	979	
26	0	0	0	0	978	
27	0	0	0	0	977	
28	0	0	0	0	977	
29	0	0	0	0	976	
30	0	0	0	0	976	
31	0	0	0	0	975	
32	0	0	0	0	975	
33	0	0	0	0	974	
34	0	0	0	0	974	
35	0	0	0	0	972	
36	0	0	0	0	971	
37	0	0	0	0	970	
38	0	0	0	0	970	
39	0	0	0	0	970	
40	0	0	0	0	969	
41	0	0	0	0	968	
42	0	0	0	0	967	
43	0	0	0	0	967	
44	0	0	0	0	966	
45	0	0	0	0	966	
46	0	0	0	0	965	
47	0	0	0	0	965	
48	0	0	0	0	961	
49	0	0	0	0	960	
50	0	0	0	0	957	
51	0	0	0	0	955	
52	0	0	0	0	954	
53	0	0	0	0	954	
54	0	0	0	0	954	
55	0	0	0	0	953	
56	0	0	0	0	950	
57	0	0	0	0	949	
58	0	0	0	0	949	
59	0	0	0	0	949	
60	0	0	0	0	947	
61	0	0	0	0	947	
62	0	0	0	0	944	
63	0	0	0	0	944	
64	0	0	0	0	944	
65	0	0	0	0	944	
66	0	0	0	0	944	
67	0	0	0	0	943	
68	0	0	0	0	942	
69	0	0	0	0	941	
70	0	0	0	0	941	
71	0	0	0	0	941	
72	0	0	0	0	941	
73	0	0	0	0	941	
74	0	0	0	0	941	
75	0	0	0	0	941	
76	0	0	0	0	941	
77	0	0	0	0	941	
78	0	0	0	0	941	
79	0	0	0	0	941	
80	0	0	0	0	941	
81	0	0	0	0	941	
82	0	0	0	0	941	
83	0	0	0	0	941	
84	0	0	0	0	940	
85	0	0	0	0	940	
86	0	0	0	0	940	
87	0	0	0	0	940	
88	0	0	0	0	940	
89	0	0	0	0	940	
90	0	0	0	0	940	
91	0	0	0	0	940	
92	0	0	0	0	940	
93	0	0	0	0	940	
94	0	0	0	0	940	
95	0	0	0	0	940	
96	0	0	0	0	940	
97	0	0	0	0	940	
98	0	0	0	0	940	
99	0	0	0	0	940	
