0	0	0	0	0	0	
1	500	0	0	0	0	
2	495	0	0	0	0	
3	429	51	0	0	0	
4	137	277	49	0	0	
5	38	88	263	48	0	
6	23	13	80	255	47	
7	23	2	11	75	295	
8	18	2	2	14	360	
9	13	1	2	7	364	
10	11	1	2	7	363	
11	7	1	2	7	362	
12	5	1	2	7	360	
13	3	1	2	7	360	
14	2	1	2	7	360	
15	1	0	2	7	360	
16	0	0	2	7	359	
17	0	0	2	7	359	
18	0	0	2	7	359	
19	0	0	2	7	359	
20	0	0	2	7	359	
21	0	0	2	7	359	
22	0	0	2	7	359	
23	0	0	2	7	359	
24	0	0	2	7	359	
25	0	0	2	7	359	
26	0	0	2	7	359	
27	0	0	2	7	359	
28	0	0	2	7	359	
29	0	0	2	7	359	
30	0	0	2	7	359	
31	0	0	2	7	359	
32	0	0	2	7	359	
33	0	0	2	7	359	
34	0	0	2	7	359	
35	0	0	2	7	359	
36	0	0	2	7	359	
37	0	0	2	7	359	
38	0	0	2	7	359	
39	0	0	2	7	359	
40	0	0	2	7	359	
41	0	0	2	7	359	
42	0	0	2	7	359	
43	0	0	2	7	359	
44	0	0	2	7	359	
45	0	0	2	7	359	
46	0	0	2	7	359	
47	0	0	2	7	359	
48	0	0	2	7	359	
49	0	0	2	7	359	
50	0	0	2	7	359	
51	0	0	2	7	359	
52	0	0	2	7	359	
53	0	0	2	7	359	
54	0	0	2	7	359	
55	0	0	2	7	359	
56	0	0	2	7	359	
57	0	0	2	7	359	
58	0	0	2	7	359	
59	0	0	2	7	359	
60	0	0	2	7	359	
61	0	0	2	7	359	
62	0	0	2	7	359	
63	0	0	2	7	359	
64	0	0	2	7	359	
65	0	0	2	7	359	
66	0	0	2	7	359	
67	0	0	2	7	359	
68	0	0	2	7	359	
69	0	0	2	7	359	
70	0	0	2	7	359	
71	0	0	2	7	359	
72	0	0	2	7	359	
73	0	0	2	7	359	
74	0	0	2	7	359	
75	0	0	2	7	359	
76	0	0	2	7	359	
77	0	0	2	7	359	
78	0	0	2	7	359	
79	0	0	2	7	359	
80	0	0	2	7	359	
81	0	0	2	7	359	
82	0	0	2	7	359	
83	0	0	2	7	359	
84	0	0	2	7	359	
85	0	0	2	7	359	
86	0	0	2	7	359	
87	0	0	2	7	359	
88	0	0	2	7	359	
89	0	0	2	7	359	
90	0	0	2	7	359	
91	0	0	2	7	359	
92	0	0	2	7	359	
93	0	0	2	7	359	
94	0	0	2	7	359	
95	0	0	2	7	359	
96	0	0	2	7	359	
97	0	0	2	7	359	
98	0	0	2	7	359	
99	0	0	2	7	359	
100	0	0	2	7	359	
101	0	0	2	7	359	
102	0	0	2	7	359	
103	0	0	2	7	359	
104	0	0	2	7	359	
105	0	0	2	7	359	
106	0	0	2	7	359	
107	0	0	2	7	359	
108	0	0	2	7	359	
109	0	0	2	7	359	
110	0	0	2	7	359	
111	0	0	2	7	359	
112	0	0	2	7	359	
113	0	0	2	7	359	
114	0	0	2	7	359	
115	0	0	2	7	359	
116	0	0	2	7	359	
117	0	0	2	7	359	
118	0	0	2	7	359	
119	0	0	2	7	359	
120	0	0	2	7	359	
121	0	0	2	7	359	
122	0	0	2	7	359	
123	0	0	2	7	359	
124	0	0	2	7	359	
125	0	0	2	7	359	
126	0	0	2	7	359	
127	0	0	2	7	359	
128	0	0	2	7	359	
129	0	0	2	7	359	
130	0	0	2	7	359	
131	0	0	2	7	359	
132	0	0	2	7	359	
133	0	0	2	7	359	
134	0	0	2	7	359	
135	0	0	2	7	359	
136	0	0	2	7	359	
137	0	0	2	7	359	
138	0	0	2	7	359	
139	0	0	2	7	359	
140	0	0	2	7	359	
141	0	0	2	7	359	
142	0	0	2	7	359	
143	0	0	2	7	359	
144	0	0	2	7	359	
145	0	0	2	7	359	
146	0	0	2	7	359	
147	0	0	2	7	359	
148	0	0	2	7	359	
149	0	0	2	7	359	
150	0	0	2	7	359	
151	0	0	2	7	359	
152	0	0	2	7	359	
153	0	0	2	7	359	
154	0	0	2	7	359	
155	0	0	2	7	359	
156	0	0	2	7	359	
157	0	0	2	7	359	
158	0	0	2	7	359	
159	0	0	2	7	359	
160	0	0	2	7	359	
161	0	0	2	7	359	
162	0	0	2	7	359	
163	0	0	2	7	359	
164	0	0	2	7	359	
165	0	0	2	7	359	
166	0	0	2	7	359	
167	0	0	2	7	359	
168	0	0	2	7	359	
169	0	0	2	7	359	
170	0	0	2	7	359	
171	0	0	2	7	359	
172	0	0	2	7	359	
173	0	0	2	7	359	
174	0	0	2	7	359	
175	0	0	2	7	359	
176	0	0	2	7	359	
177	0	0	2	7	359	
178	0	0	2	7	359	
179	0	0	2	7	359	
