0	0.00500
1	0.01200
2	0.03450
3	0.10250
4	0.24000
5	0.45050
6	0.64750
7	0.73800
8	0.76950
9	0.77800
10	0.77900
11	0.78000
12	0.78000
13	0.78000
14	0.78000
15	0.78000
16	0.78000
17	0.78000
18	0.78000
19	0.78000
20	0.78000
21	0.78000
22	0.78000
23	0.78000
24	0.78000
25	0.78000
26	0.78000
27	0.78000
28	0.78000
29	0.78000
30	0.78000
31	0.78000
32	0.78000
33	0.78000
34	0.78000
35	0.78000
36	0.78000
37	0.78000
38	0.78000
39	0.78000
40	0.78000
41	0.78000
42	0.78000
43	0.78000
44	0.78000
45	0.78000
46	0.78000
47	0.78000
48	0.78000
49	0.78000
50	0.78000
51	0.78000
52	0.78000
53	0.78000
54	0.78000
55	0.78000
56	0.78000
57	0.78000
58	0.78000
59	0.78000
60	0.78000
61	0.78000
62	0.78000
63	0.78000
64	0.78000
65	0.78000
66	0.78000
67	0.78000
68	0.78000
69	0.78000
70	0.78000
71	0.78000
72	0.78000
73	0.78000
74	0.78000
75	0.78000
76	0.78000
77	0.78000
78	0.78000
79	0.78000
80	0.78000
81	0.78000
82	0.78000
83	0.78000
84	0.78000
85	0.78000
86	0.78000
87	0.78000
88	0.78000
89	0.78000
90	0.78000
91	0.78000
92	0.78000
93	0.78000
94	0.78000
95	0.78000
96	0.78000
97	0.78000
98	0.78000
99	0.78000
100	0.78000
101	0.78000
102	0.78000
103	0.78000
104	0.78000
105	0.78000
106	0.78000
107	0.78000
108	0.78000
109	0.78000
110	0.78000
111	0.78000
112	0.78000
113	0.78000
114	0.78000
115	0.78000
116	0.78000
117	0.78000
118	0.78000
119	0.78000
120	0.78000
121	0.78000
122	0.78000
123	0.78000
124	0.78000
125	0.78000
126	0.78000
127	0.78000
128	0.78000
129	0.78000
130	0.78000
131	0.78000
132	0.78000
133	0.78000
134	0.78000
135	0.78000
136	0.78000
137	0.78000
138	0.78000
139	0.78000
140	0.78000
141	0.78000
142	0.78000
143	0.78000
144	0.78000
145	0.78000
146	0.78000
147	0.78000
148	0.78000
149	0.78000
