0	0.00000
1	0.00000
2	0.00000
3	0.00000
4	0.00000
5	0.00000
6	0.00000
7	0.00000
8	0.00000
9	0.00000
10	0.00000
11	0.00000
12	0.00000
13	0.01022
14	0.01896
15	0.01830
16	0.01868
17	0.02127
18	0.02302
19	0.02083
20	0.01991
21	0.03810
22	0.04616
23	0.06794
24	0.05773
25	0.05323
26	0.05075
27	0.05678
28	0.05000
29	0.04223
30	0.03783
31	0.04830
32	0.04583
33	0.05679
34	0.05252
35	0.05325
36	0.04755
37	0.04771
38	0.05170
39	0.04783
40	0.05197
41	0.04583
42	0.04766
43	0.04201
44	0.04188
45	0.04215
46	0.03947
47	0.03941
48	0.03558
49	0.03771
50	0.03524
51	0.03358
52	0.03072
53	0.02996
54	0.02807
55	0.02697
56	0.02444
57	0.02205
58	0.01926
59	0.01764
60	0.01718
61	0.01790
62	0.01704
63	0.01739
64	0.01665
65	0.01693
66	0.01635
67	0.01667
68	0.01653
69	0.01622
70	0.01229
71	0.01133
72	0.01031
73	0.00986
74	0.00921
75	0.00890
76	0.00777
77	0.00769
78	0.00636
79	0.00574
80	0.00565
81	0.00670
82	0.00534
83	0.00473
84	0.00468
85	0.00431
86	0.00477
87	0.00449
88	0.00448
89	0.00450
90	0.00451
91	0.00434
92	0.00404
93	0.00346
94	0.00325
95	0.00330
96	0.00250
97	0.00298
98	0.00239
99	0.00242
100	0.00219
101	0.00205
102	0.00176
103	0.00129
104	0.00128
105	0.00102
106	0.00103
107	0.00100
108	0.00072
109	0.00107
110	0.00106
111	0.00111
112	0.00120
113	0.00088
114	0.00104
115	0.00079
116	0.00104
117	0.00085
118	0.00084
119	0.00056
120	0.00041
121	0.00068
122	0.00020
123	0.00017
124	0.00017
125	0.00015
126	0.00016
127	0.00013
128	0.00015
129	0.00031
130	0.00031
131	0.00015
132	0.00000
133	0.00000
134	0.00000
135	0.00000
136	0.00000
137	0.00000
138	0.00022
139	0.00019
140	0.00022
141	0.00025
142	0.00000
143	0.00000
144	0.00000
145	0.00000
146	0.00000
147	0.00000
148	0.00000
149	0.00000
150	0.00000
151	0.00000
152	0.00000
153	0.00000
154	0.00000
155	0.00000
156	0.00000
157	0.00000
158	0.00000
159	0.00000
160	0.00000
161	0.00000
162	0.00000
163	0.00000
164	0.00000
165	0.00000
166	0.00000
167	0.00000
168	0.00000
169	0.00000
170	0.00000
171	0.00000
172	0.00000
173	0.00000
174	0.00000
175	0.00000
176	0.00000
177	0.00000
178	0.00000
179	0.00000
