0	0.00500
1	0.00550
2	0.00600
3	0.00650
4	0.00700
5	0.00800
6	0.00800
7	0.00850
8	0.00950
9	0.01150
10	0.01300
11	0.01400
12	0.01600
13	0.01750
14	0.01900
15	0.02000
16	0.02150
17	0.02300
18	0.02450
19	0.02800
20	0.03000
21	0.03650
22	0.03900
23	0.04200
24	0.04400
25	0.04950
26	0.05350
27	0.05600
28	0.05950
29	0.06650
30	0.07050
31	0.07600
32	0.08050
33	0.08700
34	0.09200
35	0.09750
36	0.10650
37	0.11300
38	0.12200
39	0.12950
40	0.13950
41	0.14750
42	0.15850
43	0.16950
44	0.17750
45	0.18650
46	0.20150
47	0.21300
48	0.22400
49	0.23400
50	0.24600
51	0.25950
52	0.27250
53	0.28750
54	0.29750
55	0.30850
56	0.31600
57	0.32650
58	0.33850
59	0.35400
60	0.36750
61	0.38450
62	0.40150
63	0.41850
64	0.43150
65	0.44600
66	0.46550
67	0.48200
68	0.49250
69	0.51000
70	0.52900
71	0.54200
72	0.55300
73	0.56450
74	0.58000
75	0.59200
76	0.59950
77	0.60900
78	0.62150
79	0.63700
80	0.64550
81	0.65500
82	0.66450
83	0.67350
84	0.68700
85	0.69800
86	0.70600
87	0.71350
88	0.72400
89	0.73250
90	0.74250
91	0.74750
92	0.75500
93	0.76450
94	0.77100
95	0.77900
96	0.78500
97	0.79300
98	0.79800
99	0.80300
100	0.80950
101	0.81600
102	0.82250
103	0.82650
104	0.83100
105	0.83550
106	0.83950
107	0.84650
108	0.85050
109	0.85650
110	0.86300
111	0.86450
112	0.87050
113	0.87450
114	0.87900
115	0.88350
116	0.88800
117	0.89000
118	0.89300
119	0.89650
120	0.89850
121	0.90150
122	0.90350
123	0.90750
124	0.90950
125	0.91050
126	0.91300
127	0.91500
128	0.91750
129	0.91850
130	0.91900
131	0.92100
132	0.92350
133	0.92600
134	0.92600
135	0.92900
136	0.93300
137	0.93450
138	0.93750
139	0.94050
140	0.94200
141	0.94300
142	0.94500
143	0.94550
144	0.94600
145	0.94700
146	0.94900
147	0.95000
148	0.95200
149	0.95350
150	0.95450
151	0.95500
152	0.95550
153	0.95550
154	0.95600
155	0.95600
156	0.95600
157	0.95650
158	0.95750
159	0.95750
160	0.95800
161	0.95800
162	0.95800
163	0.95800
164	0.95850
165	0.95850
166	0.95850
167	0.95850
168	0.95850
169	0.95850
170	0.95850
171	0.95900
172	0.95950
173	0.96100
174	0.96150
175	0.96250
176	0.96250
177	0.96350
178	0.96350
179	0.96400
