0	0.00000
1	0.00000
2	0.00000
3	0.01166
4	0.03470
5	0.03994
6	0.04490
7	0.07001
8	0.06665
9	0.07793
10	0.07340
11	0.09876
12	0.11437
13	0.17171
14	0.22968
15	0.21898
16	0.22596
17	0.22485
18	0.24858
19	0.25409
20	0.25136
21	0.31823
22	0.35318
23	0.50861
24	0.45767
25	0.43695
26	0.42793
27	0.49545
28	0.44402
29	0.42371
30	0.37220
31	0.46728
32	0.42406
33	0.45175
34	0.45264
35	0.48665
36	0.45070
37	0.42122
38	0.45570
39	0.43469
40	0.45208
41	0.43103
42	0.42334
43	0.38185
44	0.41810
45	0.39787
46	0.36441
47	0.34521
48	0.33123
49	0.32018
50	0.30424
51	0.28409
52	0.26340
53	0.26315
54	0.24966
55	0.24060
56	0.22425
57	0.20476
58	0.18864
59	0.17030
60	0.16115
61	0.16833
62	0.16353
63	0.17312
64	0.17146
65	0.16112
66	0.15371
67	0.15493
68	0.15251
69	0.14798
70	0.13271
71	0.13145
72	0.13354
73	0.12014
74	0.10555
75	0.09515
76	0.09387
77	0.08797
78	0.07400
79	0.07027
80	0.06891
81	0.07850
82	0.07319
83	0.07072
84	0.06844
85	0.06377
86	0.06794
87	0.06497
88	0.06218
89	0.06016
90	0.05961
91	0.05870
92	0.05769
93	0.04958
94	0.04760
95	0.04660
96	0.04461
97	0.04374
98	0.03877
99	0.03801
100	0.03646
101	0.03354
102	0.03195
103	0.03092
104	0.03023
105	0.02965
106	0.02711
107	0.02675
108	0.02506
109	0.02618
110	0.02566
111	0.02730
112	0.02701
113	0.02457
114	0.02442
115	0.02387
116	0.02220
117	0.02242
118	0.02347
119	0.01997
120	0.02081
121	0.02036
122	0.01810
123	0.01626
124	0.01503
125	0.01246
126	0.01290
127	0.01013
128	0.00957
129	0.01124
130	0.01076
131	0.00945
132	0.00821
133	0.00905
134	0.00959
135	0.00846
136	0.00501
137	0.00665
138	0.01057
139	0.01075
140	0.01281
141	0.01348
142	0.01237
143	0.01252
144	0.01237
145	0.00942
146	0.00684
147	0.00700
148	0.00735
149	0.00753
150	0.00801
151	0.00698
152	0.00663
153	0.00669
154	0.00566
155	0.00416
156	0.00372
157	0.00220
158	0.00160
159	0.00150
160	0.00123
161	0.00102
162	0.00115
163	0.00094
164	0.00096
165	0.00096
166	0.00076
167	0.00048
168	0.00048
169	0.00035
170	0.00035
171	0.00035
172	0.00036
173	0.00015
174	0.00048
175	0.00084
176	0.00142
177	0.00221
178	0.00209
179	0.00249
