0	0.00500
1	0.01200
2	0.02850
3	0.08850
4	0.21600
5	0.43050
6	0.63300
7	0.72400
8	0.75850
9	0.76550
10	0.76750
11	0.76750
12	0.76750
13	0.76750
14	0.76750
15	0.76750
16	0.76750
17	0.76750
18	0.76750
19	0.76750
20	0.76750
21	0.76750
22	0.76750
23	0.76750
24	0.76750
25	0.76750
26	0.76750
27	0.76750
28	0.76750
29	0.76750
30	0.76750
31	0.76750
32	0.76750
33	0.76750
34	0.76750
35	0.76750
36	0.76750
37	0.76750
38	0.76750
39	0.76750
40	0.76750
41	0.76750
42	0.76750
43	0.76750
44	0.76750
45	0.76750
46	0.76750
47	0.76750
48	0.76750
49	0.76750
50	0.76750
51	0.76750
52	0.76750
53	0.76750
54	0.76750
55	0.76750
56	0.76750
57	0.76750
58	0.76750
59	0.76750
60	0.76750
61	0.76750
62	0.76750
63	0.76750
64	0.76750
65	0.76750
66	0.76750
67	0.76750
68	0.76750
69	0.76750
70	0.76750
71	0.76750
72	0.76750
73	0.76750
74	0.76750
75	0.76750
76	0.76750
77	0.76750
78	0.76750
79	0.76750
80	0.76750
81	0.76750
82	0.76750
83	0.76750
84	0.76750
85	0.76750
86	0.76750
87	0.76750
88	0.76750
89	0.76750
90	0.76750
91	0.76750
92	0.76750
93	0.76750
94	0.76750
95	0.76750
96	0.76750
97	0.76750
98	0.76750
99	0.76750
100	0.76750
101	0.76750
102	0.76750
103	0.76750
104	0.76750
105	0.76750
106	0.76750
107	0.76750
108	0.76750
109	0.76750
110	0.76750
111	0.76750
112	0.76750
113	0.76750
114	0.76750
115	0.76750
116	0.76750
117	0.76750
118	0.76750
119	0.76750
120	0.76750
121	0.76750
122	0.76750
123	0.76750
124	0.76750
125	0.76750
126	0.76750
127	0.76750
128	0.76750
129	0.76750
130	0.76750
131	0.76750
132	0.76750
133	0.76750
134	0.76750
135	0.76750
136	0.76750
137	0.76750
138	0.76750
139	0.76750
140	0.76750
141	0.76750
142	0.76750
143	0.76750
144	0.76750
145	0.76750
146	0.76750
147	0.76750
148	0.76750
149	0.76750
