0	0	0	0	0	0	
1	746	0	0	0	0	
2	733	0	0	0	0	
3	38	655	0	0	0	
4	0	34	576	0	0	
5	0	0	23	490	0	
6	0	0	0	17	455	
7	0	0	0	0	467	
8	0	0	0	0	464	
9	0	0	0	0	464	
10	0	0	0	0	464	
11	0	0	0	0	464	
12	0	0	0	0	464	
13	0	0	0	0	464	
14	0	0	0	0	464	
15	0	0	0	0	464	
16	0	0	0	0	464	
17	0	0	0	0	464	
18	0	0	0	0	464	
19	0	0	0	0	464	
20	0	0	0	0	464	
21	0	0	0	0	464	
22	0	0	0	0	464	
23	0	0	0	0	464	
24	0	0	0	0	464	
25	0	0	0	0	464	
26	0	0	0	0	464	
27	0	0	0	0	464	
28	0	0	0	0	464	
29	0	0	0	0	464	
30	0	0	0	0	464	
31	0	0	0	0	464	
32	0	0	0	0	464	
33	0	0	0	0	464	
34	0	0	0	0	464	
35	0	0	0	0	464	
36	0	0	0	0	464	
37	0	0	0	0	464	
38	0	0	0	0	464	
39	0	0	0	0	464	
40	0	0	0	0	464	
41	0	0	0	0	464	
42	0	0	0	0	464	
43	0	0	0	0	464	
44	0	0	0	0	464	
45	0	0	0	0	464	
46	0	0	0	0	464	
47	0	0	0	0	464	
48	0	0	0	0	464	
49	0	0	0	0	464	
50	0	0	0	0	464	
51	0	0	0	0	464	
52	0	0	0	0	464	
53	0	0	0	0	464	
54	0	0	0	0	464	
55	0	0	0	0	464	
56	0	0	0	0	464	
57	0	0	0	0	464	
58	0	0	0	0	464	
59	0	0	0	0	464	
60	0	0	0	0	464	
61	0	0	0	0	464	
62	0	0	0	0	464	
63	0	0	0	0	464	
64	0	0	0	0	464	
65	0	0	0	0	464	
66	0	0	0	0	464	
67	0	0	0	0	464	
68	0	0	0	0	464	
69	0	0	0	0	464	
70	0	0	0	0	464	
71	0	0	0	0	464	
72	0	0	0	0	464	
73	0	0	0	0	464	
74	0	0	0	0	464	
75	0	0	0	0	464	
76	0	0	0	0	464	
77	0	0	0	0	464	
78	0	0	0	0	464	
79	0	0	0	0	464	
80	0	0	0	0	464	
81	0	0	0	0	464	
82	0	0	0	0	464	
83	0	0	0	0	464	
84	0	0	0	0	464	
85	0	0	0	0	464	
86	0	0	0	0	464	
87	0	0	0	0	464	
88	0	0	0	0	464	
89	0	0	0	0	464	
90	0	0	0	0	464	
91	0	0	0	0	464	
92	0	0	0	0	464	
93	0	0	0	0	464	
94	0	0	0	0	464	
95	0	0	0	0	464	
96	0	0	0	0	464	
97	0	0	0	0	464	
98	0	0	0	0	464	
99	0	0	0	0	464	
100	0	0	0	0	464	
101	0	0	0	0	464	
102	0	0	0	0	464	
103	0	0	0	0	464	
104	0	0	0	0	464	
105	0	0	0	0	464	
106	0	0	0	0	464	
107	0	0	0	0	464	
108	0	0	0	0	464	
109	0	0	0	0	464	
110	0	0	0	0	464	
111	0	0	0	0	464	
112	0	0	0	0	464	
113	0	0	0	0	464	
114	0	0	0	0	464	
115	0	0	0	0	464	
116	0	0	0	0	464	
117	0	0	0	0	464	
118	0	0	0	0	464	
119	0	0	0	0	464	
120	0	0	0	0	464	
121	0	0	0	0	464	
122	0	0	0	0	464	
123	0	0	0	0	464	
124	0	0	0	0	464	
125	0	0	0	0	464	
126	0	0	0	0	464	
127	0	0	0	0	464	
128	0	0	0	0	464	
129	0	0	0	0	464	
130	0	0	0	0	464	
131	0	0	0	0	464	
132	0	0	0	0	464	
133	0	0	0	0	464	
134	0	0	0	0	464	
135	0	0	0	0	464	
136	0	0	0	0	464	
137	0	0	0	0	464	
138	0	0	0	0	464	
139	0	0	0	0	464	
140	0	0	0	0	464	
141	0	0	0	0	464	
142	0	0	0	0	464	
143	0	0	0	0	464	
144	0	0	0	0	464	
145	0	0	0	0	464	
146	0	0	0	0	464	
147	0	0	0	0	464	
148	0	0	0	0	464	
149	0	0	0	0	464	
