0	0.00500
1	0.01350
2	0.04050
3	0.11050
4	0.26750
5	0.52600
6	0.76100
7	0.85350
8	0.87700
9	0.88300
10	0.88350
11	0.88450
12	0.88450
13	0.88450
14	0.88450
15	0.88450
16	0.88450
17	0.88450
18	0.88450
19	0.88450
20	0.88450
21	0.88450
22	0.88450
23	0.88450
24	0.88450
25	0.88450
26	0.88450
27	0.88450
28	0.88450
29	0.88450
30	0.88450
31	0.88450
32	0.88450
33	0.88450
34	0.88450
35	0.88450
36	0.88450
37	0.88450
38	0.88450
39	0.88450
40	0.88450
41	0.88450
42	0.88450
43	0.88450
44	0.88450
45	0.88450
46	0.88450
47	0.88450
48	0.88450
49	0.88450
50	0.88450
51	0.88450
52	0.88450
53	0.88450
54	0.88450
55	0.88450
56	0.88450
57	0.88450
58	0.88450
59	0.88450
60	0.88450
61	0.88450
62	0.88450
63	0.88450
64	0.88450
65	0.88450
66	0.88450
67	0.88450
68	0.88450
69	0.88450
70	0.88450
71	0.88450
72	0.88450
73	0.88450
74	0.88450
75	0.88450
76	0.88450
77	0.88450
78	0.88450
79	0.88450
80	0.88450
81	0.88450
82	0.88450
83	0.88450
84	0.88450
85	0.88450
86	0.88450
87	0.88450
88	0.88450
89	0.88450
90	0.88450
91	0.88450
92	0.88450
93	0.88450
94	0.88450
95	0.88450
96	0.88450
97	0.88450
98	0.88450
99	0.88450
100	0.88450
101	0.88450
102	0.88450
103	0.88450
104	0.88450
105	0.88450
106	0.88450
107	0.88450
108	0.88450
109	0.88450
110	0.88450
111	0.88450
112	0.88450
113	0.88450
114	0.88450
115	0.88450
116	0.88450
117	0.88450
118	0.88450
119	0.88450
120	0.88450
121	0.88450
122	0.88450
123	0.88450
124	0.88450
125	0.88450
126	0.88450
127	0.88450
128	0.88450
129	0.88450
130	0.88450
131	0.88450
132	0.88450
133	0.88450
134	0.88450
135	0.88450
136	0.88450
137	0.88450
138	0.88450
139	0.88450
140	0.88450
141	0.88450
142	0.88450
143	0.88450
144	0.88450
145	0.88450
146	0.88450
147	0.88450
148	0.88450
149	0.88450
