0	0	0	0	0	0	
1	744	0	0	0	0	
2	722	0	0	0	0	
3	644	26	0	0	0	
4	14	513	21	0	0	
5	6	36	324	16	0	
6	2	19	152	93	9	
7	0	11	132	75	22	
8	0	11	125	73	22	
9	0	11	125	73	22	
10	0	11	125	73	22	
11	0	11	125	73	22	
12	0	11	125	73	22	
13	0	11	125	73	22	
14	0	11	125	73	22	
15	0	11	125	73	22	
16	0	11	125	73	22	
17	0	11	125	73	22	
18	0	11	125	73	22	
19	0	11	125	73	22	
20	0	11	125	73	22	
21	0	11	125	73	22	
22	0	11	125	73	22	
23	0	11	125	73	22	
24	0	11	125	73	22	
25	0	11	125	73	22	
26	0	11	125	73	22	
27	0	11	125	73	22	
28	0	11	125	73	22	
29	0	11	125	73	22	
30	0	11	125	73	22	
31	0	11	125	73	22	
32	0	11	125	73	22	
33	0	11	125	73	22	
34	0	11	125	73	22	
35	0	11	125	73	22	
36	0	11	125	73	22	
37	0	11	125	73	22	
38	0	11	125	73	22	
39	0	11	125	73	22	
40	0	11	125	73	22	
41	0	11	125	73	22	
42	0	11	125	73	22	
43	0	11	125	73	22	
44	0	11	125	73	22	
45	0	11	125	73	22	
46	0	11	125	73	22	
47	0	11	125	73	22	
48	0	11	125	73	22	
49	0	11	125	73	22	
50	0	11	125	73	22	
51	0	11	125	73	22	
52	0	11	125	73	22	
53	0	11	125	73	22	
54	0	11	125	73	22	
55	0	11	125	73	22	
56	0	11	125	73	22	
57	0	11	125	73	22	
58	0	11	125	73	22	
59	0	11	125	73	22	
60	0	11	125	73	22	
61	0	11	125	73	22	
62	0	11	125	73	22	
63	0	11	125	73	22	
64	0	11	125	73	22	
65	0	11	125	73	22	
66	0	11	125	73	22	
67	0	11	125	73	22	
68	0	11	125	73	22	
69	0	11	125	73	22	
70	0	11	125	73	22	
71	0	11	125	73	22	
72	0	11	125	73	22	
73	0	11	125	73	22	
74	0	11	125	73	22	
75	0	11	125	73	22	
76	0	11	125	73	22	
77	0	11	125	73	22	
78	0	11	125	73	22	
79	0	11	125	73	22	
80	0	11	125	73	22	
81	0	11	125	73	22	
82	0	11	125	73	22	
83	0	11	125	73	22	
84	0	11	125	73	22	
85	0	11	125	73	22	
86	0	11	125	73	22	
87	0	11	125	73	22	
88	0	11	125	73	22	
89	0	11	125	73	22	
90	0	11	125	73	22	
91	0	11	125	73	22	
92	0	11	125	73	22	
93	0	11	125	73	22	
94	0	11	125	73	22	
95	0	11	125	73	22	
96	0	11	125	73	22	
97	0	11	125	73	22	
98	0	11	125	73	22	
99	0	11	125	73	22	
100	0	11	125	73	22	
101	0	11	125	73	22	
102	0	11	125	73	22	
103	0	11	125	73	22	
104	0	11	125	73	22	
105	0	11	125	73	22	
106	0	11	125	73	22	
107	0	11	125	73	22	
108	0	11	125	73	22	
109	0	11	125	73	22	
110	0	11	125	73	22	
111	0	11	125	73	22	
112	0	11	125	73	22	
113	0	11	125	73	22	
114	0	11	125	73	22	
115	0	11	125	73	22	
116	0	11	125	73	22	
117	0	11	125	73	22	
118	0	11	125	73	22	
119	0	11	125	73	22	
120	0	11	125	73	22	
121	0	11	125	73	22	
122	0	11	125	73	22	
123	0	11	125	73	22	
124	0	11	125	73	22	
125	0	11	125	73	22	
126	0	11	125	73	22	
127	0	11	125	73	22	
128	0	11	125	73	22	
129	0	11	125	73	22	
130	0	11	125	73	22	
131	0	11	125	73	22	
132	0	11	125	73	22	
133	0	11	125	73	22	
134	0	11	125	73	22	
135	0	11	125	73	22	
136	0	11	125	73	22	
137	0	11	125	73	22	
138	0	11	125	73	22	
139	0	11	125	73	22	
140	0	11	125	73	22	
141	0	11	125	73	22	
142	0	11	125	73	22	
143	0	11	125	73	22	
144	0	11	125	73	22	
145	0	11	125	73	22	
146	0	11	125	73	22	
147	0	11	125	73	22	
148	0	11	125	73	22	
149	0	11	125	73	22	
