0	0.01000
1	0.01600
2	0.02000
3	0.02600
4	0.04100
5	0.05500
6	0.07300
7	0.10400
8	0.15000
9	0.19900
10	0.27500
11	0.34300
12	0.43300
13	0.52200
14	0.59800
15	0.67500
16	0.73700
17	0.78600
18	0.81700
19	0.85000
20	0.87200
21	0.88500
22	0.89700
23	0.90300
24	0.91100
25	0.91500
26	0.91800
27	0.92200
28	0.92300
29	0.92400
30	0.92400
31	0.92400
32	0.92500
33	0.92500
34	0.92600
35	0.92700
36	0.92700
37	0.92700
38	0.92800
39	0.92800
40	0.92800
41	0.92900
42	0.93000
43	0.93000
44	0.93000
45	0.93000
46	0.93000
47	0.93000
48	0.93000
49	0.93000
50	0.93000
51	0.93000
52	0.93000
53	0.93000
54	0.93000
55	0.93000
56	0.93000
57	0.93000
58	0.93000
59	0.93000
60	0.93000
61	0.93000
62	0.93000
63	0.93000
64	0.93000
65	0.93000
66	0.93000
67	0.93000
68	0.93000
69	0.93000
70	0.93000
71	0.93000
72	0.93000
73	0.93000
74	0.93000
75	0.93000
76	0.93000
77	0.93000
78	0.93100
79	0.93100
80	0.93100
81	0.93100
82	0.93100
83	0.93100
84	0.93100
85	0.93100
86	0.93100
87	0.93100
88	0.93100
89	0.93100
90	0.93100
91	0.93100
92	0.93100
93	0.93100
94	0.93100
95	0.93100
96	0.93100
97	0.93100
98	0.93100
99	0.93100
100	0.93100
101	0.93100
102	0.93100
103	0.93100
104	0.93200
105	0.93200
106	0.93200
107	0.93200
108	0.93200
109	0.93200
110	0.93200
111	0.93300
112	0.93300
113	0.93300
114	0.93300
115	0.93300
116	0.93300
117	0.93300
118	0.93300
119	0.93300
120	0.93300
121	0.93300
122	0.93300
123	0.93300
124	0.93300
125	0.93300
126	0.93300
127	0.93300
128	0.93300
129	0.93300
130	0.93300
131	0.93300
132	0.93300
133	0.93300
134	0.93300
135	0.93300
136	0.93300
137	0.93300
138	0.93300
139	0.93300
140	0.93300
141	0.93300
142	0.93300
143	0.93300
144	0.93300
145	0.93300
146	0.93300
147	0.93300
148	0.93300
149	0.93300
150	0.93300
151	0.93300
152	0.93300
153	0.93300
154	0.93300
155	0.93300
156	0.93300
157	0.93300
158	0.93300
159	0.93300
160	0.93300
161	0.93400
162	0.93400
163	0.93400
164	0.93400
165	0.93400
166	0.93400
167	0.93400
168	0.93400
169	0.93400
170	0.93400
171	0.93400
172	0.93400
173	0.93400
174	0.93400
175	0.93400
176	0.93400
177	0.93400
178	0.93400
179	0.93400
180	0.93400
181	0.93400
182	0.93400
183	0.93400
184	0.93500
185	0.93500
186	0.93500
187	0.93500
188	0.93500
189	0.93500
190	0.93500
191	0.93500
192	0.93500
193	0.93500
194	0.93500
195	0.93500
196	0.93500
197	0.93500
198	0.93500
199	0.93500
