0	0.00000
1	0.00000
2	0.00000
3	0.22669
4	0.37191
5	0.59592
6	1.03713
7	1.08530
8	1.23183
9	1.42703
10	1.71839
11	1.83004
12	2.07377
13	2.02601
14	2.05470
15	2.04981
16	1.96801
17	1.91315
18	1.77772
19	1.65959
20	1.48613
21	1.36325
22	1.25821
23	1.16033
24	1.05714
25	0.97798
26	0.91405
27	0.85872
28	0.80404
29	0.76151
30	0.71509
31	0.67987
32	0.64688
33	0.61382
34	0.58831
35	0.55956
36	0.53614
37	0.51893
38	0.50024
39	0.48354
40	0.46635
41	0.44557
42	0.43322
43	0.42131
44	0.40924
45	0.39880
46	0.38688
47	0.37671
48	0.36811
49	0.35819
50	0.34982
51	0.34215
52	0.33413
53	0.32778
54	0.32165
55	0.31335
56	0.30766
57	0.30176
58	0.29606
59	0.29196
60	0.28588
61	0.28116
62	0.27625
63	0.27156
64	0.26734
65	0.26235
66	0.25959
67	0.25566
68	0.25145
69	0.24749
70	0.24485
71	0.24175
72	0.23669
73	0.23391
74	0.23081
75	0.22568
76	0.22292
77	0.21940
78	0.21551
79	0.21327
80	0.21064
81	0.20690
82	0.20574
83	0.20283
84	0.20091
85	0.19900
86	0.19647
87	0.19428
88	0.19208
89	0.19016
90	0.18817
91	0.18626
92	0.18463
93	0.18351
94	0.18174
95	0.18025
96	0.17781
97	0.17576
98	0.17494
99	0.17366
100	0.17148
101	0.17053
102	0.16939
103	0.16841
104	0.16586
105	0.16382
106	0.16170
107	0.16018
108	0.15837
109	0.15794
110	0.15730
111	0.15346
112	0.15206
113	0.15143
114	0.15011
115	0.14926
116	0.14815
117	0.14672
118	0.14522
119	0.14392
120	0.14321
121	0.14235
122	0.14185
123	0.14154
124	0.13974
125	0.13870
126	0.13813
127	0.13717
128	0.13620
129	0.13484
130	0.13417
131	0.13359
132	0.13264
133	0.13244
134	0.13151
135	0.13080
136	0.13010
137	0.12941
138	0.12898
139	0.12749
140	0.12703
141	0.12654
142	0.12525
143	0.12380
144	0.12317
145	0.12255
146	0.12164
147	0.12125
148	0.12081
149	0.12051
150	0.12000
151	0.11966
152	0.11907
153	0.11879
154	0.11802
155	0.11762
156	0.11686
157	0.11636
158	0.11575
159	0.11545
160	0.11424
161	0.11260
162	0.11260
163	0.11220
164	0.11182
165	0.11091
166	0.11017
167	0.11006
168	0.10983
169	0.10959
170	0.10877
171	0.10801
172	0.10783
173	0.10740
174	0.10691
175	0.10665
176	0.10607
177	0.10577
178	0.10530
179	0.10489
180	0.10460
181	0.10430
182	0.10372
183	0.10277
184	0.08866
185	0.08820
186	0.08788
187	0.08768
188	0.08735
189	0.08698
190	0.08625
191	0.08603
192	0.08582
193	0.08556
194	0.08522
195	0.08506
196	0.08506
197	0.08454
198	0.08394
199	0.08372
