0	0.00000
1	0.00000
2	0.00000
3	0.60238
4	0.71776
5	0.81524
6	0.98831
7	1.17144
8	1.35003
9	1.61132
10	1.73436
11	1.85868
12	1.92221
13	1.97093
14	1.98641
15	1.87477
16	1.78665
17	1.69195
18	1.56480
19	1.43025
20	1.32325
21	1.21734
22	1.10515
23	1.01067
24	0.92780
25	0.86348
26	0.80427
27	0.75254
28	0.69950
29	0.66065
30	0.62616
31	0.58960
32	0.56405
33	0.53435
34	0.51183
35	0.48847
36	0.46915
37	0.44874
38	0.43256
39	0.41584
40	0.40104
41	0.38601
42	0.37502
43	0.36107
44	0.35104
45	0.34045
46	0.33062
47	0.31967
48	0.31085
49	0.30283
50	0.29550
51	0.28838
52	0.28217
53	0.27412
54	0.26842
55	0.26040
56	0.25538
57	0.25052
58	0.24396
59	0.23970
60	0.23448
61	0.22878
62	0.22532
63	0.22042
64	0.21704
65	0.21159
66	0.20884
67	0.20518
68	0.20158
69	0.19780
70	0.19345
71	0.19228
72	0.18875
73	0.18505
74	0.18196
75	0.17956
76	0.17810
77	0.17376
78	0.17207
79	0.16883
80	0.16697
81	0.16433
82	0.16244
83	0.16033
84	0.15666
85	0.15534
86	0.15364
87	0.15093
88	0.14910
89	0.14785
90	0.14670
91	0.14402
92	0.14200
93	0.13917
94	0.13905
95	0.13760
96	0.13608
97	0.13409
98	0.13315
99	0.13118
100	0.12850
101	0.12804
102	0.12740
103	0.12541
104	0.12395
105	0.12361
106	0.12321
107	0.12142
108	0.11896
109	0.11719
110	0.11602
111	0.11517
112	0.11451
113	0.11404
114	0.11299
115	0.11200
116	0.11094
117	0.10963
118	0.10825
119	0.10769
120	0.10697
121	0.10512
122	0.10461
123	0.10396
124	0.10227
125	0.10189
126	0.10125
127	0.10038
128	0.09913
129	0.09850
130	0.09751
131	0.09740
132	0.09679
133	0.09612
134	0.09549
135	0.09523
136	0.09332
137	0.09237
138	0.09130
139	0.09090
140	0.09062
141	0.09004
142	0.08874
143	0.08812
144	0.08700
145	0.08665
146	0.08567
147	0.08567
148	0.08522
149	0.08481
150	0.08477
151	0.08471
152	0.08459
153	0.08392
154	0.08344
155	0.08228
156	0.08134
157	0.08117
158	0.08074
159	0.07966
160	0.07922
161	0.07800
162	0.07710
163	0.07601
164	0.07585
165	0.07558
166	0.07480
167	0.07454
168	0.07444
169	0.07431
170	0.07389
171	0.07353
172	0.07353
173	0.07292
174	0.07292
175	0.07278
176	0.07232
177	0.07220
178	0.07194
179	0.07155
180	0.07138
181	0.06958
182	0.06939
183	0.06919
184	0.06808
185	0.06740
186	0.06730
187	0.06730
188	0.06730
189	0.06665
190	0.06591
191	0.06581
192	0.06561
193	0.06494
194	0.06494
195	0.06446
196	0.06446
197	0.06396
198	0.06345
199	0.06332
