0	0.01000
1	0.01500
2	0.02500
3	0.03400
4	0.05000
5	0.07100
6	0.10200
7	0.15000
8	0.20200
9	0.26500
10	0.34200
11	0.42400
12	0.51100
13	0.58200
14	0.66100
15	0.74000
16	0.79500
17	0.83200
18	0.86000
19	0.88000
20	0.88900
21	0.90200
22	0.90800
23	0.91300
24	0.91500
25	0.91700
26	0.91800
27	0.91900
28	0.92100
29	0.92300
30	0.92600
31	0.92600
32	0.92700
33	0.92700
34	0.92700
35	0.92700
36	0.92700
37	0.92700
38	0.92700
39	0.92700
40	0.92800
41	0.92900
42	0.93100
43	0.93100
44	0.93200
45	0.93200
46	0.93300
47	0.93400
48	0.93400
49	0.93400
50	0.93400
51	0.93400
52	0.93400
53	0.93400
54	0.93400
55	0.93400
56	0.93400
57	0.93400
58	0.93400
59	0.93400
60	0.93400
61	0.93400
62	0.93400
63	0.93400
64	0.93400
65	0.93400
66	0.93400
67	0.93500
68	0.93500
69	0.93500
70	0.93500
71	0.93500
72	0.93500
73	0.93600
74	0.93600
75	0.93600
76	0.93600
77	0.93600
78	0.93600
79	0.93600
80	0.93600
81	0.93600
82	0.93600
83	0.93600
84	0.93600
85	0.93600
86	0.93600
87	0.93600
88	0.93600
89	0.93600
90	0.93600
91	0.93600
92	0.93600
93	0.93600
94	0.93600
95	0.93600
96	0.93600
97	0.93600
98	0.93600
99	0.93700
100	0.93700
101	0.93700
102	0.93700
103	0.93700
104	0.93700
105	0.93700
106	0.93700
107	0.93700
108	0.93700
109	0.93800
110	0.93800
111	0.93800
112	0.93800
113	0.93800
114	0.93800
115	0.93800
116	0.93800
117	0.93800
118	0.93800
119	0.93800
120	0.93800
121	0.93800
122	0.93800
123	0.93800
124	0.93800
125	0.93800
126	0.93800
127	0.93800
128	0.93800
129	0.93800
130	0.93800
131	0.93800
132	0.93800
133	0.93800
134	0.93800
135	0.93800
136	0.93800
137	0.93800
138	0.93800
139	0.93800
140	0.93800
141	0.93800
142	0.93800
143	0.93800
144	0.93800
145	0.93800
146	0.93800
147	0.93800
148	0.93800
149	0.93800
150	0.93800
151	0.93800
152	0.93800
153	0.93800
154	0.93800
155	0.93800
156	0.93800
157	0.93800
158	0.93800
159	0.93800
160	0.93800
161	0.93800
162	0.93800
163	0.93800
164	0.93800
165	0.93800
166	0.93800
167	0.93800
168	0.93800
169	0.93800
170	0.93800
171	0.93800
172	0.93800
173	0.93800
174	0.93800
175	0.93800
176	0.93800
177	0.93800
178	0.93800
179	0.93800
180	0.93800
181	0.93800
182	0.93800
183	0.93800
184	0.93800
185	0.93800
186	0.93800
187	0.93800
188	0.93800
189	0.93800
190	0.93800
191	0.93800
192	0.93800
193	0.93800
194	0.93800
195	0.93800
196	0.93800
197	0.93800
198	0.93800
199	0.93800
