0	0.00500
1	0.01000
2	0.01850
3	0.04050
4	0.07650
5	0.12850
6	0.21450
7	0.32200
8	0.45050
9	0.56550
10	0.65650
11	0.75000
12	0.81750
13	0.86400
14	0.89500
15	0.91700
16	0.93800
17	0.95450
18	0.96650
19	0.97100
20	0.97650
21	0.97950
22	0.98400
23	0.98450
24	0.98500
25	0.98600
26	0.98650
27	0.98800
28	0.98850
29	0.98900
30	0.98900
31	0.98900
32	0.98900
33	0.98900
34	0.98900
35	0.98900
36	0.98900
37	0.98900
38	0.98900
39	0.98900
40	0.98900
41	0.98900
42	0.98900
43	0.98900
44	0.98900
45	0.98900
46	0.98900
47	0.98900
48	0.98900
49	0.98900
50	0.98900
51	0.98900
52	0.98900
53	0.98900
54	0.98900
55	0.98900
56	0.98900
57	0.98900
58	0.98900
59	0.98900
60	0.98900
61	0.98900
62	0.98900
63	0.98900
64	0.98900
65	0.98900
66	0.98900
67	0.98900
68	0.98900
69	0.98900
70	0.98900
71	0.98900
72	0.98900
73	0.98900
74	0.98900
75	0.98900
76	0.98900
77	0.98900
78	0.98900
79	0.98900
80	0.98900
81	0.98900
82	0.98900
83	0.98900
84	0.98900
85	0.98900
86	0.98900
87	0.98900
88	0.98900
89	0.98900
90	0.98900
91	0.98900
92	0.98900
93	0.98900
94	0.98900
95	0.98900
96	0.98900
97	0.98900
98	0.98900
99	0.98900
