0	0.00500
1	0.00950
2	0.01750
3	0.03450
4	0.06800
5	0.11050
6	0.17100
7	0.24300
8	0.34000
9	0.44900
10	0.54000
11	0.61450
12	0.66700
13	0.70700
14	0.73100
15	0.75200
16	0.76400
17	0.77050
18	0.77350
19	0.77500
20	0.77650
21	0.77700
22	0.77700
23	0.77750
24	0.77800
25	0.77800
26	0.77800
27	0.77850
28	0.77850
29	0.77850
30	0.77850
31	0.77850
32	0.77850
33	0.77850
34	0.77850
35	0.77850
36	0.77850
37	0.77850
38	0.77850
39	0.77850
40	0.77850
41	0.77850
42	0.77850
43	0.77850
44	0.77850
45	0.77850
46	0.77850
47	0.77850
48	0.77850
49	0.77850
50	0.77850
51	0.77850
52	0.77850
53	0.77850
54	0.77850
55	0.77850
56	0.77850
57	0.77850
58	0.77850
59	0.77850
60	0.77850
61	0.77850
62	0.77850
63	0.77850
64	0.77850
65	0.77850
66	0.77850
67	0.77850
68	0.77850
69	0.77850
70	0.77850
71	0.77850
72	0.77850
73	0.77850
74	0.77850
75	0.77850
76	0.77850
77	0.77850
78	0.77850
79	0.77850
80	0.77850
81	0.77850
82	0.77850
83	0.77850
84	0.77850
85	0.77850
86	0.77850
87	0.77850
88	0.77850
89	0.77850
90	0.77850
91	0.77850
92	0.77850
93	0.77850
94	0.77850
95	0.77850
96	0.77850
97	0.77850
98	0.77850
99	0.77850
100	0.77850
101	0.77850
102	0.77850
103	0.77850
104	0.77850
105	0.77850
106	0.77850
107	0.77850
108	0.77850
109	0.77850
110	0.77850
111	0.77850
112	0.77850
113	0.77850
114	0.77850
115	0.77850
116	0.77850
117	0.77850
118	0.77850
119	0.77850
120	0.77850
121	0.77850
122	0.77850
123	0.77850
124	0.77850
125	0.77850
126	0.77850
127	0.77850
128	0.77850
129	0.77850
130	0.77850
131	0.77850
132	0.77850
133	0.77850
134	0.77850
135	0.77850
136	0.77850
137	0.77850
138	0.77850
139	0.77850
140	0.77850
141	0.77850
142	0.77850
143	0.77850
144	0.77850
145	0.77850
146	0.77850
147	0.77850
148	0.77850
149	0.77850
150	0.77850
151	0.77850
152	0.77850
153	0.77850
154	0.77850
155	0.77850
156	0.77850
157	0.77850
158	0.77850
159	0.77850
160	0.77850
161	0.77850
162	0.77850
163	0.77850
164	0.77850
165	0.77850
166	0.77850
167	0.77850
168	0.77850
169	0.77850
170	0.77850
171	0.77850
172	0.77850
173	0.77850
174	0.77850
175	0.77850
176	0.77850
177	0.77850
178	0.77850
179	0.77850
