0	0.00000
1	0.00000
2	0.00000
3	0.00000
4	0.00000
5	0.00000
6	0.00500
7	0.00000
8	0.00000
9	0.00500
10	0.00000
11	0.00000
12	0.00000
13	0.00000
14	0.00500
15	0.00000
16	0.00000
17	0.00000
18	0.00000
19	0.00500
20	0.01500
21	0.00500
22	0.01000
23	0.00000
24	0.00500
25	0.00000
26	0.00500
27	0.00000
28	0.01000
29	0.00500
30	0.00500
31	0.00500
32	0.00000
33	0.00500
34	0.00500
35	0.00500
36	0.00500
37	0.00500
38	0.00500
39	0.00500
40	0.00500
41	0.00500
42	0.00500
43	0.00500
44	0.02000
45	0.00000
46	0.00000
47	0.01500
48	0.00500
49	0.00500
50	0.01500
51	0.01000
52	0.00500
53	0.00500
54	0.01000
55	0.01000
56	0.00000
57	0.01500
58	0.01000
59	0.01000
60	0.01500
61	0.00500
62	0.01000
63	0.00000
64	0.02000
65	0.01000
66	0.00500
67	0.01000
68	0.01500
69	0.03000
70	0.02000
71	0.01500
72	0.01000
73	0.01500
74	0.00500
75	0.01500
76	0.01500
77	0.03000
78	0.01500
79	0.01000
80	0.01500
81	0.02000
82	0.00500
83	0.00500
84	0.00500
85	0.00500
86	0.01500
87	0.00000
88	0.01500
89	0.00500
90	0.00500
91	0.01000
92	0.00500
93	0.02500
94	0.00500
95	0.01000
96	0.01500
97	0.00500
98	0.01500
99	0.00000
100	0.01000
101	0.00500
102	0.00500
103	0.00000
104	0.01500
105	0.01500
106	0.01000
107	0.00500
108	0.00000
109	0.00500
110	0.00000
111	0.01000
112	0.00500
113	0.00000
114	0.00000
115	0.00000
116	0.00500
117	0.00500
118	0.00000
119	0.01000
120	0.00500
121	0.00000
122	0.00000
123	0.00000
124	0.00000
125	0.00000
126	0.00500
127	0.00500
128	0.00000
129	0.00000
130	0.00500
131	0.00000
132	0.00000
133	0.00500
134	0.00000
135	0.01500
136	0.00000
137	0.00000
138	0.00000
139	0.00000
140	0.00000
141	0.00000
142	0.00500
143	0.00000
144	0.00000
145	0.00000
146	0.00000
147	0.00000
148	0.00000
149	0.00000
150	0.00500
151	0.00000
152	0.00000
153	0.00000
154	0.00000
155	0.00000
156	0.00000
157	0.00000
158	0.00500
159	0.00000
160	0.00500
161	0.00000
162	0.00000
163	0.00000
164	0.00000
165	0.00000
166	0.00000
167	0.00000
168	0.00000
169	0.00000
170	0.00000
171	0.00000
172	0.00500
173	0.00000
174	0.00000
175	0.00000
176	0.00000
177	0.00000
178	0.00000
179	0.00000
180	0.00000
181	0.00000
182	0.00000
183	0.00000
184	0.00000
185	0.00000
186	0.00000
187	0.00000
188	0.00000
189	0.00000
190	0.00000
191	0.00000
192	0.00000
193	0.00000
194	0.00000
195	0.00000
196	0.00000
197	0.00000
198	0.00000
199	0.00000
