0	0.00000
1	0.00000
2	0.00000
3	0.00000
4	0.00000
5	0.00000
6	0.00000
7	0.00000
8	0.00000
9	0.00000
10	0.00000
11	0.02083
12	0.02083
13	0.02083
14	0.02083
15	0.02083
16	0.04167
17	0.04167
18	0.00000
19	0.00000
20	0.00000
21	0.00000
22	0.16667
23	0.19097
24	0.33067
25	0.25089
26	0.37591
27	0.37591
28	0.38636
29	0.07364
30	0.18798
31	0.36757
32	0.42765
33	0.44942
34	0.43165
35	0.41878
36	0.38175
37	0.17460
38	0.10516
39	0.06349
40	0.05357
41	0.05357
42	0.05285
43	0.05417
44	0.12153
45	0.10903
46	0.25642
47	0.18913
48	0.15163
49	0.38424
50	0.40236
51	0.35007
52	0.39663
53	0.46526
54	0.43290
55	0.46767
56	0.29161
57	0.32109
58	0.24067
59	0.25365
60	0.24430
61	0.26412
62	0.32440
63	0.30486
64	0.28045
65	0.24108
66	0.28322
67	0.20149
68	0.20701
69	0.19529
70	0.14812
71	0.19772
72	0.18081
73	0.16643
74	0.17358
75	0.19065
76	0.13671
77	0.13591
78	0.15848
79	0.23301
80	0.24609
81	0.24511
82	0.17176
83	0.16412
84	0.13112
85	0.11734
86	0.09125
87	0.06059
88	0.07573
89	0.05830
90	0.06659
91	0.06589
92	0.05044
93	0.04637
94	0.05267
95	0.05663
96	0.06902
97	0.07264
98	0.08499
99	0.08910
100	0.08237
101	0.07595
102	0.05692
103	0.02004
104	0.03300
105	0.01049
106	0.01290
107	0.01796
108	0.03113
109	0.02671
110	0.02502
111	0.02543
112	0.02543
113	0.02586
114	0.00642
115	0.00443
116	0.00443
117	0.00443
118	0.01054
119	0.01542
120	0.01599
121	0.00488
122	0.00488
123	0.00488
124	0.00488
125	0.00000
126	0.00000
127	0.00000
128	0.00000
129	0.00000
130	0.00000
131	0.00000
132	0.00000
133	0.00000
134	0.00000
135	0.00783
136	0.00000
137	0.00411
138	0.00411
139	0.00411
140	0.00411
141	0.00411
142	0.00411
143	0.00411
144	0.00000
145	0.00000
146	0.00000
147	0.00000
148	0.00000
149	0.00000
150	0.00000
151	0.00000
152	0.00000
153	0.00000
154	0.00000
155	0.00000
156	0.00000
157	0.00000
158	0.00000
159	0.00000
160	0.00000
161	0.00000
162	0.00000
163	0.00000
164	0.00000
165	0.00000
166	0.00000
167	0.00000
168	0.00000
169	0.00000
170	0.00000
171	0.00000
172	0.00000
173	0.00000
174	0.00000
175	0.00000
176	0.00000
177	0.00000
178	0.00000
179	0.00000
180	0.00000
181	0.00000
182	0.00000
183	0.00000
184	0.00000
185	0.00000
186	0.00000
187	0.00000
188	0.00000
189	0.00000
190	0.00000
191	0.00000
192	0.00000
193	0.00000
194	0.00000
195	0.00000
196	0.00000
197	0.00000
198	0.00000
199	0.00000
