0	0.00000
1	0.00000
2	0.00050
3	0.00100
4	0.00050
5	0.00150
6	0.00150
7	0.00250
8	0.00250
9	0.00250
10	0.00150
11	0.00100
12	0.00200
13	0.00300
14	0.00100
15	0.00350
16	0.00050
17	0.00100
18	0.00200
19	0.00250
20	0.00200
21	0.00350
22	0.00450
23	0.00150
24	0.00250
25	0.00500
26	0.00400
27	0.00250
28	0.00650
29	0.00450
30	0.00450
31	0.00650
32	0.00500
33	0.00650
34	0.00600
35	0.00600
36	0.00750
37	0.00550
38	0.00950
39	0.00900
40	0.00950
41	0.00950
42	0.01100
43	0.01150
44	0.01000
45	0.01050
46	0.01000
47	0.01300
48	0.01100
49	0.01100
50	0.01250
51	0.01450
52	0.01500
53	0.01450
54	0.01200
55	0.01300
56	0.01100
57	0.01500
58	0.01250
59	0.01150
60	0.01300
61	0.00900
62	0.01000
63	0.01700
64	0.01100
65	0.01000
66	0.01250
67	0.01250
68	0.01050
69	0.01000
70	0.01100
71	0.01300
72	0.00800
73	0.00950
74	0.00550
75	0.00800
76	0.00600
77	0.01100
78	0.00500
79	0.00650
80	0.00500
81	0.00450
82	0.00400
83	0.00250
84	0.00250
85	0.00600
86	0.00250
87	0.00300
88	0.00450
89	0.00500
90	0.00300
91	0.00300
92	0.00100
93	0.00350
94	0.00050
95	0.00150
96	0.00200
97	0.00100
98	0.00100
99	0.00050
100	0.00150
101	0.00000
102	0.00050
103	0.00200
104	0.00100
105	0.00100
106	0.00100
107	0.00100
108	0.00200
109	0.00000
110	0.00000
111	0.00000
112	0.00000
113	0.00050
114	0.00050
115	0.00000
116	0.00000
117	0.00000
118	0.00000
119	0.00150
120	0.00000
121	0.00000
122	0.00050
123	0.00000
124	0.00050
125	0.00000
126	0.00050
127	0.00000
128	0.00000
129	0.00000
130	0.00050
131	0.00000
132	0.00000
133	0.00000
134	0.00000
135	0.00000
136	0.00000
137	0.00050
138	0.00000
139	0.00000
140	0.00000
141	0.00000
142	0.00000
143	0.00050
144	0.00000
145	0.00000
146	0.00000
147	0.00000
148	0.00000
149	0.00000
