0	0.00500
1	0.00500
2	0.00550
3	0.00650
4	0.00700
5	0.00850
6	0.01000
7	0.01250
8	0.01500
9	0.01750
10	0.01900
11	0.02000
12	0.02200
13	0.02500
14	0.02600
15	0.02950
16	0.03000
17	0.03100
18	0.03300
19	0.03550
20	0.03750
21	0.04100
22	0.04550
23	0.04700
24	0.04950
25	0.05450
26	0.05850
27	0.06100
28	0.06750
29	0.07200
30	0.07650
31	0.08300
32	0.08800
33	0.09450
34	0.10050
35	0.10650
36	0.11400
37	0.11950
38	0.12900
39	0.13800
40	0.14750
41	0.15700
42	0.16800
43	0.17950
44	0.18950
45	0.20000
46	0.21000
47	0.22300
48	0.23400
49	0.24500
50	0.25750
51	0.27200
52	0.28700
53	0.30150
54	0.31350
55	0.32650
56	0.33750
57	0.35250
58	0.36500
59	0.37650
60	0.38950
61	0.39850
62	0.40850
63	0.42550
64	0.43650
65	0.44650
66	0.45900
67	0.47150
68	0.48200
69	0.49200
70	0.50300
71	0.51600
72	0.52400
73	0.53350
74	0.53900
75	0.54700
76	0.55300
77	0.56400
78	0.56900
79	0.57550
80	0.58050
81	0.58500
82	0.58900
83	0.59150
84	0.59400
85	0.60000
86	0.60250
87	0.60550
88	0.61000
89	0.61500
90	0.61800
91	0.62100
92	0.62200
93	0.62550
94	0.62600
95	0.62750
96	0.62950
97	0.63050
98	0.63150
99	0.63200
100	0.63350
101	0.63350
102	0.63400
103	0.63600
104	0.63700
105	0.63800
106	0.63900
107	0.64000
108	0.64200
109	0.64200
110	0.64200
111	0.64200
112	0.64200
113	0.64250
114	0.64300
115	0.64300
116	0.64300
117	0.64300
118	0.64300
119	0.64450
120	0.64450
121	0.64450
122	0.64500
123	0.64500
124	0.64550
125	0.64550
126	0.64600
127	0.64600
128	0.64600
129	0.64600
130	0.64650
131	0.64650
132	0.64650
133	0.64650
134	0.64650
135	0.64650
136	0.64650
137	0.64700
138	0.64700
139	0.64700
140	0.64700
141	0.64700
142	0.64700
143	0.64750
144	0.64750
145	0.64750
146	0.64750
147	0.64750
148	0.64750
149	0.64750
