0	0	0	0	0	0	
1	750	0	0	0	0	
2	749	0	0	0	0	
3	747	0	0	0	0	
4	747	0	0	0	0	
5	372	373	0	0	0	
6	153	219	371	0	0	
7	6	147	219	369	0	
8	0	6	147	219	368	
9	0	0	6	146	587	
10	0	0	0	6	733	
11	0	0	0	0	739	
12	0	0	0	0	739	
13	0	0	0	0	739	
14	0	0	0	0	739	
15	0	0	0	0	739	
16	0	0	0	0	739	
17	0	0	0	0	739	
18	0	0	0	0	739	
19	0	0	0	0	738	
20	0	0	0	0	738	
21	0	0	0	0	737	
22	0	0	0	0	737	
23	0	0	0	0	737	
24	0	0	0	0	737	
25	0	0	0	0	737	
26	0	0	0	0	737	
27	0	0	0	0	737	
28	0	0	0	0	736	
29	0	0	0	0	735	
30	0	0	0	0	735	
31	0	0	0	0	735	
32	0	0	0	0	734	
33	0	0	0	0	734	
34	0	0	0	0	734	
35	0	0	0	0	734	
36	0	0	0	0	733	
37	0	0	0	0	733	
38	0	0	0	0	733	
39	0	0	0	0	732	
40	0	0	0	0	732	
41	0	0	0	0	732	
42	0	0	0	0	731	
43	0	0	0	0	730	
44	0	0	0	0	730	
45	0	0	0	0	729	
46	0	0	0	0	729	
47	0	0	0	0	729	
48	0	0	0	0	729	
49	0	0	0	0	729	
50	0	0	0	0	729	
51	0	0	0	0	729	
52	0	0	0	0	726	
53	0	0	0	0	726	
54	0	0	0	0	726	
55	0	0	0	0	725	
56	0	0	0	0	725	
57	0	0	0	0	725	
58	0	0	0	0	723	
59	0	0	0	0	722	
60	0	0	0	0	722	
61	0	0	0	0	722	
62	0	0	0	0	720	
63	0	0	0	0	720	
64	0	0	0	0	720	
65	0	0	0	0	720	
66	0	0	0	0	720	
67	0	0	0	0	720	
68	0	0	0	0	720	
69	0	0	0	0	720	
70	0	0	0	0	719	
71	0	0	0	0	719	
72	0	0	0	0	718	
73	0	0	0	0	717	
74	0	0	0	0	716	
75	0	0	0	0	716	
76	0	0	0	0	713	
77	0	0	0	0	711	
78	0	0	0	0	711	
79	0	0	0	0	708	
80	0	0	0	0	708	
81	0	0	0	0	708	
82	0	0	0	0	708	
83	0	0	0	0	708	
84	0	0	0	0	708	
85	0	0	0	0	708	
86	0	0	0	0	708	
87	0	0	0	0	707	
88	0	0	0	0	706	
89	0	0	0	0	706	
90	0	0	0	0	706	
91	0	0	0	0	706	
92	0	0	0	0	706	
93	0	0	0	0	706	
94	0	0	0	0	706	
95	0	0	0	0	706	
96	0	0	0	0	706	
97	0	0	0	0	706	
98	0	0	0	0	706	
99	0	0	0	0	706	
100	0	0	0	0	706	
101	0	0	0	0	706	
102	0	0	0	0	706	
103	0	0	0	0	706	
104	0	0	0	0	706	
105	0	0	0	0	706	
106	0	0	0	0	706	
107	0	0	0	0	706	
108	0	0	0	0	706	
109	0	0	0	0	706	
110	0	0	0	0	706	
111	0	0	0	0	706	
112	0	0	0	0	706	
113	0	0	0	0	706	
114	0	0	0	0	706	
115	0	0	0	0	706	
116	0	0	0	0	706	
117	0	0	0	0	706	
118	0	0	0	0	706	
119	0	0	0	0	705	
120	0	0	0	0	705	
121	0	0	0	0	705	
122	0	0	0	0	704	
123	0	0	0	0	704	
124	0	0	0	0	704	
125	0	0	0	0	704	
126	0	0	0	0	703	
127	0	0	0	0	703	
128	0	0	0	0	703	
129	0	0	0	0	703	
130	0	0	0	0	703	
131	0	0	0	0	703	
132	0	0	0	0	703	
133	0	0	0	0	703	
134	0	0	0	0	703	
135	0	0	0	0	703	
136	0	0	0	0	703	
137	0	0	0	0	703	
138	0	0	0	0	703	
139	0	0	0	0	703	
140	0	0	0	0	703	
141	0	0	0	0	703	
142	0	0	0	0	703	
143	0	0	0	0	703	
144	0	0	0	0	703	
145	0	0	0	0	703	
146	0	0	0	0	703	
147	0	0	0	0	703	
148	0	0	0	0	703	
149	0	0	0	0	703	
