0	0.00000
1	0.00000
2	0.00000
3	0.03967
4	0.13563
5	0.28953
6	0.55081
7	0.89021
8	1.29154
9	1.44344
10	1.54616
11	1.58909
12	1.38504
13	1.13073
14	0.89732
15	0.67386
16	0.48782
17	0.34857
18	0.24358
19	0.17428
20	0.12071
21	0.08869
22	0.06280
23	0.05296
24	0.03799
25	0.03188
26	0.02432
27	0.02059
28	0.01440
29	0.01086
30	0.00620
31	0.00369
32	0.00207
33	0.00123
34	0.00123
35	0.00110
36	0.00110
37	0.00110
38	0.00110
39	0.00000
40	0.00000
41	0.00000
42	0.00000
43	0.00000
44	0.00000
45	0.00000
46	0.00000
47	0.00000
48	0.00000
49	0.00000
50	0.00000
51	0.00000
52	0.00000
53	0.00000
54	0.00000
55	0.00000
56	0.00000
57	0.00000
58	0.00000
59	0.00000
60	0.00000
61	0.00000
62	0.00000
63	0.00000
64	0.00000
65	0.00000
66	0.00000
67	0.00000
68	0.00000
69	0.00000
70	0.00000
71	0.00000
72	0.00000
73	0.00000
74	0.00000
75	0.00000
76	0.00000
77	0.00000
78	0.00000
79	0.00000
80	0.00000
81	0.00000
82	0.00000
83	0.00000
84	0.00000
85	0.00000
86	0.00000
87	0.00000
88	0.00000
89	0.00000
90	0.00000
91	0.00000
92	0.00000
93	0.00000
94	0.00000
95	0.00000
96	0.00000
97	0.00000
98	0.00000
99	0.00000
