0	0.00500
1	0.00650
2	0.01000
3	0.01550
4	0.02900
5	0.05100
6	0.08800
7	0.13200
8	0.19000
9	0.24550
10	0.30650
11	0.36350
12	0.41900
13	0.47200
14	0.51600
15	0.54950
16	0.57350
17	0.59500
18	0.61500
19	0.63100
20	0.64750
21	0.65500
22	0.66350
23	0.66950
24	0.67450
25	0.67750
26	0.67850
27	0.68250
28	0.68450
29	0.68600
30	0.68800
31	0.68950
32	0.69050
33	0.69100
34	0.69100
35	0.69100
36	0.69100
37	0.69150
38	0.69150
39	0.69150
40	0.69150
41	0.69200
42	0.69250
43	0.69250
44	0.69300
45	0.69300
46	0.69300
47	0.69300
48	0.69350
49	0.69400
50	0.69450
51	0.69450
52	0.69450
53	0.69450
54	0.69450
55	0.69450
56	0.69450
57	0.69450
58	0.69450
59	0.69450
60	0.69450
61	0.69450
62	0.69450
63	0.69450
64	0.69450
65	0.69450
66	0.69450
67	0.69450
68	0.69450
69	0.69450
70	0.69450
71	0.69450
72	0.69450
73	0.69450
74	0.69450
75	0.69450
76	0.69450
77	0.69450
78	0.69450
79	0.69450
80	0.69450
81	0.69450
82	0.69450
83	0.69450
84	0.69450
85	0.69450
86	0.69450
87	0.69450
88	0.69450
89	0.69450
90	0.69450
91	0.69450
92	0.69450
93	0.69450
94	0.69450
95	0.69450
96	0.69450
97	0.69450
98	0.69450
99	0.69450
