0	0.00000
1	0.00000
2	0.00000
3	0.02954
4	0.09335
5	0.20658
6	0.45129
7	0.85009
8	1.16357
9	1.31596
10	1.36006
11	1.27530
12	1.14809
13	1.02145
14	0.84137
15	0.68401
16	0.52861
17	0.40203
18	0.29767
19	0.22571
20	0.17409
21	0.13515
22	0.11166
23	0.08684
24	0.07142
25	0.06112
26	0.05093
27	0.04092
28	0.03212
29	0.02800
30	0.02374
31	0.01867
32	0.01562
33	0.01451
34	0.01302
35	0.01262
36	0.00870
37	0.00709
38	0.00563
39	0.00445
40	0.00244
41	0.00123
42	0.00062
43	0.00125
44	0.00171
45	0.00170
46	0.00166
47	0.00166
48	0.00166
49	0.00167
50	0.00158
51	0.00167
52	0.00167
53	0.00111
54	0.00111
55	0.00111
56	0.00111
57	0.00050
58	0.00001
59	0.00000
60	0.00000
61	0.00000
62	0.00000
63	0.00000
64	0.00000
65	0.00000
66	0.00000
67	0.00000
68	0.00000
69	0.00000
70	0.00000
71	0.00000
72	0.00000
73	0.00000
74	0.00000
75	0.00000
76	0.00000
77	0.00000
78	0.00000
79	0.00000
80	0.00000
81	0.00000
82	0.00000
83	0.00000
84	0.00000
85	0.00000
86	0.00000
87	0.00000
88	0.00000
89	0.00000
90	0.00000
91	0.00000
92	0.00000
93	0.00000
94	0.00000
95	0.00000
96	0.00000
97	0.00000
98	0.00000
99	0.00000
