0	0.00000
1	0.00000
2	0.00000
3	0.04518
4	0.27925
5	0.56181
6	0.80414
7	1.15636
8	1.40586
9	1.38219
10	1.55746
11	1.37917
12	1.17789
13	1.01541
14	0.83062
15	0.68294
16	0.52388
17	0.41407
18	0.31777
19	0.24374
20	0.18180
21	0.13950
22	0.11041
23	0.08668
24	0.06871
25	0.05774
26	0.04862
27	0.04165
28	0.03235
29	0.02626
30	0.02071
31	0.01502
32	0.01107
33	0.00698
34	0.00457
35	0.00380
36	0.00205
37	0.00176
38	0.00129
39	0.00114
40	0.00110
41	0.00057
42	0.00051
43	0.00034
44	0.00012
45	0.00012
46	0.00000
47	0.00000
48	0.00000
49	0.00000
50	0.00000
51	0.00000
52	0.00000
53	0.00000
54	0.00000
55	0.00000
56	0.00000
57	0.00000
58	0.00000
59	0.00000
60	0.00000
61	0.00000
62	0.00000
63	0.00000
64	0.00000
65	0.00000
66	0.00000
67	0.00000
68	0.00000
69	0.00000
70	0.00000
71	0.00000
72	0.00000
73	0.00000
74	0.00000
75	0.00000
76	0.00000
77	0.00000
78	0.00000
79	0.00000
80	0.00000
81	0.00000
82	0.00000
83	0.00000
84	0.00000
85	0.00000
86	0.00000
87	0.00000
88	0.00000
89	0.00000
90	0.00000
91	0.00000
92	0.00000
93	0.00000
94	0.00000
95	0.00000
96	0.00000
97	0.00000
98	0.00000
99	0.00000
