0	0.00000
1	0.00050
2	0.00000
3	0.00050
4	0.00000
5	0.00050
6	0.00050
7	0.00000
8	0.00050
9	0.00050
10	0.00050
11	0.00100
12	0.00000
13	0.00050
14	0.00100
15	0.00200
16	0.00050
17	0.00050
18	0.00000
19	0.00200
20	0.00100
21	0.00100
22	0.00050
23	0.00300
24	0.00100
25	0.00200
26	0.00100
27	0.00250
28	0.00100
29	0.00050
30	0.00250
31	0.00450
32	0.00400
33	0.00550
34	0.00500
35	0.00550
36	0.00900
37	0.00250
38	0.00550
39	0.00550
40	0.00650
41	0.00500
42	0.00700
43	0.01000
44	0.00950
45	0.01300
46	0.00850
47	0.01200
48	0.01100
49	0.01100
50	0.01750
51	0.01000
52	0.01350
53	0.01250
54	0.02050
55	0.01600
56	0.02100
57	0.01900
58	0.01600
59	0.01250
60	0.01600
61	0.02000
62	0.01500
63	0.01700
64	0.01500
65	0.01700
66	0.02050
67	0.01650
68	0.01450
69	0.01750
70	0.01950
71	0.01800
72	0.01450
73	0.01500
74	0.01550
75	0.01700
76	0.01150
77	0.01650
78	0.01650
79	0.01100
80	0.01150
81	0.01000
82	0.00650
83	0.01400
84	0.00800
85	0.00950
86	0.01150
87	0.01350
88	0.01150
89	0.01100
90	0.00950
91	0.00900
92	0.00900
93	0.00900
94	0.00800
95	0.01150
96	0.00650
97	0.00200
98	0.00900
99	0.00350
100	0.00500
101	0.00500
102	0.00600
103	0.00700
104	0.00750
105	0.00400
106	0.00350
107	0.00250
108	0.00750
109	0.00700
110	0.00650
111	0.00450
112	0.00400
113	0.00250
114	0.00450
115	0.00350
116	0.00550
117	0.00300
118	0.00250
119	0.00150
120	0.00300
121	0.00050
122	0.00450
123	0.00150
124	0.00150
125	0.00350
126	0.00150
127	0.00250
128	0.00150
129	0.00200
130	0.00300
131	0.00050
132	0.00100
133	0.00000
134	0.00150
135	0.00050
136	0.00200
137	0.00050
138	0.00050
139	0.00200
140	0.00100
141	0.00200
142	0.00100
143	0.00100
144	0.00100
145	0.00200
146	0.00050
147	0.00150
148	0.00100
149	0.00100
150	0.00100
151	0.00050
152	0.00050
153	0.00050
154	0.00050
155	0.00100
156	0.00000
157	0.00050
158	0.00000
159	0.00000
160	0.00100
161	0.00050
162	0.00050
163	0.00100
164	0.00050
165	0.00000
166	0.00050
167	0.00000
168	0.00000
169	0.00050
170	0.00050
171	0.00000
172	0.00100
173	0.00000
174	0.00050
175	0.00000
176	0.00000
177	0.00050
178	0.00000
179	0.00000
