0	0.00500
1	0.00550
2	0.00550
3	0.00600
4	0.00600
5	0.00650
6	0.00700
7	0.00700
8	0.00750
9	0.00800
10	0.00850
11	0.00950
12	0.00950
13	0.01000
14	0.01100
15	0.01300
16	0.01350
17	0.01400
18	0.01400
19	0.01600
20	0.01700
21	0.01800
22	0.01850
23	0.02150
24	0.02250
25	0.02450
26	0.02550
27	0.02800
28	0.02900
29	0.02950
30	0.03200
31	0.03650
32	0.04050
33	0.04600
34	0.05100
35	0.05650
36	0.06550
37	0.06800
38	0.07350
39	0.07900
40	0.08550
41	0.09050
42	0.09750
43	0.10750
44	0.11700
45	0.13000
46	0.13850
47	0.15050
48	0.16150
49	0.17250
50	0.19000
51	0.20000
52	0.21350
53	0.22600
54	0.24650
55	0.26250
56	0.28350
57	0.30250
58	0.31850
59	0.33100
60	0.34700
61	0.36700
62	0.38200
63	0.39900
64	0.41400
65	0.43100
66	0.45150
67	0.46800
68	0.48250
69	0.50000
70	0.51950
71	0.53750
72	0.55200
73	0.56700
74	0.58250
75	0.59950
76	0.61100
77	0.62750
78	0.64400
79	0.65500
80	0.66650
81	0.67650
82	0.68300
83	0.69700
84	0.70500
85	0.71450
86	0.72600
87	0.73950
88	0.75100
89	0.76200
90	0.77150
91	0.78050
92	0.78950
93	0.79850
94	0.80650
95	0.81800
96	0.82450
97	0.82650
98	0.83550
99	0.83900
100	0.84400
101	0.84900
102	0.85500
103	0.86200
104	0.86950
105	0.87350
106	0.87700
107	0.87950
108	0.88700
109	0.89400
110	0.90050
111	0.90500
112	0.90900
113	0.91150
114	0.91600
115	0.91950
116	0.92500
117	0.92800
118	0.93050
119	0.93200
120	0.93500
121	0.93550
122	0.94000
123	0.94150
124	0.94300
125	0.94650
126	0.94800
127	0.95050
128	0.95200
129	0.95400
130	0.95700
131	0.95750
132	0.95850
133	0.95850
134	0.96000
135	0.96050
136	0.96250
137	0.96300
138	0.96350
139	0.96550
140	0.96650
141	0.96850
142	0.96950
143	0.97050
144	0.97150
145	0.97350
146	0.97400
147	0.97550
148	0.97650
149	0.97750
150	0.97850
151	0.97900
152	0.97950
153	0.98000
154	0.98050
155	0.98150
156	0.98150
157	0.98200
158	0.98200
159	0.98200
160	0.98300
161	0.98350
162	0.98400
163	0.98500
164	0.98550
165	0.98550
166	0.98600
167	0.98600
168	0.98600
169	0.98650
170	0.98700
171	0.98700
172	0.98800
173	0.98800
174	0.98850
175	0.98850
176	0.98850
177	0.98900
178	0.98900
179	0.98900
