0	0	0	0	0	0	
1	500	0	0	0	0	
2	500	0	0	0	0	
3	499	0	0	0	0	
4	499	0	0	0	0	
5	499	0	0	0	0	
6	499	0	0	0	0	
7	499	0	0	0	0	
8	499	0	0	0	0	
9	498	0	0	0	0	
10	498	0	0	0	0	
11	498	0	0	0	0	
12	498	0	0	0	0	
13	498	0	0	0	0	
14	498	0	0	0	0	
15	497	0	0	0	0	
16	496	0	0	0	0	
17	495	0	0	0	0	
18	495	0	0	0	0	
19	494	0	0	0	0	
20	493	0	0	0	0	
21	493	0	0	0	0	
22	493	0	0	0	0	
23	490	0	0	0	0	
24	490	0	0	0	0	
25	490	0	0	0	0	
26	490	0	0	0	0	
27	488	0	0	0	0	
28	488	0	0	0	0	
29	487	0	0	0	0	
30	485	0	0	0	0	
31	481	0	0	0	0	
32	479	0	0	0	0	
33	474	2	0	0	0	
34	470	1	2	0	0	
35	466	0	1	2	0	
36	464	0	0	1	2	
37	462	1	0	0	3	
38	457	0	1	0	3	
39	452	3	0	1	3	
40	450	0	3	0	4	
41	448	0	0	3	4	
42	444	0	0	0	7	
43	437	0	0	0	7	
44	430	0	0	0	7	
45	422	0	0	0	7	
46	418	0	0	0	7	
47	416	0	0	0	7	
48	412	0	0	0	7	
49	408	0	0	0	7	
50	396	0	0	0	7	
51	394	0	0	0	7	
52	386	0	0	0	7	
53	381	0	0	0	7	
54	375	0	0	0	7	
55	368	0	0	0	7	
56	358	0	0	0	7	
57	353	0	0	0	7	
58	345	0	0	0	7	
59	339	0	0	0	7	
60	335	0	0	0	7	
61	328	0	0	0	7	
62	323	0	0	0	7	
63	312	0	0	0	7	
64	305	0	0	0	7	
65	294	0	0	0	7	
66	288	0	0	0	7	
67	277	0	0	0	7	
68	267	0	0	0	7	
69	260	0	0	0	7	
70	246	0	0	0	7	
71	235	0	0	0	7	
72	222	0	0	0	7	
73	214	0	0	0	7	
74	204	0	0	0	7	
75	191	0	0	0	7	
76	183	0	0	0	7	
77	177	0	0	0	7	
78	169	0	0	0	7	
79	162	0	0	0	7	
80	156	0	0	0	7	
81	151	0	0	0	7	
82	149	0	0	0	7	
83	142	0	0	0	7	
84	138	0	0	0	7	
85	131	0	0	0	7	
86	126	0	0	0	7	
87	123	0	0	0	7	
88	115	0	0	0	7	
89	111	0	0	0	7	
90	108	0	0	0	7	
91	105	0	0	0	7	
92	103	0	0	0	7	
93	94	0	0	0	7	
94	91	0	0	0	7	
95	85	0	0	0	7	
96	80	0	0	0	7	
97	79	0	0	0	7	
98	74	0	0	0	7	
99	74	0	0	0	7	
100	71	0	0	0	7	
101	67	0	0	0	7	
102	64	0	0	0	7	
103	62	0	0	0	7	
104	57	0	0	0	7	
105	55	0	0	0	7	
106	55	0	0	0	7	
107	55	0	0	0	7	
108	50	0	0	0	7	
109	45	0	0	0	7	
110	42	0	0	0	7	
111	41	0	0	0	7	
112	39	0	0	0	7	
113	38	0	0	0	7	
114	36	0	0	0	7	
115	36	0	0	0	7	
116	32	0	0	0	7	
117	30	0	0	0	7	
118	30	0	0	0	7	
119	29	0	0	0	7	
120	28	0	0	0	7	
121	28	0	0	0	7	
122	26	0	0	0	7	
123	26	0	0	0	7	
124	26	0	0	0	7	
125	25	0	0	0	7	
126	24	0	0	0	7	
127	24	0	0	0	7	
128	23	0	0	0	7	
129	21	0	0	0	7	
130	20	0	0	0	7	
131	20	0	0	0	7	
132	18	0	0	0	7	
133	18	0	0	0	7	
134	18	0	0	0	7	
135	18	0	0	0	7	
136	17	0	0	0	7	
137	16	0	0	0	7	
138	16	0	0	0	7	
139	16	0	0	0	7	
140	16	0	0	0	7	
141	16	0	0	0	7	
142	15	0	0	0	7	
143	15	0	0	0	7	
144	15	0	0	0	7	
145	15	0	0	0	7	
146	15	0	0	0	7	
147	12	0	0	0	7	
148	10	0	0	0	7	
149	10	0	0	0	7	
150	10	0	0	0	7	
151	10	0	0	0	7	
152	10	0	0	0	7	
153	10	0	0	0	7	
154	10	0	0	0	7	
155	9	0	0	0	7	
156	9	0	0	0	7	
157	9	0	0	0	7	
158	9	0	0	0	7	
159	9	0	0	0	7	
160	8	0	0	0	7	
161	7	0	0	0	7	
162	7	0	0	0	7	
163	7	0	0	0	7	
164	7	0	0	0	7	
165	7	0	0	0	7	
166	6	0	0	0	7	
167	6	0	0	0	7	
168	6	0	0	0	7	
169	6	0	0	0	7	
170	6	0	0	0	7	
171	6	0	0	0	7	
172	5	0	0	0	7	
173	5	0	0	0	7	
174	5	0	0	0	7	
175	5	0	0	0	7	
176	5	0	0	0	7	
177	5	0	0	0	7	
178	5	0	0	0	7	
179	5	0	0	0	7	
