0	0	0	0	0	0	
1	742	0	0	0	0	
2	722	0	0	0	0	
3	5	649	0	0	0	
4	0	4	517	0	0	
5	0	0	3	397	0	
6	0	0	0	3	354	
7	0	0	0	0	352	
8	0	0	0	0	352	
9	0	0	0	0	352	
10	0	0	0	0	352	
11	0	0	0	0	352	
12	0	0	0	0	352	
13	0	0	0	0	352	
14	0	0	0	0	352	
15	0	0	0	0	352	
16	0	0	0	0	352	
17	0	0	0	0	352	
18	0	0	0	0	352	
19	0	0	0	0	352	
20	0	0	0	0	352	
21	0	0	0	0	352	
22	0	0	0	0	352	
23	0	0	0	0	352	
24	0	0	0	0	352	
25	0	0	0	0	352	
26	0	0	0	0	352	
27	0	0	0	0	352	
28	0	0	0	0	352	
29	0	0	0	0	352	
30	0	0	0	0	352	
31	0	0	0	0	352	
32	0	0	0	0	352	
33	0	0	0	0	352	
34	0	0	0	0	352	
35	0	0	0	0	352	
36	0	0	0	0	352	
37	0	0	0	0	352	
38	0	0	0	0	352	
39	0	0	0	0	352	
40	0	0	0	0	352	
41	0	0	0	0	352	
42	0	0	0	0	352	
43	0	0	0	0	352	
44	0	0	0	0	352	
45	0	0	0	0	352	
46	0	0	0	0	352	
47	0	0	0	0	352	
48	0	0	0	0	352	
49	0	0	0	0	352	
50	0	0	0	0	352	
51	0	0	0	0	352	
52	0	0	0	0	352	
53	0	0	0	0	352	
54	0	0	0	0	352	
55	0	0	0	0	352	
56	0	0	0	0	352	
57	0	0	0	0	352	
58	0	0	0	0	352	
59	0	0	0	0	352	
60	0	0	0	0	352	
61	0	0	0	0	352	
62	0	0	0	0	352	
63	0	0	0	0	352	
64	0	0	0	0	352	
65	0	0	0	0	352	
66	0	0	0	0	352	
67	0	0	0	0	352	
68	0	0	0	0	352	
69	0	0	0	0	352	
70	0	0	0	0	352	
71	0	0	0	0	352	
72	0	0	0	0	352	
73	0	0	0	0	352	
74	0	0	0	0	352	
75	0	0	0	0	352	
76	0	0	0	0	352	
77	0	0	0	0	352	
78	0	0	0	0	352	
79	0	0	0	0	352	
80	0	0	0	0	352	
81	0	0	0	0	352	
82	0	0	0	0	352	
83	0	0	0	0	352	
84	0	0	0	0	352	
85	0	0	0	0	352	
86	0	0	0	0	352	
87	0	0	0	0	352	
88	0	0	0	0	352	
89	0	0	0	0	352	
90	0	0	0	0	352	
91	0	0	0	0	352	
92	0	0	0	0	352	
93	0	0	0	0	352	
94	0	0	0	0	352	
95	0	0	0	0	352	
96	0	0	0	0	352	
97	0	0	0	0	352	
98	0	0	0	0	352	
99	0	0	0	0	352	
100	0	0	0	0	352	
101	0	0	0	0	352	
102	0	0	0	0	352	
103	0	0	0	0	352	
104	0	0	0	0	352	
105	0	0	0	0	352	
106	0	0	0	0	352	
107	0	0	0	0	352	
108	0	0	0	0	352	
109	0	0	0	0	352	
110	0	0	0	0	352	
111	0	0	0	0	352	
112	0	0	0	0	352	
113	0	0	0	0	352	
114	0	0	0	0	352	
115	0	0	0	0	352	
116	0	0	0	0	352	
117	0	0	0	0	352	
118	0	0	0	0	352	
119	0	0	0	0	352	
120	0	0	0	0	352	
121	0	0	0	0	352	
122	0	0	0	0	352	
123	0	0	0	0	352	
124	0	0	0	0	352	
125	0	0	0	0	352	
126	0	0	0	0	352	
127	0	0	0	0	352	
128	0	0	0	0	352	
129	0	0	0	0	352	
130	0	0	0	0	352	
131	0	0	0	0	352	
132	0	0	0	0	352	
133	0	0	0	0	352	
134	0	0	0	0	352	
135	0	0	0	0	352	
136	0	0	0	0	352	
137	0	0	0	0	352	
138	0	0	0	0	352	
139	0	0	0	0	352	
140	0	0	0	0	352	
141	0	0	0	0	352	
142	0	0	0	0	352	
143	0	0	0	0	352	
144	0	0	0	0	352	
145	0	0	0	0	352	
146	0	0	0	0	352	
147	0	0	0	0	352	
148	0	0	0	0	352	
149	0	0	0	0	352	
