0	0.00000
1	0.00000
2	0.00500
3	0.00000
4	0.00000
5	0.00000
6	0.00500
7	0.00000
8	0.00000
9	0.00000
10	0.00000
11	0.00500
12	0.00000
13	0.00000
14	0.00000
15	0.00000
16	0.00000
17	0.00000
18	0.00000
19	0.00000
20	0.00000
21	0.00000
22	0.00500
23	0.00000
24	0.00500
25	0.00000
26	0.00000
27	0.00000
28	0.00000
29	0.00000
30	0.00500
31	0.00000
32	0.00000
33	0.00000
34	0.00000
35	0.00000
36	0.00500
37	0.00000
38	0.00000
39	0.00000
40	0.00000
41	0.00000
42	0.00000
43	0.00000
44	0.00000
45	0.00000
46	0.00500
47	0.00500
48	0.00500
49	0.00000
50	0.00000
51	0.00500
52	0.01000
53	0.00000
54	0.00500
55	0.00500
56	0.00000
57	0.00000
58	0.00000
59	0.00000
60	0.00000
61	0.00000
62	0.00000
63	0.00500
64	0.00500
65	0.00000
66	0.00000
67	0.00000
68	0.00000
69	0.00500
70	0.00000
71	0.00000
72	0.00500
73	0.01000
74	0.00000
75	0.00500
76	0.00000
77	0.00500
78	0.01000
79	0.00000
80	0.00500
81	0.01500
82	0.00000
83	0.01000
84	0.00500
85	0.00500
86	0.00500
87	0.00500
88	0.01000
89	0.00500
90	0.00500
91	0.00000
92	0.00000
93	0.00500
94	0.00500
95	0.00000
96	0.00500
97	0.02000
98	0.01500
99	0.00500
100	0.00000
101	0.00500
102	0.00500
103	0.00000
104	0.00500
105	0.00500
106	0.00000
107	0.00500
108	0.00000
109	0.03000
110	0.00000
111	0.00000
112	0.00000
113	0.00500
114	0.00500
115	0.01000
116	0.01000
117	0.01500
118	0.00000
119	0.00500
120	0.01500
121	0.00500
122	0.00500
123	0.00000
124	0.01000
125	0.00000
126	0.00500
127	0.01500
128	0.01500
129	0.02000
130	0.00000
131	0.01000
132	0.00500
133	0.00000
134	0.00000
135	0.00000
136	0.00500
137	0.01000
138	0.00500
139	0.01500
140	0.01000
141	0.00000
142	0.01000
143	0.00500
144	0.00500
145	0.00500
146	0.00500
147	0.00500
148	0.00500
149	0.00500
150	0.00000
151	0.00000
152	0.00000
153	0.00000
154	0.00000
155	0.00000
156	0.00000
157	0.00500
158	0.00500
159	0.00500
160	0.00500
161	0.00500
162	0.00000
163	0.00500
164	0.00000
165	0.00500
166	0.00000
167	0.00000
168	0.00500
169	0.00000
170	0.00500
171	0.00000
172	0.00500
173	0.00000
174	0.00000
175	0.00000
176	0.01000
177	0.00000
178	0.00500
179	0.01000
180	0.00500
181	0.00500
182	0.00000
183	0.00000
184	0.00000
185	0.00500
186	0.00500
187	0.00000
188	0.00000
189	0.00000
190	0.00000
191	0.00500
192	0.00000
193	0.00000
194	0.00500
195	0.00000
196	0.00500
197	0.00000
198	0.00000
199	0.00000
