0	0.00000
1	0.00000
2	0.00000
3	0.00000
4	0.21649
5	0.21649
6	0.21762
7	0.21762
8	0.39896
9	0.39896
10	0.39896
11	0.40104
12	0.40104
13	0.55729
14	0.55729
15	0.55729
16	0.55729
17	0.55729
18	0.55729
19	0.55729
20	0.55729
21	0.55729
22	0.56021
23	0.56021
24	0.68947
25	0.68947
26	0.92105
27	0.92105
28	0.92105
29	0.92105
30	0.92063
31	0.91005
32	0.99250
33	0.99250
34	0.99250
35	0.99250
36	0.99246
37	0.99441
38	1.10248
39	1.10248
40	1.10248
41	1.10248
42	1.05168
43	1.05168
44	1.05168
45	1.05168
46	1.04840
47	1.04404
48	1.05887
49	1.09225
50	1.15732
51	1.16293
52	1.16450
53	1.20726
54	1.29017
55	1.25063
56	1.34651
57	1.33840
58	1.33840
59	1.22599
60	1.22599
61	1.22599
62	1.21236
63	1.18912
64	1.16288
65	1.22267
66	1.26679
67	1.24192
68	1.21312
69	1.21244
70	1.18996
71	1.19849
72	1.18410
73	1.18615
74	1.26318
75	1.34589
76	1.27480
77	1.28023
78	1.23752
79	1.25875
80	1.34640
81	1.35298
82	1.36939
83	1.53596
84	1.51098
85	1.53536
86	1.54045
87	1.56935
88	1.57231
89	1.58067
90	1.66638
91	1.65109
92	1.67783
93	1.62293
94	1.57449
95	1.56963
96	1.55012
97	1.44712
98	1.49463
99	1.70634
100	1.80921
101	1.80972
102	1.80145
103	1.75660
104	1.74591
105	1.74255
106	1.68526
107	1.64642
108	1.58938
109	1.60168
110	1.55102
111	1.85494
112	1.79239
113	1.72739
114	1.71125
115	1.69292
116	1.67458
117	1.75613
118	1.77380
119	1.83517
120	1.78841
121	1.74768
122	1.85068
123	1.71826
124	1.73852
125	1.71693
126	1.72140
127	1.68616
128	1.68684
129	1.79871
130	1.88789
131	1.96749
132	1.93480
133	1.94532
134	1.89546
135	1.89311
136	1.80443
137	1.76314
138	1.65874
139	1.69056
140	1.65162
141	1.73727
142	1.74032
143	1.62477
144	1.65350
145	1.65895
146	1.66915
147	1.65092
148	1.66801
149	1.62793
150	1.60610
151	1.58164
152	1.55897
153	1.51258
154	1.43288
155	1.40441
156	1.38799
157	1.35003
158	1.32419
159	1.33972
160	1.32171
161	1.33769
162	1.32778
163	1.34960
164	1.35356
165	1.32003
166	1.29424
167	1.31455
168	1.25713
169	1.21812
170	1.24644
171	1.22510
172	1.25595
173	1.21701
174	1.23420
175	1.23023
176	1.18037
177	1.18011
178	1.22143
179	1.21728
180	1.26503
181	1.25229
182	1.21572
183	1.22462
184	1.21800
185	1.21214
186	1.18259
187	1.16334
188	1.17353
189	1.17146
190	1.16989
191	1.13699
192	1.07225
193	1.07061
194	1.05149
195	1.04531
196	1.07747
197	1.05840
198	1.06256
199	1.05789
