0	0.00000
1	0.00150
2	0.00050
3	0.00050
4	0.00050
5	0.00150
6	0.00050
7	0.00100
8	0.00350
9	0.00150
10	0.00200
11	0.00500
12	0.00400
13	0.00200
14	0.00400
15	0.00200
16	0.00600
17	0.00300
18	0.00200
19	0.00500
20	0.00250
21	0.00450
22	0.00300
23	0.00550
24	0.00300
25	0.00750
26	0.00800
27	0.00800
28	0.00750
29	0.00750
30	0.01250
31	0.00900
32	0.01100
33	0.01350
34	0.00950
35	0.01350
36	0.01150
37	0.01350
38	0.01300
39	0.01550
40	0.01350
41	0.00800
42	0.01650
43	0.01200
44	0.01500
45	0.01300
46	0.01050
47	0.01350
48	0.01450
49	0.01350
50	0.00850
51	0.01350
52	0.01200
53	0.00700
54	0.00800
55	0.00700
56	0.00850
57	0.01100
58	0.00950
59	0.00800
60	0.00750
61	0.00550
62	0.00450
63	0.00600
64	0.00600
65	0.00150
66	0.00300
67	0.00250
68	0.00300
69	0.00550
70	0.00250
71	0.00250
72	0.00250
73	0.00300
74	0.00200
75	0.00150
76	0.00100
77	0.00200
78	0.00100
79	0.00100
80	0.00200
81	0.00050
82	0.00100
83	0.00050
84	0.00050
85	0.00200
86	0.00050
87	0.00050
88	0.00000
89	0.00000
90	0.00100
91	0.00000
92	0.00000
93	0.00000
94	0.00000
95	0.00000
96	0.00000
97	0.00000
98	0.00050
99	0.00000
