0	0.00500
1	0.00650
2	0.00700
3	0.00750
4	0.00800
5	0.00950
6	0.01000
7	0.01100
8	0.01450
9	0.01600
10	0.01800
11	0.02300
12	0.02700
13	0.02900
14	0.03300
15	0.03500
16	0.04100
17	0.04400
18	0.04600
19	0.05100
20	0.05350
21	0.05800
22	0.06100
23	0.06650
24	0.06950
25	0.07700
26	0.08500
27	0.09300
28	0.10050
29	0.10800
30	0.12050
31	0.12950
32	0.14050
33	0.15400
34	0.16350
35	0.17700
36	0.18850
37	0.20200
38	0.21500
39	0.23050
40	0.24400
41	0.25200
42	0.26850
43	0.28050
44	0.29550
45	0.30850
46	0.31900
47	0.33250
48	0.34700
49	0.36050
50	0.36900
51	0.38250
52	0.39450
53	0.40150
54	0.40950
55	0.41650
56	0.42500
57	0.43600
58	0.44550
59	0.45350
60	0.46100
61	0.46650
62	0.47100
63	0.47700
64	0.48300
65	0.48450
66	0.48750
67	0.49000
68	0.49300
69	0.49850
70	0.50100
71	0.50350
72	0.50600
73	0.50900
74	0.51100
75	0.51250
76	0.51350
77	0.51550
78	0.51650
79	0.51750
80	0.51950
81	0.52000
82	0.52100
83	0.52150
84	0.52200
85	0.52400
86	0.52450
87	0.52500
88	0.52500
89	0.52500
90	0.52600
91	0.52600
92	0.52600
93	0.52600
94	0.52600
95	0.52600
96	0.52600
97	0.52600
98	0.52650
99	0.52650
