0	0.00000
1	0.00000
2	0.00000
3	0.18182
4	0.16667
5	0.15385
6	0.23077
7	0.35714
8	0.33333
9	0.37500
10	0.61111
11	0.60000
12	0.56522
13	0.70370
14	0.68750
15	0.56757
16	0.57143
17	0.45833
18	0.49091
19	0.41935
20	0.33333
21	0.34211
22	0.28916
23	0.28889
24	0.25773
25	0.26667
26	0.24107
27	0.28333
28	0.30769
29	0.32857
30	0.32237
31	0.30909
32	0.33889
33	0.32821
34	0.31925
35	0.32759
36	0.29762
37	0.29670
38	0.27797
39	0.27044
40	0.25731
41	0.25613
42	0.24173
43	0.20574
44	0.20946
45	0.19362
46	0.18913
47	0.17973
48	0.16211
49	0.15652
50	0.15667
51	0.14809
52	0.13017
53	0.12832
54	0.12233
55	0.10606
56	0.09346
57	0.08182
58	0.07731
59	0.07921
60	0.07739
61	0.07337
62	0.06961
63	0.06264
64	0.05487
65	0.05066
66	0.04659
67	0.03636
68	0.03066
69	0.02618
70	0.02388
71	0.02678
72	0.02454
73	0.02234
74	0.02119
75	0.02106
76	0.01894
77	0.01687
78	0.01382
79	0.01277
80	0.01175
81	0.00976
82	0.01070
83	0.00873
84	0.00774
85	0.00676
86	0.00578
87	0.00769
88	0.00672
89	0.00575
90	0.00478
91	0.00287
92	0.00382
93	0.00286
94	0.00190
95	0.00190
96	0.00095
97	0.00095
98	0.00095
99	0.00000
