0	0	0	0	0	0	
1	1000	0	0	0	0	
2	999	0	0	0	0	
3	998	0	0	0	0	
4	998	0	0	0	0	
5	997	0	0	0	0	
6	997	0	0	0	0	
7	997	0	0	0	0	
8	991	0	0	0	0	
9	989	0	0	0	0	
10	0	989	0	0	0	
11	0	0	986	0	0	
12	0	0	0	982	0	
13	0	0	0	0	981	
14	0	0	0	0	981	
15	0	0	0	0	981	
16	0	0	0	0	981	
17	0	0	0	0	981	
18	0	0	0	0	981	
19	0	0	0	0	980	
20	0	0	0	0	980	
21	0	0	0	0	978	
22	0	0	0	0	978	
23	0	0	0	0	977	
24	0	0	0	0	976	
25	0	0	0	0	976	
26	0	0	0	0	976	
27	0	0	0	0	976	
28	0	0	0	0	976	
29	0	0	0	0	975	
30	0	0	0	0	974	
31	0	0	0	0	974	
32	0	0	0	0	973	
33	0	0	0	0	973	
34	0	0	0	0	973	
35	0	0	0	0	970	
36	0	0	0	0	969	
37	0	0	0	0	967	
38	0	0	0	0	967	
39	0	0	0	0	966	
40	0	0	0	0	965	
41	0	0	0	0	965	
42	0	0	0	0	965	
43	0	0	0	0	964	
44	0	0	0	0	963	
45	0	0	0	0	963	
46	0	0	0	0	962	
47	0	0	0	0	961	
48	0	0	0	0	960	
49	0	0	0	0	959	
50	0	0	0	0	958	
51	0	0	0	0	954	
52	0	0	0	0	952	
53	0	0	0	0	951	
54	0	0	0	0	951	
55	0	0	0	0	951	
56	0	0	0	0	951	
57	0	0	0	0	951	
58	0	0	0	0	951	
59	0	0	0	0	951	
60	0	0	0	0	949	
61	0	0	0	0	948	
62	0	0	0	0	948	
63	0	0	0	0	948	
64	0	0	0	0	947	
65	0	0	0	0	947	
66	0	0	0	0	947	
67	0	0	0	0	947	
68	0	0	0	0	947	
69	0	0	0	0	947	
70	0	0	0	0	947	
71	0	0	0	0	947	
72	0	0	0	0	946	
73	0	0	0	0	946	
74	0	0	0	0	946	
75	0	0	0	0	946	
76	0	0	0	0	946	
77	0	0	0	0	946	
78	0	0	0	0	945	
79	0	0	0	0	945	
80	0	0	0	0	945	
81	0	0	0	0	945	
82	0	0	0	0	945	
83	0	0	0	0	945	
84	0	0	0	0	945	
85	0	0	0	0	945	
86	0	0	0	0	945	
87	0	0	0	0	945	
88	0	0	0	0	945	
89	0	0	0	0	945	
90	0	0	0	0	945	
91	0	0	0	0	945	
92	0	0	0	0	945	
93	0	0	0	0	945	
94	0	0	0	0	945	
95	0	0	0	0	945	
96	0	0	0	0	945	
97	0	0	0	0	945	
98	0	0	0	0	945	
99	0	0	0	0	945	
