0	0.00000
1	0.00080
2	0.00200
3	0.00280
4	0.00420
5	0.00500
6	0.00620
7	0.00740
8	0.00800
9	0.01040
10	0.01220
11	0.01500
12	0.01940
13	0.01980
14	0.03140
15	0.03140
16	0.03920
17	0.03700
18	0.03500
19	0.03660
20	0.03120
21	0.03620
22	0.03460
23	0.03260
24	0.02180
25	0.01800
26	0.01660
27	0.01520
28	0.01160
29	0.00680
30	0.00560
31	0.00540
32	0.00320
33	0.00200
34	0.00100
35	0.00040
36	0.00120
37	0.00040
38	0.00060
39	0.00040
40	0.00080
41	0.00040
42	0.00040
43	0.00000
44	0.00020
45	0.00040
46	0.00000
47	0.00000
48	0.00000
49	0.00000
50	0.00000
51	0.00000
52	0.00020
53	0.00000
54	0.00000
55	0.00000
56	0.00000
57	0.00000
58	0.00000
59	0.00000
60	0.00000
61	0.00000
62	0.00000
63	0.00000
64	0.00000
65	0.00000
66	0.00000
67	0.00000
68	0.00000
69	0.00000
70	0.00000
71	0.00000
72	0.00000
73	0.00000
74	0.00000
75	0.00000
76	0.00000
77	0.00000
78	0.00000
79	0.00000
80	0.00000
81	0.00000
82	0.00000
83	0.00000
84	0.00000
85	0.00000
86	0.00000
87	0.00000
88	0.00000
89	0.00000
90	0.00000
91	0.00000
92	0.00000
93	0.00000
94	0.00000
95	0.00000
96	0.00000
97	0.00000
98	0.00000
99	0.00000
