0	0.00500
1	0.01750
2	0.05900
3	0.15650
4	0.34700
5	0.58800
6	0.74950
7	0.80000
8	0.81250
9	0.81400
10	0.81450
11	0.81450
12	0.81450
13	0.81450
14	0.81450
15	0.81450
16	0.81450
17	0.81450
18	0.81450
19	0.81450
20	0.81450
21	0.81450
22	0.81450
23	0.81450
24	0.81450
25	0.81450
26	0.81450
27	0.81450
28	0.81450
29	0.81450
30	0.81450
31	0.81450
32	0.81450
33	0.81450
34	0.81450
35	0.81450
36	0.81450
37	0.81450
38	0.81450
39	0.81450
40	0.81450
41	0.81450
42	0.81450
43	0.81450
44	0.81450
45	0.81450
46	0.81450
47	0.81450
48	0.81450
49	0.81450
50	0.81450
51	0.81450
52	0.81450
53	0.81450
54	0.81450
55	0.81450
56	0.81450
57	0.81450
58	0.81450
59	0.81450
60	0.81450
61	0.81450
62	0.81450
63	0.81450
64	0.81450
65	0.81450
66	0.81450
67	0.81450
68	0.81450
69	0.81450
70	0.81450
71	0.81450
72	0.81450
73	0.81450
74	0.81450
75	0.81450
76	0.81450
77	0.81450
78	0.81450
79	0.81450
80	0.81450
81	0.81450
82	0.81450
83	0.81450
84	0.81450
85	0.81450
86	0.81450
87	0.81450
88	0.81450
89	0.81450
90	0.81450
91	0.81450
92	0.81450
93	0.81450
94	0.81450
95	0.81450
96	0.81450
97	0.81450
98	0.81450
99	0.81450
100	0.81450
101	0.81450
102	0.81450
103	0.81450
104	0.81450
105	0.81450
106	0.81450
107	0.81450
108	0.81450
109	0.81450
110	0.81450
111	0.81450
112	0.81450
113	0.81450
114	0.81450
115	0.81450
116	0.81450
117	0.81450
118	0.81450
119	0.81450
120	0.81450
121	0.81450
122	0.81450
123	0.81450
124	0.81450
125	0.81450
126	0.81450
127	0.81450
128	0.81450
129	0.81450
130	0.81450
131	0.81450
132	0.81450
133	0.81450
134	0.81450
135	0.81450
136	0.81450
137	0.81450
138	0.81450
139	0.81450
140	0.81450
141	0.81450
142	0.81450
143	0.81450
144	0.81450
145	0.81450
146	0.81450
147	0.81450
148	0.81450
149	0.81450
