0	0.00000
1	0.00050
2	0.00150
3	0.00100
4	0.00150
5	0.00250
6	0.00250
7	0.00200
8	0.00200
9	0.00200
10	0.00150
11	0.00150
12	0.00200
13	0.00550
14	0.00400
15	0.00650
16	0.00450
17	0.00400
18	0.00700
19	0.00700
20	0.00850
21	0.00850
22	0.00750
23	0.01000
24	0.01550
25	0.01450
26	0.01850
27	0.01450
28	0.02250
29	0.02100
30	0.01950
31	0.02200
32	0.02750
33	0.02300
34	0.02700
35	0.02800
36	0.02550
37	0.02700
38	0.02900
39	0.02050
40	0.02400
41	0.02550
42	0.02400
43	0.02700
44	0.02350
45	0.01700
46	0.02200
47	0.02000
48	0.01400
49	0.01450
50	0.00750
51	0.01000
52	0.00600
53	0.00900
54	0.00850
55	0.00550
56	0.00650
57	0.00550
58	0.00500
59	0.00200
60	0.00450
61	0.00450
62	0.00200
63	0.00400
64	0.00350
65	0.00200
66	0.00250
67	0.00000
68	0.00050
69	0.00000
70	0.00300
71	0.00050
72	0.00050
73	0.00050
74	0.00000
75	0.00000
76	0.00100
77	0.00000
78	0.00000
79	0.00050
80	0.00000
81	0.00000
82	0.00000
83	0.00000
84	0.00050
85	0.00000
86	0.00000
87	0.00000
88	0.00050
89	0.00000
90	0.00000
91	0.00000
92	0.00000
93	0.00000
94	0.00050
95	0.00000
96	0.00000
97	0.00000
98	0.00000
99	0.00000
