0.10	590.73333333333333333333
0.20	586.00000000000000000000
0.30	586.33333333333333333333
0.40	590.61111111111111111111
0.50	601.13793103448275862068
0.60	591.80000000000000000000
0.70	596.25000000000000000000
0.80	573.25000000000000000000
0.90	542.00000000000000000000
1.00	492.00000000000000000000
1.10	436.42857142857142857142
1.20	393.00000000000000000000
1.30	304.00000000000000000000
1.40	241
1.50	82.83333333333333333333
1.60	23.80000000000000000000
1.70	16.00000000000000000000
1.80	0
1.90	1.50000000000000000000
2.00	0
