0	0.00000
1	0.00000
2	0.00000
3	0.61158
4	0.58689
5	0.93096
6	1.08597
7	1.20044
8	1.43775
9	1.60830
10	1.78428
11	1.99443
12	2.03479
13	2.10370
14	2.03222
15	1.94365
16	1.86441
17	1.73679
18	1.60760
19	1.49177
20	1.39580
21	1.27252
22	1.15854
23	1.05876
24	0.97552
25	0.90240
26	0.83811
27	0.78884
28	0.73829
29	0.69600
30	0.65353
31	0.61830
32	0.58649
33	0.55885
34	0.53420
35	0.51097
36	0.48754
37	0.46988
38	0.44998
39	0.43570
40	0.42062
41	0.40425
42	0.39167
43	0.37955
44	0.36699
45	0.35662
46	0.34615
47	0.33610
48	0.32550
49	0.31675
50	0.30989
51	0.30156
52	0.29351
53	0.28729
54	0.28083
55	0.27381
56	0.26882
57	0.26157
58	0.25713
59	0.24982
60	0.24491
61	0.24076
62	0.23591
63	0.23058
64	0.22658
65	0.22222
66	0.21782
67	0.21333
68	0.21039
69	0.20719
70	0.20267
71	0.19834
72	0.19607
73	0.19421
74	0.19044
75	0.18841
76	0.18435
77	0.18135
78	0.17911
79	0.17637
80	0.17363
81	0.17137
82	0.16853
83	0.16649
84	0.16451
85	0.16245
86	0.15972
87	0.15790
88	0.15667
89	0.15406
90	0.15216
91	0.15027
92	0.14743
93	0.14609
94	0.14440
95	0.14283
96	0.14197
97	0.13904
98	0.13836
99	0.13609
100	0.13461
101	0.13402
102	0.13281
103	0.13095
104	0.12900
105	0.12799
106	0.12661
107	0.12523
108	0.12356
109	0.12257
110	0.12177
111	0.12026
112	0.11975
113	0.11816
114	0.11640
115	0.11559
116	0.11477
117	0.11364
118	0.11297
119	0.11229
120	0.11185
121	0.11018
122	0.10894
123	0.10760
124	0.10605
125	0.10509
126	0.10456
127	0.10400
128	0.10257
129	0.10198
130	0.10175
131	0.10049
132	0.09960
133	0.09922
134	0.09884
135	0.09809
136	0.09755
137	0.09650
138	0.09602
139	0.09555
140	0.09424
141	0.09331
142	0.09187
143	0.09157
144	0.09102
145	0.09040
146	0.08991
147	0.08937
148	0.08903
149	0.08851
150	0.08745
151	0.08661
152	0.08625
153	0.08595
154	0.08547
155	0.08474
156	0.08392
157	0.08392
158	0.08350
159	0.08253
160	0.08159
161	0.08110
162	0.08067
163	0.07975
164	0.07927
165	0.07905
166	0.07854
167	0.07809
168	0.07782
169	0.07684
170	0.07643
171	0.07566
172	0.07533
173	0.07509
174	0.07492
175	0.07461
176	0.07449
177	0.07426
178	0.07387
179	0.07369
180	0.07309
181	0.07309
182	0.07186
183	0.07147
184	0.07088
185	0.07064
186	0.07050
187	0.07007
188	0.06995
189	0.06940
190	0.06912
191	0.06852
192	0.06778
193	0.06757
194	0.06757
195	0.06695
196	0.06654
197	0.06632
198	0.06602
199	0.06602
