0	0.00000
1	0.00000
2	0.00000
3	0.24740
4	0.31964
5	0.74262
6	0.93520
7	1.18119
8	1.41334
9	1.56480
10	1.76622
11	1.95230
12	1.99176
13	2.06353
14	2.01826
15	1.92925
16	1.85620
17	1.72491
18	1.59165
19	1.46755
20	1.37446
21	1.24471
22	1.13087
23	1.04249
24	0.96091
25	0.88203
26	0.81853
27	0.77171
28	0.72619
29	0.69235
30	0.65164
31	0.61337
32	0.58772
33	0.55694
34	0.53436
35	0.50688
36	0.48575
37	0.46851
38	0.44844
39	0.43815
40	0.42501
41	0.41122
42	0.39868
43	0.38797
44	0.37583
45	0.36392
46	0.35292
47	0.34389
48	0.33460
49	0.32483
50	0.31897
51	0.31052
52	0.30481
53	0.29919
54	0.29160
55	0.28456
56	0.27962
57	0.27338
58	0.25848
59	0.25256
60	0.24773
61	0.24340
62	0.23939
63	0.23390
64	0.22985
65	0.22632
66	0.22208
67	0.21604
68	0.21322
69	0.21055
70	0.20678
71	0.20192
72	0.19968
73	0.19776
74	0.19473
75	0.19239
76	0.18864
77	0.18530
78	0.18317
79	0.18086
80	0.17854
81	0.17611
82	0.17279
83	0.17048
84	0.16871
85	0.16708
86	0.16464
87	0.16303
88	0.16130
89	0.15915
90	0.15678
91	0.15502
92	0.15285
93	0.15155
94	0.14975
95	0.14783
96	0.14670
97	0.14411
98	0.14356
99	0.14140
100	0.13999
101	0.13926
102	0.13798
103	0.13670
104	0.13460
105	0.13340
106	0.13186
107	0.13092
108	0.12947
109	0.12849
110	0.12751
111	0.12596
112	0.12543
113	0.12428
114	0.12223
115	0.12151
116	0.12083
117	0.11955
118	0.11881
119	0.11817
120	0.11775
121	0.11607
122	0.11533
123	0.11389
124	0.11216
125	0.11123
126	0.11060
127	0.11002
128	0.10892
129	0.10620
130	0.10580
131	0.10445
132	0.10361
133	0.10329
134	0.10277
135	0.10217
136	0.10157
137	0.10090
138	0.10037
139	0.09989
140	0.09848
141	0.09729
142	0.09605
143	0.09577
144	0.09525
145	0.09473
146	0.09438
147	0.09386
148	0.09338
149	0.09275
150	0.09176
151	0.09107
152	0.09073
153	0.09044
154	0.08997
155	0.08933
156	0.08859
157	0.08859
158	0.08809
159	0.08729
160	0.08662
161	0.08571
162	0.08521
163	0.08396
164	0.08325
165	0.08295
166	0.08245
167	0.08217
168	0.08193
169	0.08106
170	0.08080
171	0.08020
172	0.07991
173	0.07962
174	0.07926
175	0.07888
176	0.07869
177	0.07854
178	0.07800
179	0.07789
180	0.07739
181	0.07739
182	0.07653
183	0.07628
184	0.07566
185	0.07535
186	0.07516
187	0.07461
188	0.07431
189	0.07362
190	0.07334
191	0.07297
192	0.07235
193	0.07220
194	0.07220
195	0.07161
196	0.07133
197	0.07102
198	0.07063
199	0.07063
