0	0.00500
1	0.01600
2	0.04800
3	0.12400
4	0.29100
5	0.54450
6	0.74300
7	0.82400
8	0.84800
9	0.85200
10	0.85350
11	0.85350
12	0.85350
13	0.85350
14	0.85350
15	0.85350
16	0.85350
17	0.85350
18	0.85350
19	0.85350
20	0.85350
21	0.85350
22	0.85350
23	0.85350
24	0.85350
25	0.85350
26	0.85350
27	0.85350
28	0.85350
29	0.85350
30	0.85350
31	0.85350
32	0.85350
33	0.85350
34	0.85350
35	0.85350
36	0.85350
37	0.85350
38	0.85350
39	0.85350
40	0.85350
41	0.85350
42	0.85350
43	0.85350
44	0.85350
45	0.85350
46	0.85350
47	0.85350
48	0.85350
49	0.85350
50	0.85350
51	0.85350
52	0.85350
53	0.85350
54	0.85350
55	0.85350
56	0.85350
57	0.85350
58	0.85350
59	0.85350
60	0.85350
61	0.85350
62	0.85350
63	0.85350
64	0.85350
65	0.85350
66	0.85350
67	0.85350
68	0.85350
69	0.85350
70	0.85350
71	0.85350
72	0.85350
73	0.85350
74	0.85350
75	0.85350
76	0.85350
77	0.85350
78	0.85350
79	0.85350
80	0.85350
81	0.85350
82	0.85350
83	0.85350
84	0.85350
85	0.85350
86	0.85350
87	0.85350
88	0.85350
89	0.85350
90	0.85350
91	0.85350
92	0.85350
93	0.85350
94	0.85350
95	0.85350
96	0.85350
97	0.85350
98	0.85350
99	0.85350
100	0.85350
101	0.85350
102	0.85350
103	0.85350
104	0.85350
105	0.85350
106	0.85350
107	0.85350
108	0.85350
109	0.85350
110	0.85350
111	0.85350
112	0.85350
113	0.85350
114	0.85350
115	0.85350
116	0.85350
117	0.85350
118	0.85350
119	0.85350
120	0.85350
121	0.85350
122	0.85350
123	0.85350
124	0.85350
125	0.85350
126	0.85350
127	0.85350
128	0.85350
129	0.85350
130	0.85350
131	0.85350
132	0.85350
133	0.85350
134	0.85350
135	0.85350
136	0.85350
137	0.85350
138	0.85350
139	0.85350
140	0.85350
141	0.85350
142	0.85350
143	0.85350
144	0.85350
145	0.85350
146	0.85350
147	0.85350
148	0.85350
149	0.85350
