0	0.00000
1	0.00150
2	0.00300
3	0.00100
4	0.00200
5	0.00300
6	0.00250
7	0.00250
8	0.00450
9	0.00450
10	0.00650
11	0.00400
12	0.00750
13	0.00850
14	0.00650
15	0.00550
16	0.01250
17	0.01050
18	0.01450
19	0.01300
20	0.01400
21	0.01850
22	0.01800
23	0.02050
24	0.02550
25	0.02650
26	0.02150
27	0.02900
28	0.02750
29	0.03450
30	0.03350
31	0.02700
32	0.03100
33	0.02800
34	0.03350
35	0.02250
36	0.02150
37	0.02500
38	0.01750
39	0.02400
40	0.01700
41	0.01550
42	0.01400
43	0.01350
44	0.01250
45	0.01450
46	0.01000
47	0.00900
48	0.00500
49	0.00600
50	0.00300
51	0.00400
52	0.00350
53	0.00350
54	0.00200
55	0.00150
56	0.00100
57	0.00150
58	0.00100
59	0.00050
60	0.00250
61	0.00150
62	0.00050
63	0.00050
64	0.00100
65	0.00000
66	0.00100
67	0.00050
68	0.00100
69	0.00000
70	0.00000
71	0.00000
72	0.00000
73	0.00000
74	0.00000
75	0.00000
76	0.00050
77	0.00000
78	0.00000
79	0.00000
80	0.00000
81	0.00000
82	0.00000
83	0.00050
84	0.00000
85	0.00000
86	0.00000
87	0.00000
88	0.00000
89	0.00000
90	0.00000
91	0.00000
92	0.00000
93	0.00000
94	0.00000
95	0.00000
96	0.00000
97	0.00000
98	0.00000
99	0.00000
