0	0.00500
1	0.00650
2	0.00950
3	0.01050
4	0.01250
5	0.01550
6	0.01800
7	0.02050
8	0.02500
9	0.02950
10	0.03600
11	0.04000
12	0.04750
13	0.05600
14	0.06250
15	0.06800
16	0.08050
17	0.09100
18	0.10550
19	0.11850
20	0.13250
21	0.15100
22	0.16900
23	0.18950
24	0.21500
25	0.24150
26	0.26300
27	0.29200
28	0.31950
29	0.35400
30	0.38750
31	0.41450
32	0.44550
33	0.47350
34	0.50700
35	0.52950
36	0.55100
37	0.57600
38	0.59350
39	0.61750
40	0.63450
41	0.65000
42	0.66400
43	0.67750
44	0.69000
45	0.70450
46	0.71450
47	0.72350
48	0.72850
49	0.73450
50	0.73750
51	0.74150
52	0.74500
53	0.74850
54	0.75050
55	0.75200
56	0.75300
57	0.75450
58	0.75550
59	0.75600
60	0.75850
61	0.76000
62	0.76050
63	0.76100
64	0.76200
65	0.76200
66	0.76300
67	0.76350
68	0.76450
69	0.76450
70	0.76450
71	0.76450
72	0.76450
73	0.76450
74	0.76450
75	0.76450
76	0.76500
77	0.76500
78	0.76500
79	0.76500
80	0.76500
81	0.76500
82	0.76500
83	0.76550
84	0.76550
85	0.76550
86	0.76550
87	0.76550
88	0.76550
89	0.76550
90	0.76550
91	0.76550
92	0.76550
93	0.76550
94	0.76550
95	0.76550
96	0.76550
97	0.76550
98	0.76550
99	0.76550
