0	0.00200
1	0.00400
2	0.00500
3	0.00680
4	0.01000
5	0.01320
6	0.02140
7	0.03160
8	0.04360
9	0.05460
10	0.07020
11	0.09160
12	0.11260
13	0.14140
14	0.17700
15	0.21560
16	0.25420
17	0.29560
18	0.33860
19	0.38560
20	0.42700
21	0.46820
22	0.49940
23	0.52880
24	0.55220
25	0.57100
26	0.58280
27	0.59300
28	0.60100
29	0.60840
30	0.61380
31	0.61660
32	0.61920
33	0.62160
34	0.62220
35	0.62380
36	0.62420
37	0.62460
38	0.62480
39	0.62580
40	0.62580
41	0.62580
42	0.62600
43	0.62600
44	0.62600
45	0.62600
46	0.62640
47	0.62640
48	0.62640
49	0.62640
50	0.62640
51	0.62640
52	0.62640
53	0.62640
54	0.62640
55	0.62640
56	0.62640
57	0.62640
58	0.62640
59	0.62640
60	0.62640
61	0.62640
62	0.62640
63	0.62640
64	0.62640
65	0.62640
66	0.62640
67	0.62640
68	0.62640
69	0.62640
70	0.62640
71	0.62640
72	0.62640
73	0.62640
74	0.62640
75	0.62640
76	0.62640
77	0.62640
78	0.62640
79	0.62640
80	0.62640
81	0.62640
82	0.62640
83	0.62640
84	0.62640
85	0.62640
86	0.62640
87	0.62640
88	0.62640
89	0.62640
90	0.62640
91	0.62640
92	0.62640
93	0.62640
94	0.62640
95	0.62640
96	0.62640
97	0.62640
98	0.62640
99	0.62640
