55	0.00657
56	0.00668
57	0.00514
58	0.00508
59	0.00450
60	0.00469
61	0.00389
62	0.00359
63	0.00300
64	0.00293
65	0.00269
66	0.00235
67	0.00237
68	0.00263
69	0.00271
70	0.00281
71	0.00274
72	0.00250
73	0.00218
74	0.00219
75	0.00193
76	0.00205
77	0.00088
78	0.00070
79	0.00082
80	0.00089
81	0.00109
82	0.00101
83	0.00000
84	0.00114
85	0.00000
86	0.00000
87	0.00000
88	0.00000
89	0.00000
90	0.00000
91	0.00000
92	0.00000
93	0.00000
94	0.00000
95	0.00000
96	0.00000
97	0.00000
98	0.00000
99	0.00000
100	0.00000
101	0.00000
102	0.00000
103	0.00000
104	0.00000
105	0.00000
106	0.00000
107	0.00000
108	0.00000
109	0.00000
110	0.00000
111	0.00000
112	0.00000
113	0.00000
114	0.00000
115	0.00000
116	0.00000
117	0.00000
118	0.00000
119	0.00000
120	0.00000
121	0.00000
122	0.00000
123	0.00000
124	0.00000
125	0.00000
126	0.00000
127	0.00000
128	0.00000
129	0.00000
130	0.00000
131	0.00000
132	0.00000
133	0.00000
134	0.00000
135	0.00000
136	0.00000
137	0.00000
138	0.00000
139	0.00000
140	0.00000
141	0.00000
142	0.00000
143	0.00000
144	0.00000
145	0.00000
146	0.00000
147	0.00000
148	0.00000
149	0.00000
