55	167	0	0	0	3	
56	166	0	0	0	3	
57	162	0	0	0	3	
58	161	0	0	0	3	
59	158	0	0	0	3	
60	155	0	0	0	3	
61	154	0	0	0	3	
62	152	0	0	0	3	
63	151	0	0	0	3	
64	149	0	0	0	3	
65	145	0	0	0	3	
66	142	0	0	0	3	
67	139	0	0	0	3	
68	138	0	0	0	3	
69	136	0	0	0	3	
70	133	0	0	0	3	
71	129	0	0	0	3	
72	129	0	0	0	3	
73	125	0	0	0	3	
74	118	0	0	0	3	
75	115	0	0	0	3	
76	111	0	0	0	3	
77	107	0	0	0	3	
78	103	0	0	0	3	
79	99	0	0	0	3	
80	94	0	0	0	3	
81	87	0	0	0	3	
82	85	0	0	0	3	
83	84	0	0	0	3	
84	79	0	0	0	3	
85	77	0	0	0	3	
86	72	0	0	0	3	
87	69	0	0	0	3	
88	68	0	0	0	3	
89	67	0	0	0	3	
90	63	0	0	0	3	
91	59	0	0	0	3	
92	57	0	0	0	3	
93	56	0	0	0	3	
94	54	0	0	0	3	
95	53	0	0	0	3	
96	53	0	0	0	3	
97	51	0	0	0	3	
98	48	0	0	0	3	
99	45	0	0	0	3	
100	44	0	0	0	3	
101	43	0	0	0	3	
102	42	0	0	0	3	
103	42	0	0	0	3	
104	41	0	0	0	3	
105	40	0	0	0	3	
106	40	0	0	0	3	
107	36	0	0	0	3	
108	34	0	0	0	3	
109	31	0	0	0	3	
110	29	0	0	0	3	
111	29	0	0	0	3	
112	27	0	0	0	3	
113	26	0	0	0	3	
114	25	0	0	0	3	
115	25	0	0	0	3	
116	25	0	0	0	3	
117	24	0	0	0	3	
118	23	0	0	0	3	
119	21	0	0	0	3	
120	20	0	0	0	3	
121	20	0	0	0	3	
122	20	0	0	0	3	
123	20	0	0	0	3	
124	20	0	0	0	3	
125	19	0	0	0	3	
126	19	0	0	0	3	
127	18	0	0	0	3	
128	18	0	0	0	3	
129	15	0	0	0	3	
130	15	0	0	0	3	
131	14	0	0	0	3	
132	14	0	0	0	3	
133	14	0	0	0	3	
134	14	0	0	0	3	
135	13	0	0	0	3	
136	12	0	0	0	3	
137	12	0	0	0	3	
138	12	0	0	0	3	
139	12	0	0	0	3	
140	12	0	0	0	3	
141	11	0	0	0	3	
142	11	0	0	0	3	
143	11	0	0	0	3	
144	11	0	0	0	3	
145	11	0	0	0	3	
146	11	0	0	0	3	
147	11	0	0	0	3	
148	11	0	0	0	3	
149	11	0	0	0	3	
