0	0.00000
1	0.00000
2	0.00000
3	0.01448
4	0.08765
5	0.28785
6	0.59241
7	0.92996
8	1.26703
9	1.51638
10	1.52544
11	1.40152
12	1.18115
13	0.95435
14	0.71616
15	0.50847
16	0.35830
17	0.24641
18	0.17929
19	0.12935
20	0.09603
21	0.07148
22	0.05226
23	0.04214
24	0.03436
25	0.02768
26	0.02299
27	0.01750
28	0.01432
29	0.01235
30	0.00867
31	0.00676
32	0.00611
33	0.00341
34	0.00307
35	0.00182
36	0.00212
37	0.00176
38	0.00101
39	0.00051
40	0.00084
41	0.00113
42	0.00113
43	0.00069
44	0.00069
45	0.00069
46	0.00069
47	0.00036
48	0.00000
49	0.00000
50	0.00017
51	0.00017
52	0.00017
53	0.00017
54	0.00017
55	0.00017
56	0.00017
57	0.00000
58	0.00000
59	0.00000
60	0.00000
61	0.00000
62	0.00000
63	0.00000
64	0.00000
65	0.00000
66	0.00000
67	0.00000
68	0.00000
69	0.00000
70	0.00000
71	0.00000
72	0.00000
73	0.00000
74	0.00000
75	0.00000
76	0.00000
77	0.00000
78	0.00000
79	0.00000
80	0.00000
81	0.00000
82	0.00000
83	0.00000
84	0.00000
85	0.00000
86	0.00000
87	0.00000
88	0.00000
89	0.00000
90	0.00000
91	0.00000
92	0.00000
93	0.00000
94	0.00000
95	0.00000
96	0.00000
97	0.00000
98	0.00000
99	0.00000
