0	0.00000
1	0.00000
2	0.00000
3	0.00961
4	0.04928
5	0.12320
6	0.22954
7	0.37996
8	0.83826
9	1.04962
10	1.29825
11	1.38762
12	1.30844
13	1.21578
14	1.10045
15	0.88638
16	0.71967
17	0.54831
18	0.42876
19	0.33164
20	0.25566
21	0.19529
22	0.15233
23	0.12183
24	0.09689
25	0.07638
26	0.06040
27	0.04990
28	0.04086
29	0.03507
30	0.02700
31	0.02046
32	0.01757
33	0.01495
34	0.01263
35	0.01202
36	0.00816
37	0.00599
38	0.00579
39	0.00526
40	0.00394
41	0.00281
42	0.00171
43	0.00165
44	0.00157
45	0.00157
46	0.00062
47	0.00035
48	0.00035
49	0.00000
50	0.00000
51	0.00000
52	0.00000
53	0.00000
54	0.00000
55	0.00000
56	0.00000
57	0.00000
58	0.00000
59	0.00000
60	0.00000
61	0.00000
62	0.00000
63	0.00000
64	0.00000
65	0.00000
66	0.00000
67	0.00000
68	0.00000
69	0.00000
70	0.00000
71	0.00000
72	0.00000
73	0.00000
74	0.00000
75	0.00000
76	0.00000
77	0.00000
78	0.00000
79	0.00000
80	0.00000
81	0.00000
82	0.00000
83	0.00000
84	0.00000
85	0.00000
86	0.00000
87	0.00000
88	0.00000
89	0.00000
90	0.00000
91	0.00000
92	0.00000
93	0.00000
94	0.00000
95	0.00009
96	0.00009
97	0.00009
98	0.00009
99	0.00009
