0	0.00500
1	0.00750
2	0.01300
3	0.01950
4	0.03000
5	0.05000
6	0.08550
7	0.13300
8	0.18450
9	0.24550
10	0.30250
11	0.36450
12	0.42950
13	0.48400
14	0.54200
15	0.58050
16	0.60800
17	0.63150
18	0.65000
19	0.66300
20	0.67600
21	0.68450
22	0.69150
23	0.69600
24	0.70050
25	0.70350
26	0.70600
27	0.70800
28	0.70950
29	0.71100
30	0.71250
31	0.71350
32	0.71450
33	0.71450
34	0.71450
35	0.71450
36	0.71500
37	0.71550
38	0.71600
39	0.71600
40	0.71600
41	0.71600
42	0.71600
43	0.71600
44	0.71600
45	0.71600
46	0.71600
47	0.71600
48	0.71600
49	0.71600
50	0.71600
51	0.71650
52	0.71650
53	0.71650
54	0.71650
55	0.71650
56	0.71650
57	0.71650
58	0.71650
59	0.71650
60	0.71650
61	0.71650
62	0.71650
63	0.71650
64	0.71650
65	0.71650
66	0.71650
67	0.71650
68	0.71650
69	0.71650
70	0.71650
71	0.71650
72	0.71650
73	0.71650
74	0.71650
75	0.71650
76	0.71650
77	0.71650
78	0.71650
79	0.71650
80	0.71650
81	0.71650
82	0.71650
83	0.71650
84	0.71650
85	0.71650
86	0.71650
87	0.71650
88	0.71650
89	0.71650
90	0.71650
91	0.71650
92	0.71650
93	0.71650
94	0.71650
95	0.71650
96	0.71650
97	0.71650
98	0.71650
99	0.71650
