0	0.00500
1	0.01300
2	0.03650
3	0.10300
4	0.23850
5	0.46550
6	0.66800
7	0.75400
8	0.77700
9	0.78450
10	0.78500
11	0.78550
12	0.78550
13	0.78550
14	0.78550
15	0.78550
16	0.78550
17	0.78550
18	0.78550
19	0.78550
20	0.78550
21	0.78550
22	0.78550
23	0.78550
24	0.78550
25	0.78550
26	0.78550
27	0.78550
28	0.78550
29	0.78550
30	0.78550
31	0.78550
32	0.78550
33	0.78550
34	0.78550
35	0.78550
36	0.78550
37	0.78550
38	0.78550
39	0.78550
40	0.78550
41	0.78550
42	0.78550
43	0.78550
44	0.78550
45	0.78550
46	0.78550
47	0.78550
48	0.78550
49	0.78550
50	0.78550
51	0.78550
52	0.78550
53	0.78550
54	0.78550
55	0.78550
56	0.78550
57	0.78550
58	0.78550
59	0.78550
60	0.78550
61	0.78550
62	0.78550
63	0.78550
64	0.78550
65	0.78550
66	0.78550
67	0.78550
68	0.78550
69	0.78550
70	0.78550
71	0.78550
72	0.78550
73	0.78550
74	0.78550
75	0.78550
76	0.78550
77	0.78550
78	0.78550
79	0.78550
80	0.78550
81	0.78550
82	0.78550
83	0.78550
84	0.78550
85	0.78550
86	0.78550
87	0.78550
88	0.78550
89	0.78550
90	0.78550
91	0.78550
92	0.78550
93	0.78550
94	0.78550
95	0.78550
96	0.78550
97	0.78550
98	0.78550
99	0.78550
100	0.78550
101	0.78550
102	0.78550
103	0.78550
104	0.78550
105	0.78550
106	0.78550
107	0.78550
108	0.78550
109	0.78550
110	0.78550
111	0.78550
112	0.78550
113	0.78550
114	0.78550
115	0.78550
116	0.78550
117	0.78550
118	0.78550
119	0.78550
120	0.78550
121	0.78550
122	0.78550
123	0.78550
124	0.78550
125	0.78550
126	0.78550
127	0.78550
128	0.78550
129	0.78550
130	0.78550
131	0.78550
132	0.78550
133	0.78550
134	0.78550
135	0.78550
136	0.78550
137	0.78550
138	0.78550
139	0.78550
140	0.78550
141	0.78550
142	0.78550
143	0.78550
144	0.78550
145	0.78550
146	0.78550
147	0.78550
148	0.78550
149	0.78550
