0	0.00000
1	0.00500
2	0.01000
3	0.00000
4	0.00500
5	0.00000
6	0.00000
7	0.00500
8	0.00000
9	0.00000
10	0.00000
11	0.00000
12	0.00500
13	0.00000
14	0.00000
15	0.00000
16	0.00000
17	0.00500
18	0.00500
19	0.00000
20	0.00000
21	0.00000
22	0.00000
23	0.00000
24	0.00500
25	0.00500
26	0.00000
27	0.00000
28	0.00000
29	0.01500
30	0.00500
31	0.00000
32	0.00000
33	0.00000
34	0.00000
35	0.00000
36	0.00000
37	0.00000
38	0.00000
39	0.00000
40	0.00000
41	0.00000
42	0.00500
43	0.00000
44	0.00000
45	0.00000
46	0.00500
47	0.00000
48	0.00000
49	0.00000
50	0.00000
51	0.01000
52	0.00500
53	0.00500
54	0.00000
55	0.00500
56	0.00000
57	0.00000
58	0.00000
59	0.00000
60	0.00000
61	0.00000
62	0.00000
63	0.00000
64	0.00500
65	0.00500
66	0.01000
67	0.01000
68	0.01000
69	0.00500
70	0.00500
71	0.00500
72	0.00500
73	0.00000
74	0.00000
75	0.00500
76	0.00500
77	0.00000
78	0.00500
79	0.01000
80	0.01000
81	0.01000
82	0.00000
83	0.00500
84	0.00500
85	0.01000
86	0.00500
87	0.01000
88	0.00500
89	0.00000
90	0.01500
91	0.00500
92	0.00000
93	0.00500
94	0.01500
95	0.00000
96	0.00000
97	0.01000
98	0.01500
99	0.00000
100	0.00000
101	0.00000
102	0.00000
103	0.00500
104	0.01500
105	0.00500
106	0.00500
107	0.00000
108	0.00000
109	0.00000
110	0.01000
111	0.01000
112	0.00500
113	0.00000
114	0.00000
115	0.01000
116	0.00500
117	0.00500
118	0.00000
119	0.01500
120	0.00000
121	0.01000
122	0.01000
123	0.00500
124	0.00500
125	0.01000
126	0.01000
127	0.00500
128	0.00500
129	0.00000
130	0.00500
131	0.00000
132	0.00000
133	0.00500
134	0.00000
135	0.01000
136	0.00500
137	0.01000
138	0.01000
139	0.00500
140	0.00000
141	0.02000
142	0.00000
143	0.00000
144	0.00000
145	0.00500
146	0.01000
147	0.00500
148	0.00000
149	0.00500
150	0.00000
151	0.00000
152	0.00000
153	0.00000
154	0.00500
155	0.00000
156	0.00000
157	0.00500
158	0.00000
159	0.00000
160	0.00000
161	0.01000
162	0.00500
163	0.00000
164	0.00000
165	0.00000
166	0.00000
167	0.00000
168	0.00000
169	0.00000
170	0.02000
171	0.00000
172	0.00000
173	0.00000
174	0.01000
175	0.00500
176	0.00000
177	0.00500
178	0.00000
179	0.00000
180	0.00000
181	0.00000
182	0.00000
183	0.00000
184	0.00000
185	0.00500
186	0.00500
187	0.00000
188	0.00000
189	0.00000
190	0.00000
191	0.00000
192	0.00000
193	0.00000
194	0.00000
195	0.00500
196	0.00000
197	0.00000
198	0.00500
199	0.00000
