0	0.02000
1	0.02500
2	0.03500
3	0.03500
4	0.04000
5	0.04000
6	0.04000
7	0.04500
8	0.04500
9	0.04500
10	0.04500
11	0.04500
12	0.05000
13	0.05000
14	0.05000
15	0.05000
16	0.05000
17	0.05500
18	0.06000
19	0.06000
20	0.06000
21	0.06000
22	0.06000
23	0.06000
24	0.06500
25	0.07000
26	0.07000
27	0.07000
28	0.07000
29	0.08500
30	0.09000
31	0.09000
32	0.09000
33	0.09000
34	0.09000
35	0.09000
36	0.09000
37	0.09000
38	0.09000
39	0.09000
40	0.09000
41	0.09000
42	0.09500
43	0.09500
44	0.09500
45	0.09500
46	0.10000
47	0.10000
48	0.10000
49	0.10000
50	0.10000
51	0.11000
52	0.11500
53	0.12000
54	0.12000
55	0.12500
56	0.12500
57	0.12500
58	0.12500
59	0.12500
60	0.12500
61	0.12500
62	0.12500
63	0.12500
64	0.13000
65	0.13500
66	0.14500
67	0.15500
68	0.16500
69	0.17000
70	0.17500
71	0.18000
72	0.18500
73	0.18500
74	0.18500
75	0.19000
76	0.19500
77	0.19500
78	0.20000
79	0.21000
80	0.22000
81	0.23000
82	0.23000
83	0.23500
84	0.24000
85	0.25000
86	0.25500
87	0.26500
88	0.27000
89	0.27000
90	0.28500
91	0.29000
92	0.29000
93	0.29500
94	0.31000
95	0.31000
96	0.31000
97	0.32000
98	0.33500
99	0.33500
100	0.33500
101	0.33500
102	0.33500
103	0.34000
104	0.35500
105	0.36000
106	0.36500
107	0.36500
108	0.36500
109	0.36500
110	0.37500
111	0.38500
112	0.39000
113	0.39000
114	0.39000
115	0.40000
116	0.40500
117	0.41000
118	0.41000
119	0.42500
120	0.42500
121	0.43500
122	0.44500
123	0.45000
124	0.45500
125	0.46500
126	0.47500
127	0.48000
128	0.48500
129	0.48500
130	0.49000
131	0.49000
132	0.49000
133	0.49500
134	0.49500
135	0.50500
136	0.51000
137	0.52000
138	0.53000
139	0.53500
140	0.53500
141	0.55500
142	0.55500
143	0.55500
144	0.55500
145	0.56000
146	0.57000
147	0.57500
148	0.57500
149	0.58000
150	0.58000
151	0.58000
152	0.58000
153	0.58000
154	0.58500
155	0.58500
156	0.58500
157	0.59000
158	0.59000
159	0.59000
160	0.59000
161	0.60000
162	0.60500
163	0.60500
164	0.60500
165	0.60500
166	0.60500
167	0.60500
168	0.60500
169	0.60500
170	0.62500
171	0.62500
172	0.62500
173	0.62500
174	0.63500
175	0.64000
176	0.64000
177	0.64500
178	0.64500
179	0.64500
180	0.64500
181	0.64500
182	0.64500
183	0.64500
184	0.64500
185	0.65000
186	0.65500
187	0.65500
188	0.65500
189	0.65500
190	0.65500
191	0.65500
192	0.65500
193	0.65500
194	0.65500
195	0.66000
196	0.66000
197	0.66000
198	0.66500
199	0.66500
