0	0.00500
1	0.01700
2	0.04950
3	0.12150
4	0.27000
5	0.49150
6	0.68450
7	0.76150
8	0.78350
9	0.78850
10	0.79100
11	0.79100
12	0.79100
13	0.79100
14	0.79100
15	0.79100
16	0.79100
17	0.79100
18	0.79100
19	0.79100
20	0.79100
21	0.79100
22	0.79100
23	0.79100
24	0.79100
25	0.79100
26	0.79100
27	0.79100
28	0.79100
29	0.79100
30	0.79100
31	0.79100
32	0.79100
33	0.79100
34	0.79100
35	0.79100
36	0.79100
37	0.79100
38	0.79100
39	0.79100
40	0.79100
41	0.79100
42	0.79100
43	0.79100
44	0.79100
45	0.79100
46	0.79100
47	0.79100
48	0.79100
49	0.79100
50	0.79100
51	0.79100
52	0.79100
53	0.79100
54	0.79100
55	0.79100
56	0.79100
57	0.79100
58	0.79100
59	0.79100
60	0.79100
61	0.79100
62	0.79100
63	0.79100
64	0.79100
65	0.79100
66	0.79100
67	0.79100
68	0.79100
69	0.79100
70	0.79100
71	0.79100
72	0.79100
73	0.79100
74	0.79100
75	0.79100
76	0.79100
77	0.79100
78	0.79100
79	0.79100
80	0.79100
81	0.79100
82	0.79100
83	0.79100
84	0.79100
85	0.79100
86	0.79100
87	0.79100
88	0.79100
89	0.79100
90	0.79100
91	0.79100
92	0.79100
93	0.79100
94	0.79100
95	0.79100
96	0.79100
97	0.79100
98	0.79100
99	0.79100
100	0.79100
101	0.79100
102	0.79100
103	0.79100
104	0.79100
105	0.79100
106	0.79100
107	0.79100
108	0.79100
109	0.79100
110	0.79100
111	0.79100
112	0.79100
113	0.79100
114	0.79100
115	0.79100
116	0.79100
117	0.79100
118	0.79100
119	0.79100
120	0.79100
121	0.79100
122	0.79100
123	0.79100
124	0.79100
125	0.79100
126	0.79100
127	0.79100
128	0.79100
129	0.79100
130	0.79100
131	0.79100
132	0.79100
133	0.79100
134	0.79100
135	0.79100
136	0.79100
137	0.79100
138	0.79100
139	0.79100
140	0.79100
141	0.79100
142	0.79100
143	0.79100
144	0.79100
145	0.79100
146	0.79100
147	0.79100
148	0.79100
149	0.79100
