0	0	0	0	0	0	
1	741	0	0	0	0	
2	715	0	0	0	0	
3	57	604	0	0	0	
4	0	48	518	0	0	
5	0	0	36	434	0	
6	0	0	0	24	398	
7	0	0	0	0	419	
8	0	0	0	0	417	
9	0	0	0	0	417	
10	0	0	0	0	417	
11	0	0	0	0	417	
12	0	0	0	0	417	
13	0	0	0	0	417	
14	0	0	0	0	417	
15	0	0	0	0	417	
16	0	0	0	0	417	
17	0	0	0	0	417	
18	0	0	0	0	417	
19	0	0	0	0	417	
20	0	0	0	0	417	
21	0	0	0	0	417	
22	0	0	0	0	417	
23	0	0	0	0	417	
24	0	0	0	0	417	
25	0	0	0	0	417	
26	0	0	0	0	417	
27	0	0	0	0	417	
28	0	0	0	0	417	
29	0	0	0	0	417	
30	0	0	0	0	417	
31	0	0	0	0	417	
32	0	0	0	0	417	
33	0	0	0	0	417	
34	0	0	0	0	417	
35	0	0	0	0	417	
36	0	0	0	0	417	
37	0	0	0	0	417	
38	0	0	0	0	417	
39	0	0	0	0	417	
40	0	0	0	0	417	
41	0	0	0	0	417	
42	0	0	0	0	417	
43	0	0	0	0	417	
44	0	0	0	0	417	
45	0	0	0	0	417	
46	0	0	0	0	417	
47	0	0	0	0	417	
48	0	0	0	0	417	
49	0	0	0	0	417	
50	0	0	0	0	417	
51	0	0	0	0	417	
52	0	0	0	0	417	
53	0	0	0	0	417	
54	0	0	0	0	417	
55	0	0	0	0	417	
56	0	0	0	0	417	
57	0	0	0	0	417	
58	0	0	0	0	417	
59	0	0	0	0	417	
60	0	0	0	0	417	
61	0	0	0	0	417	
62	0	0	0	0	417	
63	0	0	0	0	417	
64	0	0	0	0	417	
65	0	0	0	0	417	
66	0	0	0	0	417	
67	0	0	0	0	417	
68	0	0	0	0	417	
69	0	0	0	0	417	
70	0	0	0	0	417	
71	0	0	0	0	417	
72	0	0	0	0	417	
73	0	0	0	0	417	
74	0	0	0	0	417	
75	0	0	0	0	417	
76	0	0	0	0	417	
77	0	0	0	0	417	
78	0	0	0	0	417	
79	0	0	0	0	417	
80	0	0	0	0	417	
81	0	0	0	0	417	
82	0	0	0	0	417	
83	0	0	0	0	417	
84	0	0	0	0	417	
85	0	0	0	0	417	
86	0	0	0	0	417	
87	0	0	0	0	417	
88	0	0	0	0	417	
89	0	0	0	0	417	
90	0	0	0	0	417	
91	0	0	0	0	417	
92	0	0	0	0	417	
93	0	0	0	0	417	
94	0	0	0	0	417	
95	0	0	0	0	417	
96	0	0	0	0	417	
97	0	0	0	0	417	
98	0	0	0	0	417	
99	0	0	0	0	417	
100	0	0	0	0	417	
101	0	0	0	0	417	
102	0	0	0	0	417	
103	0	0	0	0	417	
104	0	0	0	0	417	
105	0	0	0	0	417	
106	0	0	0	0	417	
107	0	0	0	0	417	
108	0	0	0	0	417	
109	0	0	0	0	417	
110	0	0	0	0	417	
111	0	0	0	0	417	
112	0	0	0	0	417	
113	0	0	0	0	417	
114	0	0	0	0	417	
115	0	0	0	0	417	
116	0	0	0	0	417	
117	0	0	0	0	417	
118	0	0	0	0	417	
119	0	0	0	0	417	
120	0	0	0	0	417	
121	0	0	0	0	417	
122	0	0	0	0	417	
123	0	0	0	0	417	
124	0	0	0	0	417	
125	0	0	0	0	417	
126	0	0	0	0	417	
127	0	0	0	0	417	
128	0	0	0	0	417	
129	0	0	0	0	417	
130	0	0	0	0	417	
131	0	0	0	0	417	
132	0	0	0	0	417	
133	0	0	0	0	417	
134	0	0	0	0	417	
135	0	0	0	0	417	
136	0	0	0	0	417	
137	0	0	0	0	417	
138	0	0	0	0	417	
139	0	0	0	0	417	
140	0	0	0	0	417	
141	0	0	0	0	417	
142	0	0	0	0	417	
143	0	0	0	0	417	
144	0	0	0	0	417	
145	0	0	0	0	417	
146	0	0	0	0	417	
147	0	0	0	0	417	
148	0	0	0	0	417	
149	0	0	0	0	417	
