0	0.00000
1	0.00050
2	0.00150
3	0.00050
4	0.00050
5	0.00050
6	0.00100
7	0.00050
8	0.00150
9	0.00050
10	0.00050
11	0.00100
12	0.00150
13	0.00200
14	0.00150
15	0.00000
16	0.00200
17	0.00100
18	0.00100
19	0.00550
20	0.00250
21	0.00250
22	0.00300
23	0.00350
24	0.00700
25	0.00400
26	0.00200
27	0.00350
28	0.00400
29	0.00300
30	0.00500
31	0.00150
32	0.00400
33	0.00600
34	0.00650
35	0.00550
36	0.00450
37	0.00150
38	0.00750
39	0.00600
40	0.00700
41	0.00750
42	0.01650
43	0.01000
44	0.00850
45	0.01150
46	0.01050
47	0.01300
48	0.01200
49	0.01450
50	0.01450
51	0.01250
52	0.01800
53	0.01000
54	0.01300
55	0.01900
56	0.02150
57	0.01250
58	0.01350
59	0.01150
60	0.01350
61	0.01150
62	0.01250
63	0.00950
64	0.01250
65	0.01250
66	0.01200
67	0.01000
68	0.00750
69	0.00900
70	0.01000
71	0.01000
72	0.00700
73	0.00750
74	0.00750
75	0.00900
76	0.00700
77	0.00450
78	0.00400
79	0.00500
80	0.00600
81	0.00700
82	0.00850
83	0.00450
84	0.00550
85	0.00550
86	0.00800
87	0.00400
88	0.00200
89	0.00350
90	0.00150
91	0.00150
92	0.00400
93	0.00350
94	0.00100
95	0.00150
96	0.00400
97	0.00150
98	0.00150
99	0.00200
100	0.00100
101	0.00100
102	0.00150
103	0.00000
104	0.00150
105	0.00100
106	0.00050
107	0.00050
108	0.00050
109	0.00050
110	0.00000
111	0.00000
112	0.00000
113	0.00100
114	0.00050
115	0.00000
116	0.00000
117	0.00000
118	0.00000
119	0.00050
120	0.00000
121	0.00000
122	0.00000
123	0.00050
124	0.00000
125	0.00000
126	0.00000
127	0.00000
128	0.00050
129	0.00000
130	0.00000
131	0.00000
132	0.00000
133	0.00000
134	0.00050
135	0.00000
136	0.00000
137	0.00000
138	0.00000
139	0.00000
140	0.00000
141	0.00000
142	0.00000
143	0.00000
144	0.00000
145	0.00000
146	0.00000
147	0.00000
148	0.00000
149	0.00000
