0	0	0	0	0	0	
1	750	0	0	0	0	
2	750	0	0	0	0	
3	732	18	0	0	0	
4	89	643	18	0	0	
5	31	58	642	18	0	
6	10	21	58	642	18	
7	2	8	21	58	660	
8	0	2	8	21	718	
9	0	0	2	8	739	
10	0	0	0	2	747	
11	0	0	0	0	749	
12	0	0	0	0	749	
13	0	0	0	0	748	
14	0	0	0	0	748	
15	0	0	0	0	748	
16	0	0	0	0	748	
17	0	0	0	0	748	
18	0	0	0	0	748	
19	0	0	0	0	748	
20	0	0	0	0	747	
21	0	0	0	0	746	
22	0	0	0	0	746	
23	0	0	0	0	746	
24	0	0	0	0	746	
25	0	0	0	0	746	
26	0	0	0	0	746	
27	0	0	0	0	746	
28	0	0	0	0	746	
29	0	0	0	0	746	
30	0	0	0	0	746	
31	0	0	0	0	746	
32	0	0	0	0	746	
33	0	0	0	0	745	
34	0	0	0	0	745	
35	0	0	0	0	745	
36	0	0	0	0	745	
37	0	0	0	0	745	
38	0	0	0	0	744	
39	0	0	0	0	744	
40	0	0	0	0	743	
41	0	0	0	0	742	
42	0	0	0	0	742	
43	0	0	0	0	742	
44	0	0	0	0	742	
45	0	0	0	0	742	
46	0	0	0	0	742	
47	0	0	0	0	742	
48	0	0	0	0	740	
49	0	0	0	0	739	
50	0	0	0	0	736	
51	0	0	0	0	734	
52	0	0	0	0	733	
53	0	0	0	0	733	
54	0	0	0	0	733	
55	0	0	0	0	731	
56	0	0	0	0	730	
57	0	0	0	0	730	
58	0	0	0	0	730	
59	0	0	0	0	730	
60	0	0	0	0	729	
61	0	0	0	0	729	
62	0	0	0	0	728	
63	0	0	0	0	728	
64	0	0	0	0	728	
65	0	0	0	0	727	
66	0	0	0	0	727	
67	0	0	0	0	726	
68	0	0	0	0	726	
69	0	0	0	0	726	
70	0	0	0	0	726	
71	0	0	0	0	724	
72	0	0	0	0	723	
73	0	0	0	0	723	
74	0	0	0	0	723	
75	0	0	0	0	722	
76	0	0	0	0	722	
77	0	0	0	0	722	
78	0	0	0	0	722	
79	0	0	0	0	722	
80	0	0	0	0	722	
81	0	0	0	0	722	
82	0	0	0	0	722	
83	0	0	0	0	722	
84	0	0	0	0	722	
85	0	0	0	0	722	
86	0	0	0	0	722	
87	0	0	0	0	722	
88	0	0	0	0	722	
89	0	0	0	0	722	
90	0	0	0	0	722	
91	0	0	0	0	722	
92	0	0	0	0	722	
93	0	0	0	0	722	
94	0	0	0	0	722	
95	0	0	0	0	722	
96	0	0	0	0	722	
97	0	0	0	0	722	
98	0	0	0	0	722	
99	0	0	0	0	722	
100	0	0	0	0	722	
101	0	0	0	0	722	
102	0	0	0	0	721	
103	0	0	0	0	721	
104	0	0	0	0	721	
105	0	0	0	0	721	
106	0	0	0	0	721	
107	0	0	0	0	721	
108	0	0	0	0	721	
109	0	0	0	0	721	
110	0	0	0	0	721	
111	0	0	0	0	721	
112	0	0	0	0	721	
113	0	0	0	0	721	
114	0	0	0	0	721	
115	0	0	0	0	721	
116	0	0	0	0	721	
117	0	0	0	0	721	
118	0	0	0	0	721	
119	0	0	0	0	721	
120	0	0	0	0	721	
121	0	0	0	0	721	
122	0	0	0	0	721	
123	0	0	0	0	721	
124	0	0	0	0	721	
125	0	0	0	0	721	
126	0	0	0	0	721	
127	0	0	0	0	721	
128	0	0	0	0	721	
129	0	0	0	0	721	
130	0	0	0	0	721	
131	0	0	0	0	721	
132	0	0	0	0	721	
133	0	0	0	0	721	
134	0	0	0	0	721	
135	0	0	0	0	721	
136	0	0	0	0	721	
137	0	0	0	0	721	
138	0	0	0	0	721	
139	0	0	0	0	721	
140	0	0	0	0	721	
141	0	0	0	0	721	
142	0	0	0	0	721	
143	0	0	0	0	721	
144	0	0	0	0	721	
145	0	0	0	0	721	
146	0	0	0	0	721	
147	0	0	0	0	721	
148	0	0	0	0	721	
149	0	0	0	0	721	
