0	0.00000
1	0.00000
2	0.00000
3	0.18182
4	0.23077
5	0.53333
6	0.61111
7	0.40909
8	0.30769
9	0.29032
10	0.27778
11	0.32500
12	0.32609
13	0.22642
14	0.23729
15	0.18182
16	0.15278
17	0.16667
18	0.18824
19	0.23656
20	0.21569
21	0.18584
22	0.20800
23	0.19708
24	0.19333
25	0.22289
26	0.20765
27	0.20792
28	0.19369
29	0.18033
30	0.18727
31	0.17241
32	0.18038
33	0.15789
34	0.16173
35	0.14286
36	0.14452
37	0.14161
38	0.13415
39	0.13168
40	0.13059
41	0.12941
42	0.11569
43	0.10928
44	0.09531
45	0.08412
46	0.07040
47	0.06667
48	0.06683
49	0.06588
50	0.05822
51	0.05216
52	0.05076
53	0.04742
54	0.03818
55	0.03543
56	0.03181
57	0.02935
58	0.02703
59	0.03042
60	0.03093
61	0.02588
62	0.02192
63	0.01626
64	0.01075
65	0.01247
66	0.00974
67	0.00617
68	0.00527
69	0.00526
70	0.00350
71	0.00611
72	0.00609
73	0.00694
74	0.00779
75	0.00690
76	0.00859
77	0.00770
78	0.00597
79	0.00425
80	0.00340
81	0.00339
82	0.00338
83	0.00254
84	0.00169
85	0.00169
86	0.00168
87	0.00337
88	0.00252
89	0.00168
90	0.00252
91	0.00168
92	0.00084
93	0.00084
94	0.00000
95	0.00000
96	0.00000
97	0.00084
98	0.00084
99	0.00084
