0	0	0	0	0	0	
1	999	0	0	0	0	
2	999	0	0	0	0	
3	995	0	0	0	0	
4	990	0	0	0	0	
5	0	989	0	0	0	
6	0	0	988	0	0	
7	0	0	0	985	0	
8	0	0	0	983	0	
9	0	0	0	983	0	
10	0	0	0	981	0	
11	0	0	0	981	0	
12	0	0	0	980	0	
13	0	0	0	979	0	
14	0	0	0	978	0	
15	0	0	0	976	0	
16	0	0	0	974	0	
17	0	0	0	972	0	
18	0	0	0	971	0	
19	0	0	0	970	0	
20	0	0	0	969	0	
21	0	0	0	968	0	
22	0	0	0	966	0	
23	0	0	0	962	0	
24	0	0	0	956	0	
25	0	0	0	954	0	
26	0	0	0	950	0	
27	0	0	0	946	0	
28	0	0	0	944	0	
29	0	0	0	940	0	
30	0	0	0	932	0	
31	0	0	0	930	0	
32	0	0	0	920	0	
33	0	0	0	915	0	
34	0	0	0	912	0	
35	0	0	0	909	0	
36	0	0	0	906	0	
37	0	0	0	905	0	
38	0	0	0	899	0	
39	0	0	0	891	0	
40	0	0	0	888	0	
41	0	0	0	883	0	
42	0	0	0	881	0	
43	0	0	0	875	0	
44	0	0	0	871	0	
45	0	0	0	867	0	
46	0	0	0	862	0	
47	0	0	0	857	0	
48	0	0	0	854	0	
49	0	0	0	851	0	
50	0	0	0	843	0	
51	0	0	0	839	0	
52	0	0	0	837	0	
53	0	0	0	835	0	
54	0	0	0	832	0	
55	0	0	0	830	0	
56	0	0	0	826	0	
57	0	0	0	823	0	
58	0	0	0	819	0	
59	0	0	0	817	0	
60	0	0	0	817	0	
61	0	0	0	816	0	
62	0	0	0	814	0	
63	0	0	0	813	0	
64	0	0	0	811	0	
65	0	0	0	811	0	
66	0	0	0	811	0	
67	0	0	0	811	0	
68	0	0	0	811	0	
69	0	0	0	810	0	
70	0	0	0	810	0	
71	0	0	0	808	0	
72	0	0	0	806	0	
73	0	0	0	806	0	
74	0	0	0	806	0	
75	0	0	0	805	0	
76	0	0	0	804	0	
77	0	0	0	804	0	
78	0	0	0	804	0	
79	0	0	0	804	0	
80	0	0	0	803	0	
81	0	0	0	803	0	
82	0	0	0	803	0	
83	0	0	0	803	0	
84	0	0	0	803	0	
85	0	0	0	803	0	
86	0	0	0	803	0	
87	0	0	0	803	0	
88	0	0	0	803	0	
89	0	0	0	803	0	
90	0	0	0	803	0	
91	0	0	0	803	0	
92	0	0	0	803	0	
93	0	0	0	803	0	
94	0	0	0	803	0	
95	0	0	0	803	0	
96	0	0	0	803	0	
97	0	0	0	803	0	
98	0	0	0	803	0	
99	0	0	0	803	0	
