0	0.00000
1	0.00000
2	0.00000
3	0.13316
4	0.37738
5	0.89600
6	1.04365
7	1.41517
8	1.53498
9	1.61143
10	1.78562
11	1.90968
12	1.95992
13	1.97965
14	1.93908
15	1.80919
16	1.68667
17	1.52700
18	1.37931
19	1.25445
20	1.08129
21	0.91225
22	0.75757
23	0.61658
24	0.49347
25	0.39010
26	0.30558
27	0.23211
28	0.17361
29	0.12767
30	0.09061
31	0.06344
32	0.04417
33	0.03056
34	0.02228
35	0.01624
36	0.01255
37	0.01052
38	0.00881
39	0.00764
40	0.00555
41	0.00445
42	0.00348
43	0.00213
44	0.00213
45	0.00163
46	0.00047
47	0.00047
48	0.00047
49	0.00047
50	0.00047
51	0.00047
52	0.00047
53	0.00000
54	0.00000
55	0.00000
56	0.00000
57	0.00000
58	0.00000
59	0.00000
60	0.00000
61	0.00000
62	0.00000
63	0.00000
64	0.00000
65	0.00000
66	0.00000
67	0.00000
68	0.00000
69	0.00000
70	0.00000
71	0.00000
72	0.00000
73	0.00000
74	0.00000
75	0.00000
76	0.00000
77	0.00000
78	0.00000
79	0.00000
80	0.00000
81	0.00000
82	0.00000
83	0.00000
84	0.00000
85	0.00000
86	0.00000
87	0.00000
88	0.00000
89	0.00000
90	0.00000
91	0.00000
92	0.00000
93	0.00000
94	0.00000
95	0.00000
96	0.00000
97	0.00000
98	0.00000
99	0.00000
100	0.00000
101	0.00000
102	0.00000
103	0.00000
104	0.00000
105	0.00000
106	0.00000
107	0.00000
108	0.00000
109	0.00000
110	0.00000
111	0.00000
112	0.00000
113	0.00000
114	0.00000
115	0.00000
116	0.00000
117	0.00000
118	0.00000
119	0.00000
120	0.00000
121	0.00000
122	0.00000
123	0.00000
124	0.00000
125	0.00000
126	0.00000
127	0.00000
128	0.00000
129	0.00000
130	0.00000
131	0.00000
132	0.00000
133	0.00000
134	0.00000
135	0.00000
136	0.00000
137	0.00000
138	0.00000
139	0.00000
140	0.00000
141	0.00000
142	0.00000
143	0.00000
144	0.00000
145	0.00000
146	0.00000
147	0.00000
148	0.00000
149	0.00000
150	0.00000
