0	0.00000
1	0.00000
2	0.00000
3	0.01954
4	0.02754
5	0.05285
6	0.06881
7	0.12515
8	0.14965
9	0.16708
10	0.20030
11	0.20753
12	0.19644
13	0.20978
14	0.18946
15	0.17339
16	0.16674
17	0.24485
18	0.30258
19	0.32584
20	0.33766
21	0.36370
22	0.47444
23	0.46513
24	0.41668
25	0.50994
26	0.57803
27	0.64493
28	0.61144
29	0.65202
30	0.58176
31	0.57265
32	0.51879
33	0.50665
34	0.51774
35	0.49520
36	0.48563
37	0.44795
38	0.41836
39	0.38973
40	0.39903
41	0.37180
42	0.32069
43	0.32384
44	0.30225
45	0.27101
46	0.27031
47	0.24955
48	0.26542
49	0.25637
50	0.25097
51	0.24888
52	0.23817
53	0.22762
54	0.21575
55	0.21033
56	0.19069
57	0.19028
58	0.17999
59	0.16719
60	0.16850
61	0.15200
62	0.13456
63	0.14053
64	0.12628
65	0.11504
66	0.10806
67	0.11033
68	0.10540
69	0.10829
70	0.09850
71	0.09573
72	0.09187
73	0.08451
74	0.07949
75	0.08122
76	0.07397
77	0.06693
78	0.06298
79	0.06137
80	0.06006
81	0.05824
82	0.05327
83	0.04761
84	0.04390
85	0.04236
86	0.04190
87	0.04142
88	0.04231
89	0.04088
90	0.04483
91	0.04385
92	0.04346
93	0.03992
94	0.03606
95	0.03616
96	0.03455
97	0.03163
98	0.03037
99	0.02805
100	0.02920
101	0.03003
102	0.02614
103	0.02897
104	0.02712
105	0.02472
106	0.02111
107	0.01858
108	0.01584
109	0.01764
110	0.01552
111	0.01563
112	0.01500
113	0.01663
114	0.01864
115	0.01943
116	0.01759
117	0.01690
118	0.01460
119	0.01395
120	0.01246
121	0.01053
122	0.00887
123	0.00812
124	0.00944
125	0.00847
126	0.00874
127	0.00871
128	0.00661
129	0.00641
130	0.00493
131	0.00258
132	0.00238
133	0.00156
134	0.00324
135	0.00573
136	0.00534
137	0.00528
138	0.00658
139	0.00710
140	0.00868
141	0.00750
142	0.00650
143	0.00657
144	0.00606
145	0.00633
146	0.00743
147	0.00582
148	0.00679
149	0.00518
150	0.00527
151	0.00457
152	0.00383
153	0.00273
154	0.00289
155	0.00184
156	0.00188
157	0.00165
158	0.00288
159	0.00198
160	0.00205
161	0.00358
162	0.00489
163	0.00472
164	0.00473
165	0.00343
166	0.00358
167	0.00316
168	0.00147
169	0.00037
170	0.00171
171	0.00171
172	0.00150
173	0.00133
174	0.00143
175	0.00143
176	0.00210
177	0.00070
178	0.00070
179	0.00070
