0	0	0	0	0	0	
1	501	0	0	0	0	
2	501	0	0	0	0	
3	500	0	0	0	0	
4	500	0	0	0	0	
5	500	0	0	0	0	
6	500	0	0	0	0	
7	500	0	0	0	0	
8	498	0	0	0	0	
9	498	0	0	0	0	
10	498	0	0	0	0	
11	497	0	0	0	0	
12	497	0	0	0	0	
13	497	0	0	0	0	
14	497	0	0	0	0	
15	497	0	0	0	0	
16	495	0	0	0	0	
17	495	0	0	0	0	
18	493	2	0	0	0	
19	492	0	2	0	0	
20	491	0	0	2	0	
21	488	3	0	0	2	
22	482	4	3	0	2	
23	480	2	3	3	2	
24	477	1	2	4	4	
25	472	2	1	2	8	
26	470	2	2	1	10	
27	469	0	2	2	11	
28	466	0	0	2	13	
29	461	2	0	0	15	
30	458	0	2	0	15	
31	455	0	0	2	15	
32	448	0	0	0	17	
33	444	1	0	0	17	
34	441	0	1	0	17	
35	438	0	1	0	17	
36	435	0	0	1	17	
37	432	0	0	1	17	
38	428	0	0	1	17	
39	420	0	0	1	17	
40	417	0	0	1	17	
41	408	0	0	1	17	
42	405	0	0	1	17	
43	401	0	0	1	17	
44	396	0	0	1	17	
45	390	0	0	1	17	
46	382	0	0	1	17	
47	375	0	0	1	17	
48	365	0	0	1	17	
49	356	0	0	1	17	
50	350	0	0	1	17	
51	342	0	0	1	17	
52	330	0	0	1	17	
53	321	0	0	1	17	
54	316	0	0	1	17	
55	309	0	0	1	17	
56	303	0	0	1	17	
57	293	0	0	1	17	
58	285	0	0	1	17	
59	275	0	0	1	17	
60	272	0	0	1	17	
61	260	0	0	1	17	
62	255	0	0	1	17	
63	248	0	0	1	16	
64	242	0	0	1	16	
65	226	0	0	1	16	
66	220	0	0	1	16	
67	207	0	0	1	16	
68	202	0	0	1	16	
69	194	0	0	1	16	
70	189	0	0	1	16	
71	184	0	0	1	16	
72	177	0	0	1	16	
73	166	0	0	1	16	
74	163	0	0	1	16	
75	160	0	0	1	16	
76	154	0	0	1	16	
77	149	0	0	1	16	
78	143	0	0	1	16	
79	137	0	0	1	16	
80	132	0	0	1	16	
81	127	0	0	1	16	
82	122	0	0	1	16	
83	119	0	0	1	16	
84	114	0	0	1	16	
85	110	0	0	1	16	
86	104	0	0	1	16	
87	100	0	0	1	16	
88	91	0	0	1	16	
89	87	0	0	1	16	
90	85	0	0	1	16	
91	84	0	0	1	16	
92	81	0	0	1	16	
93	75	0	0	1	16	
94	72	0	0	1	16	
95	69	0	0	1	16	
96	66	0	0	1	16	
97	64	0	0	1	16	
98	59	0	0	1	16	
99	55	0	0	1	16	
100	53	0	0	1	16	
101	51	0	0	1	16	
102	48	0	0	1	16	
103	47	0	0	1	16	
104	45	0	0	1	16	
105	43	0	0	1	16	
106	41	0	0	1	16	
107	39	0	0	1	16	
108	39	0	0	1	16	
109	38	0	0	1	16	
110	34	0	0	1	16	
111	32	0	0	1	16	
112	28	0	0	1	16	
113	27	0	0	1	16	
114	25	0	0	1	16	
115	23	0	0	1	16	
116	21	0	0	1	16	
117	20	0	0	1	16	
118	20	0	0	1	16	
119	19	0	0	1	16	
120	19	0	0	1	16	
121	19	0	0	1	16	
122	19	0	0	1	16	
123	19	0	0	1	16	
124	17	0	0	1	16	
125	17	0	0	1	16	
126	16	0	0	1	16	
127	16	0	0	1	16	
128	16	0	0	1	16	
129	16	0	0	1	16	
130	16	0	0	1	16	
131	15	0	0	1	16	
132	13	0	0	1	16	
133	13	0	0	1	16	
134	12	0	0	1	16	
135	12	0	0	1	16	
136	11	0	0	1	16	
137	11	0	0	1	16	
138	10	0	0	1	16	
139	10	0	0	1	16	
140	10	0	0	1	16	
141	9	0	0	1	16	
142	9	0	0	1	16	
143	8	0	0	1	16	
144	8	0	0	1	16	
145	8	0	0	1	16	
146	7	0	0	1	16	
147	7	0	0	1	16	
148	6	0	0	1	16	
149	6	0	0	1	16	
150	6	0	0	1	16	
151	6	0	0	1	16	
152	6	0	0	1	16	
153	4	0	0	1	16	
154	4	0	0	1	16	
155	4	0	0	1	16	
156	4	0	0	1	16	
157	4	0	0	1	16	
158	4	0	0	1	16	
159	4	0	0	1	16	
160	4	0	0	1	16	
161	4	0	0	1	16	
162	4	0	0	1	16	
163	3	0	0	1	16	
164	3	0	0	1	16	
165	3	0	0	1	16	
166	3	0	0	1	16	
167	3	0	0	1	16	
168	3	0	0	1	16	
169	3	0	0	1	16	
170	3	0	0	1	16	
171	3	0	0	1	16	
172	3	0	0	1	16	
173	3	0	0	1	16	
174	2	0	0	1	16	
175	2	0	0	1	16	
176	2	0	0	1	16	
177	2	0	0	1	16	
178	2	0	0	1	16	
179	2	0	0	1	16	
