0	0.02000
1	0.02000
2	0.02000
3	0.02000
4	0.02000
5	0.02000
6	0.02000
7	0.02000
8	0.02000
9	0.02000
10	0.02000
11	0.02000
12	0.02000
13	0.02000
14	0.02000
15	0.02000
16	0.02000
17	0.02000
18	0.02000
19	0.02000
20	0.02000
21	0.02000
22	0.02000
23	0.02000
24	0.02000
25	0.02000
26	0.02000
27	0.02000
28	0.02000
29	0.02000
30	0.02000
31	0.02000
32	0.02000
33	0.02000
34	0.02000
35	0.02500
36	0.02500
37	0.02500
38	0.02500
39	0.02500
40	0.02500
41	0.02500
42	0.02500
43	0.02500
44	0.02500
45	0.02500
46	0.02500
47	0.02500
48	0.02500
49	0.02500
50	0.02500
51	0.02500
52	0.02500
53	0.02500
54	0.02500
55	0.02500
56	0.02500
57	0.02500
58	0.02500
59	0.02500
60	0.02500
61	0.02500
62	0.02500
63	0.02500
64	0.02500
65	0.02500
66	0.02500
67	0.02500
68	0.03000
69	0.03000
70	0.03000
71	0.03000
72	0.03000
73	0.03000
74	0.03000
75	0.03000
76	0.03000
77	0.03000
78	0.04000
79	0.04000
80	0.04000
81	0.04000
82	0.04000
83	0.04000
84	0.04000
85	0.04000
86	0.04000
87	0.04500
88	0.04500
89	0.05000
90	0.05000
91	0.05500
92	0.05500
93	0.05500
94	0.05500
95	0.05500
96	0.05500
97	0.06000
98	0.06500
99	0.06500
100	0.06500
101	0.06500
102	0.06500
103	0.06500
104	0.06500
105	0.06500
106	0.06500
107	0.07000
108	0.07000
109	0.08500
110	0.08500
111	0.08500
112	0.08500
113	0.09000
114	0.09500
115	0.10000
116	0.10000
117	0.10500
118	0.11000
119	0.11500
120	0.11500
121	0.12000
122	0.12000
123	0.12500
124	0.12500
125	0.12500
126	0.12500
127	0.12500
128	0.12500
129	0.13500
130	0.13500
131	0.13500
132	0.14000
133	0.14000
134	0.14000
135	0.14500
136	0.14500
137	0.14500
138	0.14500
139	0.15500
140	0.16000
141	0.16000
142	0.16000
143	0.16000
144	0.16000
145	0.16000
146	0.16500
147	0.16500
148	0.16500
149	0.16500
