0	0.00500
1	0.01500
2	0.04150
3	0.11500
4	0.30300
5	0.59800
6	0.85100
7	0.93650
8	0.95300
9	0.95550
10	0.95650
11	0.95700
12	0.95700
13	0.95700
14	0.95700
15	0.95700
16	0.95700
17	0.95700
18	0.95700
19	0.95700
20	0.95700
21	0.95700
22	0.95700
23	0.95700
24	0.95700
25	0.95700
26	0.95700
27	0.95700
28	0.95700
29	0.95700
30	0.95700
31	0.95700
32	0.95700
33	0.95700
34	0.95700
35	0.95700
36	0.95700
37	0.95700
38	0.95700
39	0.95700
40	0.95700
41	0.95700
42	0.95700
43	0.95700
44	0.95700
45	0.95700
46	0.95700
47	0.95700
48	0.95700
49	0.95700
50	0.95700
51	0.95700
52	0.95700
53	0.95700
54	0.95700
55	0.95700
56	0.95700
57	0.95700
58	0.95700
59	0.95700
60	0.95700
61	0.95700
62	0.95700
63	0.95700
64	0.95700
65	0.95700
66	0.95700
67	0.95700
68	0.95700
69	0.95700
70	0.95700
71	0.95700
72	0.95700
73	0.95700
74	0.95700
75	0.95700
76	0.95700
77	0.95700
78	0.95700
79	0.95700
80	0.95700
81	0.95700
82	0.95700
83	0.95700
84	0.95700
85	0.95700
86	0.95700
87	0.95700
88	0.95700
89	0.95700
90	0.95700
91	0.95700
92	0.95700
93	0.95700
94	0.95700
95	0.95700
96	0.95700
97	0.95700
98	0.95700
99	0.95700
100	0.95700
101	0.95700
102	0.95700
103	0.95700
104	0.95700
105	0.95700
106	0.95700
107	0.95700
108	0.95700
109	0.95700
110	0.95700
111	0.95700
112	0.95700
113	0.95700
114	0.95700
115	0.95700
116	0.95700
117	0.95700
118	0.95700
119	0.95700
120	0.95700
121	0.95700
122	0.95700
123	0.95700
124	0.95700
125	0.95700
126	0.95700
127	0.95700
128	0.95700
129	0.95700
130	0.95700
131	0.95700
132	0.95700
133	0.95700
134	0.95700
135	0.95700
136	0.95700
137	0.95700
138	0.95700
139	0.95700
140	0.95700
141	0.95700
142	0.95700
143	0.95700
144	0.95700
145	0.95700
146	0.95700
147	0.95700
148	0.95700
149	0.95700
