0	0.02000
1	0.02000
2	0.02000
3	0.02000
4	0.02000
5	0.02000
6	0.02000
7	0.02500
8	0.03000
9	0.03000
10	0.03500
11	0.03500
12	0.03500
13	0.03500
14	0.04000
15	0.04000
16	0.04500
17	0.04500
18	0.05000
19	0.05000
20	0.05000
21	0.05500
22	0.05500
23	0.05500
24	0.05500
25	0.05500
26	0.05500
27	0.05500
28	0.06500
29	0.06500
30	0.07000
31	0.07000
32	0.07000
33	0.07000
34	0.07000
35	0.08000
36	0.08500
37	0.08500
38	0.09500
39	0.10500
40	0.11500
41	0.12000
42	0.12000
43	0.12000
44	0.12000
45	0.12500
46	0.13000
47	0.13000
48	0.13000
49	0.13500
50	0.13500
51	0.14000
52	0.14500
53	0.14500
54	0.15000
55	0.15000
56	0.15500
57	0.16000
58	0.16000
59	0.16000
60	0.17000
61	0.17500
62	0.18500
63	0.19500
64	0.21500
65	0.22500
66	0.23000
67	0.23500
68	0.23500
69	0.23500
70	0.23500
71	0.24000
72	0.24000
73	0.24000
74	0.26000
75	0.27000
76	0.27500
77	0.29000
78	0.29500
79	0.30500
80	0.30500
81	0.30500
82	0.31500
83	0.31500
84	0.32000
85	0.32000
86	0.32500
87	0.32500
88	0.34000
89	0.35000
90	0.35000
91	0.35500
92	0.36500
93	0.37500
94	0.37500
95	0.38000
96	0.38500
97	0.40000
98	0.40500
99	0.41500
100	0.42000
101	0.42500
102	0.43000
103	0.43500
104	0.44000
105	0.44000
106	0.44000
107	0.44500
108	0.45000
109	0.45000
110	0.45500
111	0.46000
112	0.46000
113	0.47500
114	0.48000
115	0.49000
116	0.49000
117	0.49000
118	0.49000
119	0.49500
120	0.50000
121	0.51000
122	0.51500
123	0.51500
124	0.51500
125	0.51500
126	0.51500
127	0.51500
128	0.52000
129	0.52000
130	0.52500
131	0.52500
132	0.53000
133	0.53000
134	0.53000
135	0.53500
136	0.53500
137	0.53500
138	0.53500
139	0.53500
140	0.55000
141	0.55000
142	0.55000
143	0.55500
144	0.55500
145	0.55500
146	0.55500
147	0.56000
148	0.56000
149	0.56500
150	0.56500
151	0.57000
152	0.57000
153	0.57000
154	0.57000
155	0.57500
156	0.57500
157	0.58000
158	0.58500
159	0.58500
160	0.58500
161	0.58500
162	0.59000
163	0.59500
164	0.59500
165	0.59500
166	0.59500
167	0.60000
168	0.60000
169	0.60000
170	0.60500
171	0.60500
172	0.61000
173	0.61000
174	0.61000
175	0.61000
176	0.61000
177	0.61000
178	0.61000
179	0.61000
180	0.62000
181	0.62000
182	0.62000
183	0.62000
184	0.62000
185	0.62000
186	0.62000
187	0.62000
188	0.62000
189	0.62000
190	0.62000
191	0.62000
192	0.62500
193	0.62500
194	0.62500
195	0.62500
196	0.62500
197	0.63000
198	0.63000
199	0.63500
