0	0.00500
1	0.01300
2	0.03650
3	0.09950
4	0.24200
5	0.46300
6	0.66000
7	0.75400
8	0.78750
9	0.79700
10	0.79850
11	0.79900
12	0.79900
13	0.79900
14	0.79900
15	0.79900
16	0.79900
17	0.79900
18	0.79900
19	0.79900
20	0.79900
21	0.79900
22	0.79900
23	0.79900
24	0.79900
25	0.79900
26	0.79900
27	0.79900
28	0.79900
29	0.79900
30	0.79900
31	0.79900
32	0.79900
33	0.79900
34	0.79900
35	0.79900
36	0.79900
37	0.79900
38	0.79900
39	0.79900
40	0.79900
41	0.79900
42	0.79900
43	0.79900
44	0.79900
45	0.79900
46	0.79900
47	0.79900
48	0.79900
49	0.79900
50	0.79900
51	0.79900
52	0.79900
53	0.79900
54	0.79900
55	0.79900
56	0.79900
57	0.79900
58	0.79900
59	0.79900
60	0.79900
61	0.79900
62	0.79900
63	0.79900
64	0.79900
65	0.79900
66	0.79900
67	0.79900
68	0.79900
69	0.79900
70	0.79900
71	0.79900
72	0.79900
73	0.79900
74	0.79900
75	0.79900
76	0.79900
77	0.79900
78	0.79900
79	0.79900
80	0.79900
81	0.79900
82	0.79900
83	0.79900
84	0.79900
85	0.79900
86	0.79900
87	0.79900
88	0.79900
89	0.79900
90	0.79900
91	0.79900
92	0.79900
93	0.79900
94	0.79900
95	0.79900
96	0.79900
97	0.79900
98	0.79900
99	0.79900
100	0.79900
101	0.79900
102	0.79900
103	0.79900
104	0.79900
105	0.79900
106	0.79900
107	0.79900
108	0.79900
109	0.79900
110	0.79900
111	0.79900
112	0.79900
113	0.79900
114	0.79900
115	0.79900
116	0.79900
117	0.79900
118	0.79900
119	0.79900
120	0.79900
121	0.79900
122	0.79900
123	0.79900
124	0.79900
125	0.79900
126	0.79900
127	0.79900
128	0.79900
129	0.79900
130	0.79900
131	0.79900
132	0.79900
133	0.79900
134	0.79900
135	0.79900
136	0.79900
137	0.79900
138	0.79900
139	0.79900
140	0.79900
141	0.79900
142	0.79900
143	0.79900
144	0.79900
145	0.79900
146	0.79900
147	0.79900
148	0.79900
149	0.79900
