0	0.00500	0
1	0.00700	1
2	0.00850	2
3	0.01200	3
4	0.01500	4
5	0.01750	5
6	0.02100	6
7	0.02700	7
8	0.03350	7
9	0.04100	8
10	0.05300	9
11	0.06350	10
12	0.07800	11
13	0.09450	13
14	0.11250	14
15	0.13100	15
16	0.15100	16
17	0.17600	17
18	0.20400	19
19	0.23150	20
20	0.25800	21
21	0.28950	23
22	0.32200	25
23	0.36050	26
24	0.39650	28
25	0.43750	30
26	0.47450	32
27	0.52000	34
28	0.55250	36
29	0.58950	39
30	0.62500	41
31	0.66050	44
32	0.68900	46
33	0.71000	49
34	0.73100	52
35	0.75300	54
36	0.77300	57
37	0.78500	60
38	0.79750	63
39	0.81000	66
40	0.82050	69
41	0.83000	72
42	0.83350	75
43	0.83800	78
44	0.84250	81
45	0.84750	84
46	0.85050	87
47	0.85300	90
48	0.85550	93
49	0.85950	96
50	0.86050	99
51	0.86100	102
52	0.86350	105
53	0.86450	108
54	0.86550	111
55	0.86600	114
56	0.86650	117
57	0.86650	120
58	0.86700	123
59	0.86800	126
60	0.86900	129
61	0.86950	132
62	0.86950	135
63	0.86950	139
64	0.86950	142
65	0.86950	145
66	0.86950	148
67	0.87000	151
68	0.87000	154
69	0.87050	157
70	0.87050	160
71	0.87050	163
72	0.87050	166
73	0.87050	169
74	0.87050	172
75	0.87050	175
76	0.87050	178
77	0.87050	181
78	0.87050	185
79	0.87050	188
80	0.87050	191
81	0.87050	194
82	0.87050	197
83	0.87050	200
84	0.87050	203
85	0.87050	206
86	0.87050	209
87	0.87050	212
88	0.87050	215
89	0.87050	218
90	0.87050	221
91	0.87050	224
92	0.87050	227
93	0.87050	230
94	0.87050	234
95	0.87050	237
96	0.87050	240
97	0.87050	243
98	0.87050	246
99	0.87050	249
100	0.87050	252
101	0.87100	255
102	0.87100	258
103	0.87100	261
104	0.87100	264
105	0.87100	267
106	0.87100	270
107	0.87100	273
108	0.87100	276
109	0.87100	279
110	0.87100	283
111	0.87100	286
112	0.87100	289
113	0.87100	292
114	0.87100	295
115	0.87100	298
116	0.87100	301
117	0.87100	304
118	0.87100	307
119	0.87100	310
120	0.87100	313
121	0.87100	316
122	0.87100	319
123	0.87100	322
124	0.87100	325
125	0.87100	328
126	0.87100	332
127	0.87100	335
128	0.87100	338
129	0.87100	341
130	0.87100	344
131	0.87100	347
132	0.87100	350
133	0.87100	353
134	0.87100	356
135	0.87100	359
136	0.87100	362
137	0.87100	365
138	0.87100	368
139	0.87100	371
140	0.87100	374
141	0.87100	377
142	0.87100	381
143	0.87100	384
144	0.87100	387
145	0.87100	390
146	0.87100	393
147	0.87100	396
148	0.87100	399
149	0.87100	402
150	0.87100	405
151	0.87100	408
152	0.87100	411
153	0.87100	414
154	0.87100	417
155	0.87100	420
156	0.87100	423
157	0.87100	427
158	0.87100	430
159	0.87100	433
160	0.87100	436
161	0.87100	439
162	0.87100	442
163	0.87100	445
164	0.87100	448
165	0.87100	451
166	0.87100	454
167	0.87100	457
168	0.87100	460
169	0.87100	463
170	0.87100	466
171	0.87100	469
172	0.87100	472
173	0.87100	476
174	0.87100	479
175	0.87100	482
176	0.87100	485
177	0.87100	488
178	0.87100	491
179	0.87100	494
180	0.87100	497
181	0.87100	500
182	0.87100	503
183	0.87100	506
184	0.87100	509
185	0.87100	512
186	0.87100	515
187	0.87100	518
188	0.87100	521
189	0.87100	525
190	0.87100	528
191	0.87100	531
192	0.87100	534
193	0.87100	537
194	0.87100	540
195	0.87100	543
196	0.87100	546
197	0.87100	549
198	0.87100	552
199	0.87100	555
200	0.87100	558
201	0.87100	561
202	0.87100	564
203	0.87100	567
204	0.87100	571
205	0.87100	574
206	0.87100	577
207	0.87100	580
208	0.87100	583
209	0.87100	586
210	0.87100	589
211	0.87100	592
212	0.87100	595
213	0.87100	598
214	0.87100	601
215	0.87100	604
216	0.87100	607
217	0.87100	610
218	0.87100	613
219	0.87100	617
220	0.87100	620
221	0.87100	623
222	0.87100	626
223	0.87100	629
224	0.87100	632
225	0.87100	635
226	0.87100	638
227	0.87100	641
228	0.87100	644
229	0.87100	647
230	0.87100	650
231	0.87100	653
232	0.87100	656
233	0.87100	659
234	0.87100	662
235	0.87100	666
236	0.87100	669
237	0.87100	672
238	0.87100	675
239	0.87100	678
240	0.87100	681
241	0.87100	684
242	0.87100	687
243	0.87100	690
244	0.87100	693
245	0.87100	696
246	0.87100	699
247	0.87100	702
248	0.87100	705
249	0.87100	708
250	0.87100	712
251	0.87100	715
252	0.87100	718
253	0.87100	721
254	0.87100	724
255	0.87100	727
256	0.87100	730
257	0.87100	733
258	0.87100	736
259	0.87100	739
260	0.87100	742
261	0.87100	745
262	0.87100	748
263	0.87100	751
264	0.87100	754
265	0.87100	757
266	0.87100	761
267	0.87100	764
268	0.87100	767
269	0.87100	770
270	0.87100	773
271	0.87100	776
272	0.87100	779
273	0.87100	782
274	0.87100	785
275	0.87100	788
276	0.87100	791
277	0.87100	794
278	0.87100	797
279	0.87100	800
280	0.87100	803
281	0.87100	807
282	0.87100	810
283	0.87100	813
284	0.87100	816
285	0.87100	819
286	0.87100	822
287	0.87100	825
288	0.87100	828
289	0.87100	831
290	0.87100	834
291	0.87100	837
292	0.87100	840
293	0.87100	843
294	0.87100	846
295	0.87100	849
296	0.87100	852
297	0.87100	856
298	0.87100	859
299	0.87100	862
300	0.87100	865
301	0.87100	868
302	0.87100	871
303	0.87100	874
304	0.87100	877
305	0.87100	880
306	0.87100	883
307	0.87100	886
308	0.87100	889
309	0.87100	892
310	0.87100	895
311	0.87100	898
312	0.87100	901
313	0.87100	905
314	0.87100	908
315	0.87100	911
316	0.87100	914
317	0.87100	917
318	0.87100	920
319	0.87100	923
320	0.87100	926
321	0.87100	929
322	0.87100	932
323	0.87100	935
324	0.87100	938
325	0.87100	941
326	0.87100	944
327	0.87100	947
328	0.87100	951
329	0.87100	954
330	0.87100	957
331	0.87100	960
332	0.87100	963
333	0.87100	966
334	0.87100	969
335	0.87100	972
336	0.87100	975
337	0.87100	978
338	0.87100	981
339	0.87100	984
340	0.87100	987
341	0.87100	990
342	0.87100	993
343	0.87100	996
344	0.87100	1000
345	0.87100	1003
346	0.87100	1006
347	0.87100	1009
348	0.87100	1012
349	0.87100	1015
350	0.87100	1018
351	0.87100	1021
352	0.87100	1024
353	0.87100	1027
354	0.87100	1030
355	0.87100	1033
356	0.87100	1036
357	0.87100	1039
358	0.87100	1042
359	0.87100	1045
360	0.87100	1049
361	0.87100	1052
362	0.87100	1055
363	0.87100	1058
364	0.87100	1061
365	0.87100	1064
366	0.87100	1067
367	0.87100	1070
368	0.87100	1073
369	0.87100	1076
370	0.87100	1079
371	0.87100	1082
372	0.87100	1085
373	0.87100	1088
374	0.87100	1091
375	0.87100	1095
376	0.87100	1098
377	0.87100	1101
378	0.87100	1104
379	0.87100	1107
380	0.87100	1110
381	0.87100	1113
382	0.87100	1116
383	0.87100	1119
384	0.87100	1122
385	0.87100	1125
386	0.87100	1128
387	0.87100	1131
388	0.87100	1135
389	0.87100	1138
390	0.87100	1141
391	0.87100	1144
392	0.87100	1147
393	0.87100	1150
394	0.87100	1153
395	0.87100	1156
396	0.87100	1159
397	0.87100	1162
398	0.87100	1165
399	0.87100	1168
400	0.87100	1171
401	0.87100	1174
402	0.87100	1177
403	0.87100	1180
404	0.87100	1184
405	0.87100	1187
406	0.87100	1190
407	0.87100	1193
408	0.87100	1196
409	0.87100	1199
410	0.87100	1202
411	0.87100	1205
412	0.87100	1208
413	0.87100	1211
414	0.87100	1214
415	0.87100	1217
416	0.87100	1220
417	0.87100	1223
418	0.87100	1226
419	0.87100	1229
420	0.87100	1233
421	0.87100	1236
422	0.87100	1239
423	0.87100	1242
424	0.87100	1245
425	0.87100	1248
426	0.87100	1251
427	0.87100	1254
428	0.87100	1257
429	0.87100	1260
430	0.87100	1263
431	0.87100	1266
432	0.87100	1269
433	0.87100	1272
434	0.87100	1276
435	0.87100	1279
436	0.87100	1282
437	0.87100	1285
438	0.87100	1288
439	0.87100	1291
440	0.87100	1294
441	0.87100	1297
442	0.87100	1300
443	0.87100	1303
444	0.87100	1306
445	0.87100	1309
446	0.87100	1312
447	0.87100	1315
448	0.87100	1318
449	0.87100	1321
450	0.87100	1325
451	0.87100	1328
452	0.87100	1331
453	0.87100	1334
454	0.87100	1337
455	0.87100	1340
456	0.87100	1343
457	0.87100	1346
458	0.87100	1349
459	0.87100	1352
460	0.87100	1355
461	0.87100	1359
462	0.87100	1362
463	0.87100	1365
464	0.87100	1368
465	0.87100	1371
466	0.87100	1374
467	0.87100	1377
468	0.87100	1380
469	0.87100	1383
470	0.87100	1386
471	0.87100	1389
472	0.87100	1392
473	0.87100	1396
474	0.87100	1399
475	0.87100	1402
476	0.87100	1405
477	0.87100	1408
478	0.87100	1411
