0	0.00500	0
1	0.00600	1
2	0.00750	2
3	0.00800	3
4	0.01000	4
5	0.01150	5
6	0.01350	6
7	0.01750	7
8	0.02200	7
9	0.02800	8
10	0.03350	9
11	0.03900	10
12	0.04800	11
13	0.06200	12
14	0.07300	13
15	0.08600	14
16	0.09600	15
17	0.11000	16
18	0.13250	18
19	0.15650	19
20	0.17950	20
21	0.20200	21
22	0.23000	23
23	0.25700	24
24	0.29350	26
25	0.33100	27
26	0.36900	29
27	0.39900	31
28	0.44450	33
29	0.48800	35
30	0.52350	37
31	0.56700	39
32	0.59950	41
33	0.63100	44
34	0.66550	46
35	0.69700	49
36	0.72150	51
37	0.74200	54
38	0.76150	57
39	0.78000	60
40	0.79800	63
41	0.81050	66
42	0.81900	68
43	0.83150	71
44	0.84100	74
45	0.84800	77
46	0.85550	80
47	0.85950	83
48	0.86500	86
49	0.86850	89
50	0.87100	92
51	0.87300	95
52	0.87400	98
53	0.87700	101
54	0.87850	104
55	0.88100	107
56	0.88200	110
57	0.88300	113
58	0.88350	116
59	0.88600	120
60	0.88600	123
61	0.88700	126
62	0.88750	129
63	0.88800	132
64	0.88800	135
65	0.88850	138
66	0.88850	141
67	0.88850	144
68	0.88900	147
69	0.88900	150
70	0.88900	153
71	0.88900	156
72	0.89000	159
73	0.89000	162
74	0.89000	165
75	0.89000	168
76	0.89000	172
77	0.89000	175
78	0.89050	178
79	0.89050	181
80	0.89050	184
81	0.89050	187
82	0.89050	190
83	0.89050	193
84	0.89050	196
85	0.89050	199
86	0.89050	202
87	0.89050	205
88	0.89050	208
89	0.89050	211
90	0.89050	214
91	0.89050	217
92	0.89050	220
93	0.89050	223
94	0.89050	227
95	0.89050	230
96	0.89050	233
97	0.89050	236
98	0.89050	239
99	0.89050	242
100	0.89050	245
101	0.89050	248
102	0.89050	251
103	0.89050	254
104	0.89050	257
105	0.89050	260
106	0.89050	263
107	0.89050	266
108	0.89050	269
109	0.89050	272
110	0.89050	275
111	0.89050	279
112	0.89050	282
113	0.89050	285
114	0.89050	288
115	0.89050	291
116	0.89100	294
117	0.89100	297
118	0.89100	300
119	0.89100	303
120	0.89100	306
121	0.89100	309
122	0.89100	312
123	0.89100	315
124	0.89100	318
125	0.89100	321
126	0.89100	324
127	0.89100	327
128	0.89100	331
129	0.89100	334
130	0.89100	337
131	0.89100	340
132	0.89100	343
133	0.89100	346
134	0.89100	349
135	0.89100	352
136	0.89100	355
137	0.89100	358
138	0.89100	361
139	0.89100	364
140	0.89100	367
141	0.89100	370
142	0.89100	373
143	0.89100	376
144	0.89100	379
145	0.89100	382
146	0.89100	386
147	0.89100	389
148	0.89100	392
149	0.89100	395
150	0.89100	398
151	0.89100	401
152	0.89100	404
153	0.89100	407
154	0.89100	410
155	0.89100	413
156	0.89100	416
157	0.89100	419
158	0.89100	422
159	0.89100	425
160	0.89100	428
161	0.89100	432
162	0.89100	435
163	0.89100	438
164	0.89100	441
165	0.89100	444
166	0.89100	447
167	0.89100	450
168	0.89100	453
169	0.89100	456
170	0.89100	459
171	0.89100	462
172	0.89100	465
173	0.89100	468
174	0.89100	471
175	0.89100	474
176	0.89100	477
177	0.89100	480
178	0.89100	484
179	0.89100	487
180	0.89100	490
181	0.89100	493
182	0.89100	496
183	0.89100	499
184	0.89100	502
185	0.89100	505
186	0.89100	508
187	0.89100	511
188	0.89100	514
189	0.89100	517
190	0.89100	520
191	0.89100	523
192	0.89100	526
193	0.89100	529
194	0.89100	532
195	0.89100	536
196	0.89100	539
197	0.89100	542
198	0.89100	545
199	0.89100	548
200	0.89100	551
201	0.89100	554
202	0.89100	557
203	0.89100	560
204	0.89100	563
205	0.89100	566
206	0.89100	569
207	0.89100	572
208	0.89100	575
209	0.89100	578
210	0.89100	581
211	0.89100	584
212	0.89100	588
213	0.89100	591
214	0.89100	594
215	0.89100	597
216	0.89100	600
217	0.89100	603
218	0.89100	606
219	0.89100	609
220	0.89100	612
221	0.89100	615
222	0.89100	618
223	0.89100	621
224	0.89100	624
225	0.89100	627
226	0.89100	630
227	0.89100	633
228	0.89100	637
229	0.89100	640
230	0.89100	643
231	0.89100	646
232	0.89100	649
233	0.89100	652
234	0.89100	655
235	0.89100	658
236	0.89100	661
237	0.89100	664
238	0.89100	667
239	0.89100	670
240	0.89100	673
241	0.89100	676
242	0.89100	679
243	0.89100	682
244	0.89100	685
245	0.89100	689
246	0.89100	692
247	0.89100	695
248	0.89100	698
249	0.89100	701
250	0.89100	704
251	0.89100	707
252	0.89100	710
253	0.89100	713
254	0.89100	716
255	0.89100	719
256	0.89100	722
257	0.89100	725
258	0.89100	728
259	0.89100	731
260	0.89100	734
261	0.89100	737
262	0.89100	741
263	0.89100	744
264	0.89100	747
265	0.89100	750
266	0.89100	753
267	0.89100	756
268	0.89100	759
269	0.89100	762
270	0.89100	765
271	0.89100	768
272	0.89100	771
273	0.89100	774
274	0.89100	778
275	0.89100	781
276	0.89100	784
277	0.89100	787
278	0.89100	790
279	0.89100	793
280	0.89100	796
281	0.89100	799
282	0.89100	802
283	0.89100	805
284	0.89100	808
285	0.89100	811
286	0.89100	815
287	0.89100	818
288	0.89100	821
289	0.89100	824
290	0.89100	827
291	0.89100	830
292	0.89100	833
293	0.89100	836
294	0.89100	839
295	0.89100	842
296	0.89100	845
297	0.89100	848
298	0.89100	851
299	0.89100	854
300	0.89100	857
301	0.89100	860
302	0.89100	863
303	0.89100	867
304	0.89100	870
305	0.89100	873
306	0.89100	876
307	0.89100	879
308	0.89100	882
309	0.89100	885
310	0.89100	888
311	0.89100	891
312	0.89100	894
313	0.89100	897
314	0.89100	900
315	0.89100	903
316	0.89100	906
317	0.89100	909
318	0.89100	912
319	0.89100	915
320	0.89100	919
321	0.89100	922
322	0.89100	925
323	0.89100	928
324	0.89100	931
325	0.89100	934
326	0.89100	937
327	0.89100	940
328	0.89100	943
329	0.89100	946
330	0.89100	949
331	0.89100	952
332	0.89100	955
333	0.89100	958
334	0.89100	961
335	0.89100	964
336	0.89100	967
337	0.89100	971
338	0.89100	974
339	0.89100	977
340	0.89100	980
341	0.89100	983
342	0.89100	986
343	0.89100	989
344	0.89100	992
345	0.89100	995
346	0.89100	998
347	0.89100	1001
348	0.89100	1004
349	0.89100	1007
350	0.89100	1010
351	0.89100	1013
352	0.89100	1016
353	0.89100	1019
354	0.89100	1022
355	0.89100	1026
356	0.89100	1029
357	0.89100	1032
358	0.89100	1035
359	0.89100	1038
360	0.89100	1041
361	0.89100	1044
362	0.89100	1047
363	0.89100	1050
364	0.89100	1053
365	0.89100	1056
366	0.89100	1059
367	0.89100	1062
368	0.89100	1065
369	0.89100	1068
370	0.89100	1071
371	0.89100	1074
372	0.89100	1078
373	0.89100	1081
374	0.89100	1084
375	0.89100	1087
376	0.89100	1090
377	0.89100	1093
378	0.89100	1096
379	0.89100	1099
380	0.89100	1102
381	0.89100	1105
382	0.89100	1108
383	0.89100	1111
384	0.89100	1114
385	0.89100	1117
386	0.89100	1120
387	0.89100	1123
388	0.89100	1126
389	0.89100	1130
390	0.89100	1133
391	0.89100	1136
392	0.89100	1139
393	0.89100	1142
394	0.89100	1145
395	0.89100	1148
396	0.89100	1151
397	0.89100	1154
398	0.89100	1157
399	0.89100	1160
400	0.89100	1163
401	0.89100	1166
402	0.89100	1169
403	0.89100	1172
404	0.89100	1175
405	0.89100	1179
406	0.89100	1182
407	0.89100	1185
408	0.89100	1188
409	0.89100	1191
410	0.89100	1194
411	0.89100	1197
412	0.89100	1200
413	0.89100	1203
414	0.89100	1206
415	0.89100	1209
416	0.89100	1212
417	0.89100	1215
418	0.89100	1218
419	0.89100	1221
420	0.89100	1224
421	0.89100	1227
422	0.89100	1230
423	0.89100	1234
424	0.89100	1237
425	0.89100	1240
426	0.89100	1243
427	0.89100	1246
428	0.89100	1249
429	0.89100	1252
430	0.89100	1255
431	0.89100	1258
432	0.89100	1261
433	0.89100	1264
434	0.89100	1267
435	0.89100	1270
436	0.89100	1273
437	0.89100	1276
438	0.89100	1279
439	0.89100	1283
440	0.89100	1286
441	0.89100	1289
442	0.89100	1292
443	0.89100	1295
444	0.89100	1298
445	0.89100	1301
446	0.89100	1304
447	0.89100	1307
448	0.89100	1310
449	0.89100	1313
450	0.89100	1316
451	0.89100	1319
452	0.89100	1322
453	0.89100	1325
454	0.89100	1328
455	0.89100	1331
456	0.89100	1335
457	0.89100	1338
458	0.89100	1341
459	0.89100	1344
460	0.89100	1347
461	0.89100	1350
462	0.89100	1353
463	0.89100	1356
464	0.89100	1359
465	0.89100	1362
466	0.89100	1365
467	0.89100	1368
468	0.89100	1371
469	0.89100	1374
470	0.89100	1377
471	0.89100	1380
472	0.89100	1383
473	0.89100	1386
474	0.89100	1390
475	0.89100	1393
476	0.89100	1396
477	0.89100	1399
478	0.89100	1402
479	0.89100	1405
480	0.89100	1408
481	0.89100	1411
482	0.89100	1414
483	0.89100	1417
484	0.89100	1420
485	0.89100	1423
486	0.89100	1426
487	0.89100	1430
488	0.89100	1433
489	0.89100	1436
490	0.89100	1439
491	0.89100	1442
492	0.89100	1445
493	0.89100	1448
494	0.89100	1451
495	0.89100	1454
496	0.89100	1457
497	0.89100	1460
498	0.89100	1463
499	0.89100	1466
500	0.89100	1469
501	0.89100	1472
502	0.89100	1475
503	0.89100	1478
504	0.89100	1481
505	0.89100	1485
506	0.89100	1488
507	0.89100	1491
508	0.89100	1494
509	0.89100	1497
510	0.89100	1500
511	0.89100	1503
512	0.89100	1506
513	0.89100	1509
514	0.89100	1512
515	0.89100	1515
516	0.89100	1518
517	0.89100	1521
518	0.89100	1524
519	0.89100	1527
520	0.89100	1530
521	0.89100	1533
522	0.89100	1536
523	0.89100	1540
524	0.89100	1543
525	0.89100	1546
526	0.89100	1549
527	0.89100	1552
528	0.89100	1555
529	0.89100	1558
530	0.89100	1561
531	0.89100	1564
532	0.89100	1567
533	0.89100	1570
534	0.89100	1573
535	0.89100	1576
536	0.89100	1579
537	0.89100	1582
538	0.89100	1585
539	0.89100	1588
540	0.89100	1592
541	0.89100	1595
542	0.89100	1598
543	0.89100	1601
544	0.89100	1604
545	0.89100	1607
546	0.89100	1610
547	0.89100	1613
548	0.89100	1616
549	0.89100	1619
550	0.89100	1622
551	0.89100	1625
552	0.89100	1628
553	0.89100	1631
554	0.89100	1634
555	0.89100	1637
556	0.89100	1640
557	0.89100	1643
558	0.89100	1647
559	0.89100	1650
560	0.89100	1653
561	0.89100	1656
562	0.89100	1659
563	0.89100	1662
564	0.89100	1665
565	0.89100	1668
566	0.89100	1671
567	0.89100	1674
568	0.89100	1677
569	0.89100	1680
570	0.89100	1683
571	0.89100	1686
572	0.89100	1689
573	0.89100	1692
574	0.89100	1695
575	0.89100	1698
576	0.89100	1702
577	0.89100	1705
578	0.89100	1708
579	0.89100	1711
580	0.89100	1714
581	0.89100	1717
582	0.89100	1720
583	0.89100	1723
584	0.89100	1726
585	0.89100	1729
586	0.89100	1732
587	0.89100	1735
588	0.89100	1738
589	0.89100	1741
590	0.89100	1744
591	0.89100	1747
592	0.89100	1751
593	0.89100	1754
594	0.89100	1757
595	0.89100	1760
596	0.89100	1763
597	0.89100	1766
598	0.89100	1769
599	0.89100	1772
600	0.89100	1775
601	0.89100	1778
602	0.89100	1781
603	0.89100	1784
604	0.89100	1787
605	0.89100	1790
606	0.89100	1793
607	0.89100	1796
608	0.89100	1799
609	0.89100	1802
610	0.89100	1806
611	0.89100	1809
612	0.89100	1812
613	0.89100	1815
614	0.89100	1818
615	0.89100	1821
616	0.89100	1824
617	0.89100	1827
618	0.89100	1830
619	0.89100	1833
620	0.89100	1836
621	0.89100	1839
622	0.89100	1842
623	0.89100	1845
624	0.89100	1848
625	0.89100	1852
626	0.89100	1855
627	0.89100	1858
628	0.89100	1861
629	0.89100	1864
630	0.89100	1867
631	0.89100	1870
632	0.89100	1873
633	0.89100	1876
634	0.89100	1879
635	0.89100	1882
636	0.89100	1885
637	0.89100	1888
638	0.89100	1891
639	0.89100	1894
640	0.89100	1898
641	0.89100	1901
642	0.89100	1904
643	0.89100	1907
644	0.89100	1910
645	0.89100	1913
646	0.89100	1916
647	0.89100	1919
648	0.89100	1922
649	0.89100	1925
650	0.89100	1928
651	0.89100	1931
652	0.89100	1934
653	0.89100	1937
654	0.89100	1941
655	0.89100	1944
656	0.89100	1947
657	0.89100	1950
658	0.89100	1953
659	0.89100	1956
660	0.89100	1959
661	0.89100	1962
662	0.89100	1965
663	0.89100	1968
664	0.89100	1971
665	0.89100	1974
666	0.89100	1977
667	0.89100	1980
668	0.89100	1983
669	0.89100	1987
670	0.89100	1990
671	0.89100	1993
672	0.89100	1996
673	0.89100	1999
674	0.89100	2002
675	0.89100	2005
676	0.89100	2008
677	0.89100	2011
678	0.89100	2014
679	0.89100	2017
680	0.89100	2020
681	0.89100	2023
682	0.89100	2026
683	0.89100	2029
684	0.89100	2032
685	0.89100	2035
686	0.89100	2038
687	0.89100	2042
688	0.89100	2045
689	0.89100	2048
690	0.89100	2051
691	0.89100	2054
692	0.89100	2057
693	0.89100	2060
694	0.89100	2063
695	0.89100	2066
696	0.89100	2069
697	0.89100	2072
698	0.89100	2075
699	0.89100	2078
700	0.89100	2081
701	0.89100	2084
702	0.89100	2087
703	0.89100	2090
704	0.89100	2094
705	0.89100	2097
706	0.89100	2100
707	0.89100	2103
708	0.89100	2106
709	0.89100	2109
710	0.89100	2112
711	0.89100	2115
712	0.89100	2118
713	0.89100	2121
714	0.89100	2124
715	0.89100	2127
716	0.89100	2131
717	0.89100	2134
718	0.89100	2137
719	0.89100	2140
720	0.89100	2143
721	0.89100	2146
722	0.89100	2149
723	0.89100	2152
724	0.89100	2155
725	0.89100	2158
726	0.89100	2161
727	0.89100	2164
728	0.89100	2167
729	0.89100	2170
730	0.89100	2173
731	0.89100	2176
732	0.89100	2179
733	0.89100	2183
734	0.89100	2186
735	0.89100	2189
736	0.89100	2192
737	0.89100	2195
738	0.89100	2198
739	0.89100	2201
740	0.89100	2204
741	0.89100	2207
742	0.89100	2210
743	0.89100	2213
744	0.89100	2216
745	0.89100	2219
746	0.89100	2222
747	0.89100	2225
748	0.89100	2228
749	0.89100	2231
750	0.89100	2235
751	0.89100	2238
752	0.89100	2241
753	0.89100	2244
754	0.89100	2247
755	0.89100	2250
756	0.89100	2253
757	0.89100	2256
758	0.89100	2259
759	0.89100	2262
760	0.89100	2265
761	0.89100	2268
762	0.89100	2271
763	0.89100	2274
764	0.89100	2277
765	0.89100	2280
766	0.89100	2283
767	0.89100	2286
768	0.89100	2290
769	0.89100	2293
770	0.89100	2296
771	0.89100	2299
772	0.89100	2302
773	0.89100	2305
774	0.89100	2308
775	0.89100	2311
776	0.89100	2314
777	0.89100	2317
778	0.89100	2320
779	0.89100	2323
780	0.89100	2326
781	0.89100	2329
782	0.89100	2332
783	0.89100	2335
784	0.89100	2338
785	0.89100	2342
786	0.89100	2345
787	0.89100	2348
788	0.89100	2351
789	0.89100	2354
790	0.89100	2357
791	0.89100	2360
792	0.89100	2363
793	0.89100	2366
794	0.89100	2369
795	0.89100	2372
796	0.89100	2375
797	0.89100	2378
798	0.89100	2381
799	0.89100	2384
800	0.89100	2387
801	0.89100	2390
802	0.89100	2394
803	0.89100	2397
804	0.89100	2400
805	0.89100	2403
806	0.89100	2406
807	0.89100	2409
808	0.89100	2412
809	0.89100	2415
810	0.89100	2418
811	0.89100	2421
812	0.89100	2424
813	0.89100	2427
814	0.89100	2430
815	0.89100	2433
816	0.89100	2436
817	0.89100	2439
818	0.89100	2442
819	0.89100	2446
820	0.89100	2449
821	0.89100	2452
822	0.89100	2455
823	0.89100	2458
824	0.89100	2461
825	0.89100	2464
826	0.89100	2467
827	0.89100	2470
828	0.89100	2473
829	0.89100	2476
830	0.89100	2479
831	0.89100	2482
832	0.89100	2485
833	0.89100	2488
834	0.89100	2491
835	0.89100	2494
836	0.89100	2498
837	0.89100	2501
838	0.89100	2504
839	0.89100	2507
840	0.89100	2510
841	0.89100	2513
842	0.89100	2516
843	0.89100	2519
844	0.89100	2522
845	0.89100	2525
846	0.89100	2528
847	0.89100	2531
848	0.89100	2534
849	0.89100	2537
850	0.89100	2540
851	0.89100	2543
852	0.89100	2546
853	0.89100	2550
854	0.89100	2553
855	0.89100	2556
856	0.89100	2559
857	0.89100	2562
858	0.89100	2565
859	0.89100	2568
860	0.89100	2571
861	0.89100	2574
862	0.89100	2577
863	0.89100	2580
864	0.89100	2583
865	0.89100	2586
866	0.89100	2589
867	0.89100	2592
868	0.89100	2595
869	0.89100	2598
870	0.89100	2602
871	0.89100	2605
872	0.89100	2608
873	0.89100	2611
874	0.89100	2614
875	0.89100	2617
876	0.89100	2620
877	0.89100	2623
878	0.89100	2626
879	0.89100	2629
880	0.89100	2632
881	0.89100	2635
882	0.89100	2638
883	0.89100	2641
884	0.89100	2644
885	0.89100	2647
886	0.89100	2651
887	0.89100	2654
888	0.89100	2657
889	0.89100	2660
890	0.89100	2663
891	0.89100	2666
892	0.89100	2669
893	0.89100	2672
894	0.89100	2675
895	0.89100	2678
896	0.89100	2681
897	0.89100	2684
898	0.89100	2687
899	0.89100	2690
900	0.89100	2693
901	0.89100	2696
902	0.89100	2699
903	0.89100	2702
904	0.89100	2706
905	0.89100	2709
906	0.89100	2712
907	0.89100	2715
908	0.89100	2718
909	0.89100	2721
910	0.89100	2724
911	0.89100	2727
912	0.89100	2730
913	0.89100	2733
914	0.89100	2736
915	0.89100	2739
916	0.89100	2742
917	0.89100	2745
918	0.89100	2748
919	0.89100	2751
920	0.89100	2754
921	0.89100	2758
922	0.89100	2761
923	0.89100	2764
924	0.89100	2767
925	0.89100	2770
926	0.89100	2773
927	0.89100	2776
928	0.89100	2779
929	0.89100	2782
930	0.89100	2785
931	0.89100	2788
932	0.89100	2791
933	0.89100	2794
934	0.89100	2797
935	0.89100	2800
936	0.89100	2803
937	0.89100	2806
938	0.89100	2809
939	0.89100	2813
940	0.89100	2816
941	0.89100	2819
942	0.89100	2822
943	0.89100	2825
944	0.89100	2828
945	0.89100	2831
946	0.89100	2834
947	0.89100	2837
948	0.89100	2840
949	0.89100	2843
950	0.89100	2846
951	0.89100	2849
952	0.89100	2852
953	0.89100	2855
954	0.89100	2858
955	0.89100	2862
956	0.89100	2865
957	0.89100	2868
958	0.89100	2871
959	0.89100	2874
960	0.89100	2877
961	0.89100	2880
962	0.89100	2883
963	0.89100	2886
964	0.89100	2889
965	0.89100	2892
966	0.89100	2895
967	0.89100	2898
968	0.89100	2901
969	0.89100	2904
970	0.89100	2907
971	0.89100	2910
972	0.89100	2913
973	0.89100	2917
974	0.89100	2920
975	0.89100	2923
976	0.89100	2926
977	0.89100	2929
978	0.89100	2932
979	0.89100	2935
980	0.89100	2938
981	0.89100	2941
982	0.89100	2944
983	0.89100	2947
984	0.89100	2950
985	0.89100	2953
986	0.89100	2956
987	0.89100	2959
988	0.89100	2962
989	0.89100	2965
990	0.89100	2969
991	0.89100	2972
992	0.89100	2975
993	0.89100	2978
994	0.89100	2981
995	0.89100	2984
996	0.89100	2987
997	0.89100	2990
998	0.89100	2993
999	0.89100	2996
1000	0.89100	2999
1001	0.89100	3002
1002	0.89100	3005
1003	0.89100	3008
1004	0.89100	3011
1005	0.89100	3014
1006	0.89100	3017
1007	0.89100	3021
1008	0.89100	3024
1009	0.89100	3027
1010	0.89100	3030
1011	0.89100	3033
1012	0.89100	3036
1013	0.89100	3039
1014	0.89100	3042
1015	0.89100	3045
1016	0.89100	3048
1017	0.89100	3051
1018	0.89100	3054
1019	0.89100	3057
1020	0.89100	3060
1021	0.89100	3063
1022	0.89100	3066
1023	0.89100	3069
1024	0.89100	3072
1025	0.89100	3076
1026	0.89100	3079
1027	0.89100	3082
1028	0.89100	3085
1029	0.89100	3088
1030	0.89100	3091
1031	0.89100	3094
1032	0.89100	3097
1033	0.89100	3100
1034	0.89100	3103
1035	0.89100	3106
1036	0.89100	3109
1037	0.89100	3112
1038	0.89100	3115
1039	0.89100	3118
1040	0.89100	3121
1041	0.89100	3124
1042	0.89100	3128
1043	0.89100	3131
1044	0.89100	3134
1045	0.89100	3137
1046	0.89100	3140
1047	0.89100	3143
1048	0.89100	3146
1049	0.89100	3149
1050	0.89100	3152
1051	0.89100	3155
1052	0.89100	3158
1053	0.89100	3161
1054	0.89100	3164
1055	0.89100	3167
1056	0.89100	3170
1057	0.89100	3173
1058	0.89100	3177
1059	0.89100	3180
1060	0.89100	3183
1061	0.89100	3186
1062	0.89100	3189
1063	0.89100	3192
1064	0.89100	3195
1065	0.89100	3198
1066	0.89100	3201
1067	0.89100	3204
1068	0.89100	3207
1069	0.89100	3210
1070	0.89100	3213
1071	0.89100	3216
1072	0.89100	3219
1073	0.89100	3222
1074	0.89100	3225
1075	0.89100	3228
1076	0.89100	3232
1077	0.89100	3235
1078	0.89100	3238
1079	0.89100	3241
1080	0.89100	3244
1081	0.89100	3247
1082	0.89100	3250
1083	0.89100	3253
1084	0.89100	3256
1085	0.89100	3259
1086	0.89100	3262
1087	0.89100	3265
1088	0.89100	3268
1089	0.89100	3271
1090	0.89100	3274
1091	0.89100	3277
1092	0.89100	3280
1093	0.89100	3284
1094	0.89100	3287
1095	0.89100	3290
1096	0.89100	3293
1097	0.89100	3296
1098	0.89100	3299
1099	0.89100	3302
1100	0.89100	3305
1101	0.89100	3308
1102	0.89100	3311
1103	0.89100	3314
1104	0.89100	3317
1105	0.89100	3320
1106	0.89100	3323
1107	0.89100	3326
1108	0.89100	3330
1109	0.89100	3333
1110	0.89100	3336
1111	0.89100	3339
1112	0.89100	3342
1113	0.89100	3345
1114	0.89100	3348
1115	0.89100	3351
1116	0.89100	3354
1117	0.89100	3357
1118	0.89100	3360
1119	0.89100	3363
1120	0.89100	3366
1121	0.89100	3369
1122	0.89100	3372
1123	0.89100	3375
1124	0.89100	3379
1125	0.89100	3382
1126	0.89100	3385
1127	0.89100	3388
1128	0.89100	3391
1129	0.89100	3394
1130	0.89100	3397
1131	0.89100	3400
1132	0.89100	3403
1133	0.89100	3406
1134	0.89100	3409
1135	0.89100	3412
1136	0.89100	3415
1137	0.89100	3418
1138	0.89100	3421
1139	0.89100	3424
1140	0.89100	3427
1141	0.89100	3431
1142	0.89100	3434
1143	0.89100	3437
1144	0.89100	3440
1145	0.89100	3443
1146	0.89100	3446
1147	0.89100	3449
1148	0.89100	3452
1149	0.89100	3455
1150	0.89100	3458
1151	0.89100	3461
1152	0.89100	3464
1153	0.89100	3467
1154	0.89100	3470
1155	0.89100	3473
1156	0.89100	3476
1157	0.89100	3479
1158	0.89100	3483
1159	0.89100	3486
1160	0.89100	3489
1161	0.89100	3492
1162	0.89100	3495
1163	0.89100	3498
1164	0.89100	3501
1165	0.89100	3504
1166	0.89100	3507
1167	0.89100	3510
1168	0.89100	3513
1169	0.89100	3516
1170	0.89100	3519
1171	0.89100	3522
1172	0.89100	3525
1173	0.89100	3528
1174	0.89100	3531
1175	0.89100	3535
1176	0.89100	3538
1177	0.89100	3541
1178	0.89100	3544
1179	0.89100	3547
1180	0.89100	3550
1181	0.89100	3553
1182	0.89100	3556
1183	0.89100	3559
1184	0.89100	3562
1185	0.89100	3565
1186	0.89100	3568
1187	0.89100	3571
1188	0.89100	3574
1189	0.89100	3577
1190	0.89100	3580
1191	0.89100	3583
1192	0.89100	3587
1193	0.89100	3590
1194	0.89100	3593
1195	0.89100	3596
1196	0.89100	3599
1197	0.89100	3602
1198	0.89100	3605
1199	0.89100	3608
1200	0.89100	3611
1201	0.89100	3614
1202	0.89100	3617
1203	0.89100	3620
1204	0.89100	3623
1205	0.89100	3626
1206	0.89100	3629
1207	0.89100	3633
1208	0.89100	3636
1209	0.89100	3639
1210	0.89100	3642
1211	0.89100	3645
1212	0.89100	3648
1213	0.89100	3651
1214	0.89100	3654
1215	0.89100	3657
1216	0.89100	3660
1217	0.89100	3663
1218	0.89100	3666
1219	0.89100	3669
1220	0.89100	3672
1221	0.89100	3675
1222	0.89100	3678
1223	0.89100	3681
1224	0.89100	3685
1225	0.89100	3688
1226	0.89100	3691
1227	0.89100	3694
1228	0.89100	3697
1229	0.89100	3700
1230	0.89100	3703
1231	0.89100	3706
1232	0.89100	3709
1233	0.89100	3712
1234	0.89100	3715
1235	0.89100	3718
1236	0.89100	3721
1237	0.89100	3724
1238	0.89100	3727
1239	0.89100	3730
1240	0.89100	3734
1241	0.89100	3737
1242	0.89100	3740
1243	0.89100	3743
1244	0.89100	3746
1245	0.89100	3749
1246	0.89100	3752
1247	0.89100	3755
1248	0.89100	3758
1249	0.89100	3761
1250	0.89100	3764
1251	0.89100	3767
1252	0.89100	3770
1253	0.89100	3773
1254	0.89100	3776
1255	0.89100	3779
1256	0.89100	3782
1257	0.89100	3786
1258	0.89100	3789
1259	0.89100	3792
1260	0.89100	3795
1261	0.89100	3798
1262	0.89100	3801
1263	0.89100	3804
1264	0.89100	3807
1265	0.89100	3810
1266	0.89100	3813
1267	0.89100	3816
1268	0.89100	3819
1269	0.89100	3822
1270	0.89100	3825
1271	0.89100	3828
1272	0.89100	3831
1273	0.89100	3834
1274	0.89100	3837
1275	0.89100	3841
1276	0.89100	3844
1277	0.89100	3847
1278	0.89100	3850
1279	0.89100	3853
1280	0.89100	3856
1281	0.89100	3859
1282	0.89100	3862
1283	0.89100	3865
1284	0.89100	3868
1285	0.89100	3871
1286	0.89100	3874
1287	0.89100	3877
1288	0.89100	3880
1289	0.89100	3883
1290	0.89100	3886
1291	0.89100	3889
1292	0.89100	3893
1293	0.89100	3896
1294	0.89100	3899
1295	0.89100	3902
1296	0.89100	3905
1297	0.89100	3908
1298	0.89100	3911
1299	0.89100	3914
1300	0.89100	3917
1301	0.89100	3920
1302	0.89100	3923
1303	0.89100	3926
1304	0.89100	3929
1305	0.89100	3932
1306	0.89100	3935
1307	0.89100	3938
1308	0.89100	3942
1309	0.89100	3945
1310	0.89100	3948
1311	0.89100	3951
1312	0.89100	3954
1313	0.89100	3957
1314	0.89100	3960
1315	0.89100	3963
1316	0.89100	3966
1317	0.89100	3969
1318	0.89100	3972
1319	0.89100	3975
1320	0.89100	3978
1321	0.89100	3981
1322	0.89100	3984
1323	0.89100	3987
1324	0.89100	3990
1325	0.89100	3994
1326	0.89100	3997
1327	0.89100	4000
1328	0.89100	4003
1329	0.89100	4006
1330	0.89100	4009
1331	0.89100	4012
1332	0.89100	4015
1333	0.89100	4018
1334	0.89100	4021
1335	0.89100	4024
1336	0.89100	4027
1337	0.89100	4030
1338	0.89100	4033
1339	0.89100	4036
1340	0.89100	4039
1341	0.89100	4042
1342	0.89100	4046
1343	0.89100	4049
1344	0.89100	4052
1345	0.89100	4055
1346	0.89100	4058
1347	0.89100	4061
1348	0.89100	4064
1349	0.89100	4067
1350	0.89100	4070
1351	0.89100	4073
1352	0.89100	4076
1353	0.89100	4079
1354	0.89100	4082
1355	0.89100	4085
1356	0.89100	4088
1357	0.89100	4091
1358	0.89100	4095
1359	0.89100	4098
1360	0.89100	4101
1361	0.89100	4104
1362	0.89100	4107
1363	0.89100	4110
1364	0.89100	4113
1365	0.89100	4116
1366	0.89100	4119
1367	0.89100	4122
1368	0.89100	4125
1369	0.89100	4128
1370	0.89100	4131
1371	0.89100	4134
1372	0.89100	4137
1373	0.89100	4140
1374	0.89100	4144
1375	0.89100	4147
1376	0.89100	4150
1377	0.89100	4153
1378	0.89100	4156
1379	0.89100	4159
1380	0.89100	4162
1381	0.89100	4165
1382	0.89100	4168
1383	0.89100	4171
1384	0.89100	4174
1385	0.89100	4177
1386	0.89100	4180
1387	0.89100	4183
1388	0.89100	4186
1389	0.89100	4189
1390	0.89100	4192
1391	0.89100	4195
1392	0.89100	4199
1393	0.89100	4202
1394	0.89100	4205
1395	0.89100	4208
1396	0.89100	4211
1397	0.89100	4214
1398	0.89100	4217
1399	0.89100	4220
1400	0.89100	4223
1401	0.89100	4226
1402	0.89100	4229
1403	0.89100	4232
1404	0.89100	4235
1405	0.89100	4238
1406	0.89100	4241
1407	0.89100	4245
1408	0.89100	4248
1409	0.89100	4251
1410	0.89100	4254
1411	0.89100	4257
1412	0.89100	4260
1413	0.89100	4263
1414	0.89100	4266
1415	0.89100	4269
1416	0.89100	4272
1417	0.89100	4275
1418	0.89100	4278
1419	0.89100	4281
1420	0.89100	4284
1421	0.89100	4287
1422	0.89100	4290
1423	0.89100	4293
1424	0.89100	4297
1425	0.89100	4300
1426	0.89100	4303
1427	0.89100	4306
1428	0.89100	4309
1429	0.89100	4312
1430	0.89100	4315
1431	0.89100	4318
1432	0.89100	4321
1433	0.89100	4324
1434	0.89100	4327
1435	0.89100	4330
1436	0.89100	4333
1437	0.89100	4336
1438	0.89100	4339
1439	0.89100	4342
1440	0.89100	4345
1441	0.89100	4349
1442	0.89100	4352
1443	0.89100	4355
1444	0.89100	4358
1445	0.89100	4361
1446	0.89100	4364
1447	0.89100	4367
1448	0.89100	4370
1449	0.89100	4373
1450	0.89100	4376
1451	0.89100	4379
1452	0.89100	4382
1453	0.89100	4385
1454	0.89100	4388
1455	0.89100	4391
1456	0.89100	4394
1457	0.89100	4397
1458	0.89100	4401
1459	0.89100	4404
1460	0.89100	4407
1461	0.89100	4410
1462	0.89100	4413
1463	0.89100	4416
1464	0.89100	4419
1465	0.89100	4422
1466	0.89100	4425
1467	0.89100	4428
1468	0.89100	4431
1469	0.89100	4434
1470	0.89100	4437
1471	0.89100	4440
1472	0.89100	4443
1473	0.89100	4446
1474	0.89100	4450
1475	0.89100	4453
1476	0.89100	4456
1477	0.89100	4459
1478	0.89100	4462
1479	0.89100	4465
1480	0.89100	4468
1481	0.89100	4471
1482	0.89100	4474
1483	0.89100	4477
1484	0.89100	4480
1485	0.89100	4483
1486	0.89100	4486
1487	0.89100	4489
1488	0.89100	4492
1489	0.89100	4495
1490	0.89100	4498
1491	0.89100	4501
1492	0.89100	4505
1493	0.89100	4508
1494	0.89100	4511
1495	0.89100	4514
1496	0.89100	4517
1497	0.89100	4520
1498	0.89100	4523
1499	0.89100	4526
1500	0.89100	4529
1501	0.89100	4532
1502	0.89100	4535
1503	0.89100	4538
1504	0.89100	4541
1505	0.89100	4544
1506	0.89100	4547
1507	0.89100	4550
1508	0.89100	4553
1509	0.89100	4557
1510	0.89100	4560
1511	0.89100	4563
1512	0.89100	4566
1513	0.89100	4569
1514	0.89100	4572
1515	0.89100	4575
1516	0.89100	4578
1517	0.89100	4581
1518	0.89100	4584
1519	0.89100	4587
1520	0.89100	4590
1521	0.89100	4593
1522	0.89100	4596
1523	0.89100	4599
1524	0.89100	4602
1525	0.89100	4605
1526	0.89100	4608
1527	0.89100	4612
1528	0.89100	4615
1529	0.89100	4618
1530	0.89100	4621
1531	0.89100	4624
1532	0.89100	4627
1533	0.89100	4630
1534	0.89100	4633
1535	0.89100	4636
1536	0.89100	4639
1537	0.89100	4642
1538	0.89100	4645
1539	0.89100	4648
1540	0.89100	4651
1541	0.89100	4654
1542	0.89100	4657
1543	0.89100	4661
1544	0.89100	4664
1545	0.89100	4667
1546	0.89100	4670
1547	0.89100	4673
1548	0.89100	4676
1549	0.89100	4679
1550	0.89100	4682
1551	0.89100	4685
1552	0.89100	4688
1553	0.89100	4691
1554	0.89100	4694
1555	0.89100	4697
1556	0.89100	4700
1557	0.89100	4703
1558	0.89100	4707
1559	0.89100	4710
1560	0.89100	4713
1561	0.89100	4716
1562	0.89100	4719
1563	0.89100	4722
1564	0.89100	4725
1565	0.89100	4728
1566	0.89100	4731
1567	0.89100	4734
1568	0.89100	4737
1569	0.89100	4740
1570	0.89100	4743
1571	0.89100	4746
1572	0.89100	4749
1573	0.89100	4752
1574	0.89100	4755
1575	0.89100	4759
1576	0.89100	4762
1577	0.89100	4765
1578	0.89100	4768
1579	0.89100	4771
1580	0.89100	4774
1581	0.89100	4777
1582	0.89100	4780
1583	0.89100	4783
1584	0.89100	4786
1585	0.89100	4789
1586	0.89100	4792
1587	0.89100	4795
1588	0.89100	4798
1589	0.89100	4801
1590	0.89100	4804
1591	0.89100	4807
1592	0.89100	4811
1593	0.89100	4814
1594	0.89100	4817
1595	0.89100	4820
1596	0.89100	4823
1597	0.89100	4826
1598	0.89100	4829
1599	0.89100	4832
1600	0.89100	4835
1601	0.89100	4838
1602	0.89100	4841
1603	0.89100	4844
1604	0.89100	4848
1605	0.89100	4851
1606	0.89100	4854
1607	0.89100	4857
1608	0.89100	4860
1609	0.89100	4863
1610	0.89100	4866
1611	0.89100	4869
1612	0.89100	4872
1613	0.89100	4875
1614	0.89100	4878
1615	0.89100	4881
1616	0.89100	4884
1617	0.89100	4887
1618	0.89100	4890
1619	0.89100	4893
1620	0.89100	4896
1621	0.89100	4899
1622	0.89100	4903
1623	0.89100	4906
1624	0.89100	4909
1625	0.89100	4912
1626	0.89100	4915
1627	0.89100	4918
1628	0.89100	4921
1629	0.89100	4924
1630	0.89100	4927
1631	0.89100	4930
1632	0.89100	4933
1633	0.89100	4936
1634	0.89100	4939
1635	0.89100	4942
1636	0.89100	4945
1637	0.89100	4948
1638	0.89100	4951
1639	0.89100	4955
1640	0.89100	4958
1641	0.89100	4961
1642	0.89100	4964
1643	0.89100	4967
1644	0.89100	4970
1645	0.89100	4973
1646	0.89100	4976
1647	0.89100	4979
1648	0.89100	4982
1649	0.89100	4985
1650	0.89100	4988
1651	0.89100	4991
1652	0.89100	4994
1653	0.89100	4997
1654	0.89100	5000
1655	0.89100	5003
1656	0.89100	5007
1657	0.89100	5010
1658	0.89100	5013
1659	0.89100	5016
1660	0.89100	5019
1661	0.89100	5022
1662	0.89100	5025
1663	0.89100	5028
1664	0.89100	5031
1665	0.89100	5034
1666	0.89100	5037
1667	0.89100	5040
1668	0.89100	5043
1669	0.89100	5046
1670	0.89100	5049
1671	0.89100	5053
1672	0.89100	5056
1673	0.89100	5059
1674	0.89100	5062
1675	0.89100	5065
1676	0.89100	5068
1677	0.89100	5071
1678	0.89100	5074
1679	0.89100	5077
1680	0.89100	5080
1681	0.89100	5083
1682	0.89100	5086
1683	0.89100	5089
1684	0.89100	5092
1685	0.89100	5095
1686	0.89100	5098
1687	0.89100	5101
1688	0.89100	5105
1689	0.89100	5108
1690	0.89100	5111
1691	0.89100	5114
1692	0.89100	5117
1693	0.89100	5120
1694	0.89100	5123
1695	0.89100	5126
1696	0.89100	5129
1697	0.89100	5132
1698	0.89100	5135
1699	0.89100	5138
1700	0.89100	5141
1701	0.89100	5144
1702	0.89100	5147
1703	0.89100	5150
1704	0.89100	5153
1705	0.89100	5157
1706	0.89100	5160
1707	0.89100	5163
1708	0.89100	5166
1709	0.89100	5169
1710	0.89100	5172
1711	0.89100	5175
1712	0.89100	5178
1713	0.89100	5181
1714	0.89100	5184
1715	0.89100	5187
1716	0.89100	5190
1717	0.89100	5193
1718	0.89100	5196
1719	0.89100	5199
1720	0.89100	5202
1721	0.89100	5205
1722	0.89100	5209
1723	0.89100	5212
1724	0.89100	5215
1725	0.89100	5218
1726	0.89100	5221
1727	0.89100	5224
1728	0.89100	5227
1729	0.89100	5230
1730	0.89100	5233
1731	0.89100	5236
1732	0.89100	5239
1733	0.89100	5242
1734	0.89100	5245
1735	0.89100	5248
1736	0.89100	5251
1737	0.89100	5254
1738	0.89100	5257
1739	0.89100	5261
1740	0.89100	5264
1741	0.89100	5267
1742	0.89100	5270
1743	0.89100	5273
1744	0.89100	5276
1745	0.89100	5279
1746	0.89100	5282
1747	0.89100	5285
1748	0.89100	5288
1749	0.89100	5291
1750	0.89100	5294
1751	0.89100	5298
1752	0.89100	5301
1753	0.89100	5304
1754	0.89100	5307
1755	0.89100	5310
1756	0.89100	5313
1757	0.89100	5316
1758	0.89100	5319
1759	0.89100	5322
1760	0.89100	5325
1761	0.89100	5328
1762	0.89100	5331
1763	0.89100	5334
1764	0.89100	5337
1765	0.89100	5340
1766	0.89100	5343
1767	0.89100	5347
1768	0.89100	5350
1769	0.89100	5353
1770	0.89100	5356
1771	0.89100	5359
1772	0.89100	5362
1773	0.89100	5365
1774	0.89100	5368
1775	0.89100	5371
1776	0.89100	5374
1777	0.89100	5377
1778	0.89100	5380
1779	0.89100	5383
1780	0.89100	5386
1781	0.89100	5389
1782	0.89100	5392
1783	0.89100	5395
1784	0.89100	5399
1785	0.89100	5402
1786	0.89100	5405
1787	0.89100	5408
1788	0.89100	5411
1789	0.89100	5414
1790	0.89100	5417
1791	0.89100	5420
1792	0.89100	5423
1793	0.89100	5426
1794	0.89100	5429
1795	0.89100	5432
1796	0.89100	5435
1797	0.89100	5438
1798	0.89100	5441
1799	0.89100	5444
1800	0.89100	5447
1801	0.89100	5451
1802	0.89100	5454
1803	0.89100	5457
1804	0.89100	5460
1805	0.89100	5463
1806	0.89100	5466
1807	0.89100	5469
1808	0.89100	5472
1809	0.89100	5475
1810	0.89100	5478
1811	0.89100	5481
1812	0.89100	5484
1813	0.89100	5487
1814	0.89100	5490
1815	0.89100	5493
1816	0.89100	5496
1817	0.89100	5500
1818	0.89100	5503
1819	0.89100	5506
1820	0.89100	5509
1821	0.89100	5512
1822	0.89100	5515
1823	0.89100	5518
1824	0.89100	5521
1825	0.89100	5524
1826	0.89100	5527
1827	0.89100	5530
1828	0.89100	5533
1829	0.89100	5536
1830	0.89100	5539
1831	0.89100	5542
1832	0.89100	5545
1833	0.89100	5548
1834	0.89100	5551
1835	0.89100	5555
1836	0.89100	5558
1837	0.89100	5561
1838	0.89100	5564
1839	0.89100	5567
1840	0.89100	5570
1841	0.89100	5573
1842	0.89100	5576
1843	0.89100	5579
1844	0.89100	5582
1845	0.89100	5585
1846	0.89100	5588
1847	0.89100	5591
1848	0.89100	5594
1849	0.89100	5597
1850	0.89100	5600
1851	0.89100	5603
1852	0.89100	5607
1853	0.89100	5610
1854	0.89100	5613
1855	0.89100	5616
1856	0.89100	5619
1857	0.89100	5622
1858	0.89100	5625
1859	0.89100	5628
1860	0.89100	5631
1861	0.89100	5634
1862	0.89100	5637
1863	0.89100	5640
1864	0.89100	5643
1865	0.89100	5646
1866	0.89100	5649
1867	0.89100	5652
1868	0.89100	5656
1869	0.89100	5659
1870	0.89100	5662
1871	0.89100	5665
1872	0.89100	5668
1873	0.89100	5671
1874	0.89100	5674
1875	0.89100	5677
1876	0.89100	5680
1877	0.89100	5683
1878	0.89100	5686
1879	0.89100	5689
1880	0.89100	5692
1881	0.89100	5695
1882	0.89100	5698
1883	0.89100	5701
1884	0.89100	5704
1885	0.89100	5708
1886	0.89100	5711
1887	0.89100	5714
1888	0.89100	5717
1889	0.89100	5720
1890	0.89100	5723
1891	0.89100	5726
1892	0.89100	5729
1893	0.89100	5732
1894	0.89100	5735
1895	0.89100	5738
1896	0.89100	5741
1897	0.89100	5744
1898	0.89100	5747
1899	0.89100	5750
1900	0.89100	5753
1901	0.89100	5757
1902	0.89100	5760
1903	0.89100	5763
1904	0.89100	5766
1905	0.89100	5769
1906	0.89100	5772
1907	0.89100	5775
1908	0.89100	5778
1909	0.89100	5781
1910	0.89100	5784
1911	0.89100	5787
1912	0.89100	5790
1913	0.89100	5793
1914	0.89100	5796
1915	0.89100	5799
1916	0.89100	5802
1917	0.89100	5805
1918	0.89100	5808
1919	0.89100	5812
1920	0.89100	5815
1921	0.89100	5818
1922	0.89100	5821
1923	0.89100	5824
1924	0.89100	5827
1925	0.89100	5830
1926	0.89100	5833
1927	0.89100	5836
1928	0.89100	5839
1929	0.89100	5842
1930	0.89100	5845
1931	0.89100	5848
1932	0.89100	5851
1933	0.89100	5854
1934	0.89100	5857
1935	0.89100	5861
1936	0.89100	5864
1937	0.89100	5867
1938	0.89100	5870
1939	0.89100	5873
1940	0.89100	5876
1941	0.89100	5879
1942	0.89100	5882
1943	0.89100	5885
1944	0.89100	5888
1945	0.89100	5891
1946	0.89100	5894
1947	0.89100	5897
1948	0.89100	5900
1949	0.89100	5904
1950	0.89100	5907
1951	0.89100	5910
1952	0.89100	5913
1953	0.89100	5916
1954	0.89100	5919
1955	0.89100	5922
1956	0.89100	5925
1957	0.89100	5928
1958	0.89100	5931
1959	0.89100	5934
1960	0.89100	5937
1961	0.89100	5940
1962	0.89100	5943
1963	0.89100	5946
1964	0.89100	5950
1965	0.89100	5953
1966	0.89100	5956
1967	0.89100	5959
1968	0.89100	5962
1969	0.89100	5965
1970	0.89100	5968
1971	0.89100	5971
1972	0.89100	5974
1973	0.89100	5977
1974	0.89100	5980
1975	0.89100	5983
1976	0.89100	5986
1977	0.89100	5989
1978	0.89100	5993
1979	0.89100	5996
1980	0.89100	5999
1981	0.89100	6002
1982	0.89100	6005
1983	0.89100	6008
1984	0.89100	6011
1985	0.89100	6014
1986	0.89100	6017
1987	0.89100	6020
1988	0.89100	6023
1989	0.89100	6026
1990	0.89100	6029
1991	0.89100	6032
1992	0.89100	6035
1993	0.89100	6038
1994	0.89100	6042
1995	0.89100	6045
1996	0.89100	6048
1997	0.89100	6051
1998	0.89100	6054
1999	0.89100	6057
