0	0.00500	0
1	0.00750	1
2	0.00900	2
3	0.01050	3
4	0.01150	4
5	0.01550	5
6	0.01950	6
7	0.02300	7
8	0.02950	8
9	0.03500	9
10	0.04100	9
11	0.05100	10
12	0.06350	11
13	0.07700	12
14	0.08900	14
15	0.11100	15
16	0.13000	16
17	0.15000	17
18	0.17900	18
19	0.20500	19
20	0.23900	21
21	0.26900	22
22	0.30600	24
23	0.34150	26
24	0.38550	27
25	0.42900	29
26	0.46400	31
27	0.50350	33
28	0.55000	35
29	0.58000	38
30	0.61450	40
31	0.64700	42
32	0.67500	45
33	0.70700	47
34	0.73150	50
35	0.75300	53
36	0.76950	56
37	0.78650	58
38	0.79850	61
39	0.81200	64
40	0.82350	67
41	0.83050	70
42	0.83850	73
43	0.84500	76
44	0.84950	79
45	0.85350	82
46	0.85800	85
47	0.86300	88
48	0.86650	91
49	0.86850	94
50	0.87150	97
51	0.87400	100
52	0.87450	103
53	0.87650	106
54	0.87700	109
55	0.87800	112
56	0.87800	115
57	0.87800	119
58	0.87850	122
59	0.87850	125
60	0.87850	128
61	0.87900	131
62	0.87950	134
63	0.87950	137
64	0.87950	140
65	0.87950	143
66	0.87950	146
67	0.87950	149
68	0.87950	152
69	0.88000	155
70	0.88000	158
71	0.88000	161
72	0.88100	164
73	0.88100	167
74	0.88150	171
75	0.88150	174
76	0.88200	177
77	0.88200	180
78	0.88200	183
79	0.88200	186
80	0.88200	189
81	0.88200	192
82	0.88200	195
83	0.88200	198
84	0.88200	201
85	0.88200	204
86	0.88200	207
87	0.88200	210
88	0.88200	213
89	0.88200	216
90	0.88200	220
91	0.88200	223
92	0.88200	226
93	0.88200	229
94	0.88200	232
95	0.88200	235
96	0.88200	238
97	0.88200	241
98	0.88200	244
99	0.88200	247
100	0.88200	250
101	0.88200	253
102	0.88200	256
103	0.88200	259
104	0.88200	262
105	0.88200	265
106	0.88200	268
107	0.88200	272
108	0.88200	275
109	0.88200	278
110	0.88200	281
111	0.88200	284
112	0.88200	287
113	0.88200	290
114	0.88200	293
115	0.88200	296
116	0.88200	299
117	0.88200	302
118	0.88200	305
119	0.88200	308
120	0.88200	311
121	0.88200	315
122	0.88200	318
123	0.88200	321
124	0.88200	324
125	0.88200	327
126	0.88200	330
127	0.88200	333
128	0.88200	336
129	0.88200	339
130	0.88200	342
131	0.88200	345
132	0.88200	348
133	0.88200	351
134	0.88200	354
135	0.88200	358
136	0.88200	361
137	0.88200	364
138	0.88200	367
139	0.88200	370
140	0.88200	373
141	0.88200	376
142	0.88200	379
143	0.88200	382
144	0.88200	385
145	0.88200	388
146	0.88200	391
147	0.88200	394
148	0.88200	397
149	0.88200	401
150	0.88200	404
151	0.88200	407
152	0.88200	410
153	0.88200	413
154	0.88200	416
155	0.88200	419
156	0.88200	422
157	0.88200	425
158	0.88200	428
159	0.88200	431
160	0.88200	434
161	0.88200	437
162	0.88200	440
163	0.88200	443
164	0.88200	447
165	0.88200	450
166	0.88200	453
167	0.88200	456
168	0.88200	459
169	0.88200	462
170	0.88200	465
171	0.88200	468
172	0.88200	471
173	0.88200	474
174	0.88200	477
175	0.88200	480
176	0.88200	483
177	0.88200	486
178	0.88200	489
179	0.88200	492
180	0.88200	496
181	0.88200	499
182	0.88200	502
183	0.88200	505
184	0.88200	508
185	0.88200	511
186	0.88200	514
187	0.88200	517
188	0.88200	520
189	0.88200	523
190	0.88200	526
191	0.88200	529
192	0.88200	532
193	0.88200	535
194	0.88200	538
195	0.88200	541
196	0.88200	545
197	0.88200	548
198	0.88200	551
199	0.88200	554
200	0.88200	557
201	0.88200	560
202	0.88200	563
203	0.88200	566
204	0.88200	569
205	0.88200	572
206	0.88200	575
207	0.88200	578
208	0.88200	581
209	0.88200	584
210	0.88200	587
211	0.88200	590
212	0.88200	593
213	0.88200	597
214	0.88200	600
215	0.88200	603
216	0.88200	606
217	0.88200	609
218	0.88200	612
219	0.88200	615
220	0.88200	618
221	0.88200	621
222	0.88200	624
223	0.88200	627
224	0.88200	630
225	0.88200	633
226	0.88200	636
227	0.88200	639
228	0.88200	642
229	0.88200	646
230	0.88200	649
231	0.88200	652
232	0.88200	655
233	0.88200	658
234	0.88200	661
235	0.88200	664
236	0.88200	667
237	0.88200	670
238	0.88200	673
239	0.88200	676
240	0.88200	679
241	0.88200	682
242	0.88200	685
243	0.88200	688
244	0.88200	691
245	0.88200	694
246	0.88200	698
247	0.88200	701
248	0.88200	704
249	0.88200	707
250	0.88200	710
251	0.88200	713
252	0.88200	716
253	0.88200	719
254	0.88200	722
255	0.88200	725
256	0.88200	728
257	0.88200	731
258	0.88200	734
259	0.88200	737
260	0.88200	740
261	0.88200	743
262	0.88200	747
263	0.88200	750
264	0.88200	753
265	0.88200	756
266	0.88200	759
267	0.88200	762
268	0.88200	765
269	0.88200	768
270	0.88200	771
271	0.88200	774
272	0.88200	777
273	0.88200	780
274	0.88200	783
275	0.88200	786
276	0.88200	789
277	0.88200	792
278	0.88200	796
279	0.88200	799
280	0.88200	802
281	0.88200	805
282	0.88200	808
283	0.88200	811
284	0.88200	814
285	0.88200	817
286	0.88200	820
287	0.88200	823
288	0.88200	826
289	0.88200	829
290	0.88200	832
291	0.88200	835
292	0.88200	839
293	0.88200	842
294	0.88200	845
295	0.88200	848
296	0.88200	851
297	0.88200	854
298	0.88200	857
299	0.88200	860
300	0.88200	863
301	0.88200	866
302	0.88200	869
303	0.88200	872
304	0.88200	875
305	0.88200	878
306	0.88200	881
307	0.88200	884
308	0.88200	888
309	0.88200	891
310	0.88200	894
311	0.88200	897
312	0.88200	900
313	0.88200	903
314	0.88200	906
315	0.88200	909
316	0.88200	912
317	0.88200	915
318	0.88200	918
319	0.88200	921
320	0.88200	924
321	0.88200	927
322	0.88200	930
323	0.88200	933
324	0.88200	937
325	0.88200	940
326	0.88200	943
327	0.88200	946
328	0.88200	949
329	0.88200	952
330	0.88200	955
331	0.88200	958
332	0.88200	961
333	0.88200	964
334	0.88200	967
335	0.88200	970
336	0.88200	973
337	0.88200	976
338	0.88200	979
339	0.88200	982
340	0.88200	985
341	0.88200	989
342	0.88200	992
343	0.88200	995
344	0.88200	998
345	0.88200	1001
346	0.88200	1004
347	0.88200	1007
348	0.88200	1010
349	0.88200	1013
350	0.88200	1016
351	0.88200	1019
352	0.88200	1022
353	0.88200	1025
354	0.88200	1028
355	0.88200	1031
356	0.88200	1034
357	0.88200	1038
358	0.88200	1041
359	0.88200	1044
360	0.88200	1047
361	0.88200	1050
362	0.88200	1053
363	0.88200	1056
364	0.88200	1059
365	0.88200	1062
366	0.88200	1065
367	0.88200	1068
368	0.88200	1071
369	0.88200	1074
370	0.88200	1077
371	0.88200	1080
372	0.88200	1083
373	0.88200	1087
374	0.88200	1090
375	0.88200	1093
376	0.88200	1096
377	0.88200	1099
378	0.88200	1102
379	0.88200	1105
380	0.88200	1108
381	0.88200	1111
382	0.88200	1114
383	0.88200	1117
384	0.88200	1120
385	0.88200	1123
386	0.88200	1126
387	0.88200	1129
388	0.88200	1132
389	0.88200	1135
390	0.88200	1139
391	0.88200	1142
392	0.88200	1145
393	0.88200	1148
394	0.88200	1151
395	0.88200	1154
396	0.88200	1157
397	0.88200	1160
398	0.88200	1163
399	0.88200	1166
400	0.88200	1169
401	0.88200	1172
402	0.88200	1176
403	0.88200	1179
404	0.88200	1182
405	0.88200	1185
406	0.88200	1188
407	0.88200	1191
408	0.88200	1194
409	0.88200	1197
410	0.88200	1200
411	0.88200	1203
412	0.88200	1206
413	0.88200	1209
414	0.88200	1212
415	0.88200	1215
416	0.88200	1218
417	0.88200	1221
418	0.88200	1225
419	0.88200	1228
420	0.88200	1231
421	0.88200	1234
422	0.88200	1237
423	0.88200	1240
424	0.88200	1243
425	0.88200	1246
426	0.88200	1249
427	0.88200	1252
428	0.88200	1255
429	0.88200	1258
430	0.88200	1261
431	0.88200	1264
432	0.88200	1267
433	0.88200	1270
434	0.88200	1274
435	0.88200	1277
436	0.88200	1280
437	0.88200	1283
438	0.88200	1286
439	0.88200	1289
440	0.88200	1292
441	0.88200	1295
442	0.88200	1298
443	0.88200	1301
444	0.88200	1304
445	0.88200	1307
446	0.88200	1310
447	0.88200	1313
448	0.88200	1316
449	0.88200	1319
450	0.88200	1322
451	0.88200	1326
452	0.88200	1329
453	0.88200	1332
454	0.88200	1335
455	0.88200	1338
456	0.88200	1341
457	0.88200	1344
458	0.88200	1347
459	0.88200	1350
460	0.88200	1353
461	0.88200	1356
462	0.88200	1359
463	0.88200	1362
464	0.88200	1365
465	0.88200	1368
466	0.88200	1371
467	0.88200	1375
468	0.88200	1378
469	0.88200	1381
470	0.88200	1384
471	0.88200	1387
472	0.88200	1390
473	0.88200	1393
474	0.88200	1396
475	0.88200	1399
476	0.88200	1402
477	0.88200	1405
478	0.88200	1408
479	0.88200	1411
480	0.88200	1414
481	0.88200	1417
482	0.88200	1420
483	0.88200	1424
484	0.88200	1427
485	0.88200	1430
486	0.88200	1433
487	0.88200	1436
488	0.88200	1439
489	0.88200	1442
490	0.88200	1445
491	0.88200	1448
492	0.88200	1451
493	0.88200	1454
494	0.88200	1457
495	0.88200	1460
496	0.88200	1463
497	0.88200	1467
498	0.88200	1470
499	0.88200	1473
500	0.88200	1476
501	0.88200	1479
502	0.88200	1482
503	0.88200	1485
504	0.88200	1488
505	0.88200	1491
506	0.88200	1494
507	0.88200	1497
508	0.88200	1500
509	0.88200	1503
510	0.88200	1506
511	0.88200	1509
512	0.88200	1512
513	0.88200	1516
514	0.88200	1519
515	0.88200	1522
516	0.88200	1525
517	0.88200	1528
518	0.88200	1531
519	0.88200	1534
520	0.88200	1537
521	0.88200	1540
522	0.88200	1543
523	0.88200	1546
524	0.88200	1549
525	0.88200	1552
526	0.88200	1555
527	0.88200	1558
528	0.88200	1561
529	0.88200	1565
530	0.88200	1568
531	0.88200	1571
532	0.88200	1574
533	0.88200	1577
534	0.88200	1580
535	0.88200	1583
536	0.88200	1586
537	0.88200	1589
538	0.88200	1592
539	0.88200	1595
540	0.88200	1598
541	0.88200	1601
542	0.88200	1604
543	0.88200	1607
544	0.88200	1610
545	0.88200	1614
546	0.88200	1617
547	0.88200	1620
548	0.88200	1623
549	0.88200	1626
550	0.88200	1629
551	0.88200	1632
552	0.88200	1635
553	0.88200	1638
554	0.88200	1641
555	0.88200	1644
556	0.88200	1647
557	0.88200	1650
558	0.88200	1653
559	0.88200	1656
560	0.88200	1660
561	0.88200	1663
562	0.88200	1666
563	0.88200	1669
564	0.88200	1672
565	0.88200	1675
566	0.88200	1678
567	0.88200	1681
568	0.88200	1684
569	0.88200	1687
570	0.88200	1690
571	0.88200	1693
572	0.88200	1696
573	0.88200	1699
574	0.88200	1703
575	0.88200	1706
576	0.88200	1709
577	0.88200	1712
578	0.88200	1715
579	0.88200	1718
580	0.88200	1721
581	0.88200	1724
582	0.88200	1727
583	0.88200	1730
584	0.88200	1733
585	0.88200	1736
586	0.88200	1739
587	0.88200	1742
588	0.88200	1745
589	0.88200	1748
590	0.88200	1751
591	0.88200	1755
592	0.88200	1758
593	0.88200	1761
594	0.88200	1764
595	0.88200	1767
596	0.88200	1770
597	0.88200	1773
598	0.88200	1776
599	0.88200	1779
600	0.88200	1782
601	0.88200	1785
602	0.88200	1788
603	0.88200	1791
604	0.88200	1794
605	0.88200	1797
606	0.88200	1800
607	0.88200	1804
608	0.88200	1807
609	0.88200	1810
610	0.88250	1813
611	0.88250	1816
612	0.88250	1819
613	0.88250	1822
614	0.88250	1825
615	0.88250	1828
616	0.88250	1831
617	0.88250	1834
618	0.88250	1837
619	0.88250	1840
620	0.88250	1843
621	0.88250	1846
622	0.88250	1849
623	0.88250	1853
624	0.88250	1856
625	0.88250	1859
626	0.88250	1862
627	0.88250	1865
628	0.88250	1868
629	0.88250	1871
630	0.88250	1874
631	0.88250	1877
632	0.88250	1880
633	0.88250	1883
634	0.88250	1886
635	0.88250	1889
636	0.88250	1892
637	0.88250	1896
638	0.88250	1899
639	0.88250	1902
640	0.88250	1905
641	0.88250	1908
642	0.88250	1911
643	0.88250	1914
644	0.88250	1917
645	0.88250	1920
646	0.88250	1923
647	0.88250	1926
648	0.88250	1929
649	0.88250	1932
650	0.88250	1935
651	0.88250	1939
652	0.88250	1942
653	0.88250	1945
654	0.88250	1948
655	0.88250	1951
656	0.88250	1954
657	0.88250	1957
658	0.88250	1960
659	0.88250	1963
660	0.88250	1966
661	0.88250	1969
662	0.88250	1972
663	0.88250	1976
664	0.88250	1979
665	0.88250	1982
666	0.88250	1985
667	0.88250	1988
668	0.88250	1991
669	0.88250	1994
670	0.88250	1997
671	0.88250	2000
672	0.88250	2003
673	0.88250	2006
674	0.88250	2009
675	0.88250	2012
676	0.88250	2015
677	0.88250	2018
678	0.88250	2022
679	0.88250	2025
680	0.88250	2028
681	0.88250	2031
682	0.88250	2034
683	0.88250	2037
684	0.88250	2040
685	0.88250	2043
686	0.88250	2046
687	0.88250	2049
688	0.88250	2052
689	0.88250	2055
690	0.88250	2058
691	0.88250	2061
692	0.88250	2064
693	0.88250	2068
694	0.88250	2071
695	0.88250	2074
696	0.88250	2077
697	0.88250	2080
698	0.88250	2083
699	0.88250	2086
700	0.88250	2089
701	0.88250	2092
702	0.88250	2095
703	0.88250	2098
704	0.88250	2101
705	0.88250	2104
706	0.88250	2107
707	0.88250	2110
708	0.88250	2113
709	0.88250	2117
710	0.88250	2120
711	0.88250	2123
712	0.88250	2126
713	0.88250	2129
714	0.88250	2132
715	0.88250	2135
716	0.88250	2138
717	0.88250	2141
718	0.88250	2144
719	0.88250	2147
720	0.88250	2150
721	0.88250	2153
722	0.88250	2156
723	0.88250	2159
724	0.88250	2162
725	0.88250	2166
726	0.88250	2169
727	0.88250	2172
728	0.88250	2175
729	0.88250	2178
730	0.88250	2181
731	0.88250	2184
732	0.88250	2187
733	0.88250	2190
734	0.88250	2193
735	0.88250	2196
736	0.88250	2199
737	0.88250	2202
738	0.88250	2205
739	0.88250	2208
740	0.88250	2211
741	0.88250	2215
742	0.88250	2218
743	0.88250	2221
744	0.88250	2224
745	0.88250	2227
746	0.88250	2230
747	0.88250	2233
748	0.88250	2236
749	0.88250	2239
750	0.88250	2242
751	0.88250	2245
752	0.88250	2248
753	0.88250	2251
754	0.88250	2254
755	0.88250	2257
756	0.88250	2260
757	0.88250	2264
758	0.88250	2267
759	0.88250	2270
760	0.88250	2273
761	0.88250	2276
762	0.88250	2279
763	0.88250	2282
764	0.88250	2285
765	0.88250	2288
766	0.88250	2291
767	0.88250	2294
768	0.88250	2297
769	0.88250	2300
770	0.88250	2303
771	0.88250	2306
772	0.88250	2309
773	0.88250	2313
774	0.88250	2316
775	0.88250	2319
776	0.88250	2322
777	0.88250	2325
778	0.88250	2328
779	0.88250	2331
780	0.88250	2334
781	0.88250	2337
782	0.88250	2340
783	0.88250	2343
784	0.88250	2346
785	0.88250	2349
786	0.88250	2352
787	0.88250	2355
788	0.88250	2358
789	0.88250	2362
790	0.88250	2365
791	0.88250	2368
792	0.88250	2371
793	0.88250	2374
794	0.88250	2377
795	0.88250	2380
796	0.88250	2383
797	0.88250	2386
798	0.88250	2389
799	0.88250	2392
800	0.88250	2395
801	0.88250	2398
802	0.88250	2401
803	0.88250	2404
804	0.88250	2408
805	0.88250	2411
806	0.88250	2414
807	0.88250	2417
808	0.88250	2420
809	0.88250	2423
810	0.88250	2426
811	0.88250	2429
812	0.88250	2432
813	0.88250	2435
814	0.88250	2438
815	0.88250	2441
816	0.88250	2444
817	0.88250	2447
818	0.88250	2450
819	0.88250	2453
820	0.88250	2457
821	0.88250	2460
822	0.88250	2463
823	0.88250	2466
824	0.88250	2469
825	0.88250	2472
826	0.88250	2475
827	0.88250	2478
828	0.88250	2481
829	0.88250	2484
830	0.88250	2487
831	0.88250	2490
832	0.88250	2493
833	0.88250	2496
834	0.88250	2499
835	0.88250	2502
836	0.88250	2505
837	0.88250	2509
838	0.88250	2512
839	0.88250	2515
840	0.88250	2518
841	0.88250	2521
842	0.88250	2524
843	0.88250	2527
844	0.88250	2530
845	0.88250	2533
846	0.88250	2536
847	0.88250	2539
848	0.88250	2542
849	0.88250	2545
850	0.88250	2548
851	0.88250	2551
852	0.88250	2554
853	0.88250	2558
854	0.88250	2561
855	0.88250	2564
856	0.88250	2567
857	0.88250	2570
858	0.88250	2573
859	0.88250	2576
860	0.88250	2579
861	0.88250	2582
862	0.88250	2585
863	0.88250	2588
864	0.88250	2591
865	0.88250	2594
866	0.88250	2597
867	0.88250	2600
868	0.88250	2603
869	0.88250	2607
870	0.88250	2610
871	0.88250	2613
872	0.88250	2616
873	0.88250	2619
874	0.88250	2622
875	0.88250	2625
876	0.88250	2628
877	0.88250	2631
878	0.88250	2634
879	0.88250	2637
880	0.88250	2640
881	0.88250	2643
882	0.88250	2647
883	0.88250	2650
884	0.88250	2653
885	0.88250	2656
886	0.88250	2659
887	0.88250	2662
888	0.88250	2665
889	0.88250	2668
890	0.88250	2671
891	0.88250	2674
892	0.88250	2677
893	0.88250	2680
894	0.88250	2683
895	0.88250	2686
896	0.88250	2689
897	0.88250	2692
898	0.88250	2696
899	0.88250	2699
900	0.88250	2702
901	0.88250	2705
902	0.88250	2708
903	0.88250	2711
904	0.88250	2714
905	0.88250	2717
906	0.88250	2720
907	0.88250	2723
908	0.88250	2726
909	0.88250	2729
910	0.88250	2732
911	0.88250	2735
912	0.88250	2738
913	0.88250	2741
914	0.88250	2745
915	0.88250	2748
916	0.88250	2751
917	0.88250	2754
918	0.88250	2757
919	0.88250	2760
920	0.88250	2763
921	0.88250	2766
922	0.88250	2769
923	0.88250	2772
924	0.88250	2775
925	0.88250	2778
926	0.88250	2781
927	0.88250	2784
928	0.88250	2787
929	0.88250	2790
930	0.88250	2793
931	0.88250	2797
932	0.88250	2800
933	0.88250	2803
934	0.88250	2806
935	0.88250	2809
936	0.88250	2812
937	0.88250	2815
938	0.88250	2818
939	0.88250	2821
940	0.88250	2824
941	0.88250	2827
942	0.88250	2830
943	0.88250	2833
944	0.88250	2836
945	0.88250	2839
946	0.88250	2842
947	0.88250	2846
948	0.88250	2849
949	0.88250	2852
950	0.88250	2855
951	0.88250	2858
952	0.88250	2861
953	0.88250	2864
954	0.88250	2867
955	0.88250	2870
956	0.88250	2873
957	0.88250	2876
958	0.88250	2879
959	0.88250	2882
960	0.88250	2885
961	0.88250	2888
962	0.88250	2891
963	0.88250	2894
964	0.88250	2898
965	0.88250	2901
966	0.88250	2904
967	0.88250	2907
968	0.88250	2910
969	0.88250	2913
970	0.88250	2916
971	0.88250	2919
972	0.88250	2922
973	0.88250	2925
974	0.88250	2928
975	0.88250	2931
976	0.88250	2934
977	0.88250	2937
978	0.88250	2940
979	0.88250	2943
980	0.88250	2947
981	0.88250	2950
982	0.88250	2953
983	0.88250	2956
984	0.88250	2959
985	0.88250	2962
986	0.88250	2965
987	0.88250	2968
988	0.88250	2971
989	0.88250	2974
990	0.88250	2977
991	0.88250	2980
992	0.88250	2983
993	0.88250	2986
994	0.88250	2989
995	0.88250	2993
996	0.88250	2996
997	0.88250	2999
998	0.88250	3002
999	0.88250	3005
1000	0.88250	3008
1001	0.88250	3011
1002	0.88250	3014
1003	0.88250	3017
1004	0.88250	3020
1005	0.88250	3023
1006	0.88250	3026
1007	0.88250	3029
1008	0.88250	3032
1009	0.88250	3036
1010	0.88250	3039
1011	0.88250	3042
1012	0.88250	3045
1013	0.88250	3048
1014	0.88250	3051
1015	0.88250	3054
1016	0.88250	3057
1017	0.88250	3060
1018	0.88250	3063
1019	0.88250	3066
1020	0.88250	3069
1021	0.88250	3072
1022	0.88250	3075
1023	0.88250	3078
1024	0.88250	3081
1025	0.88250	3085
1026	0.88250	3088
1027	0.88250	3091
1028	0.88250	3094
1029	0.88250	3097
1030	0.88250	3100
1031	0.88250	3103
1032	0.88250	3106
1033	0.88250	3109
1034	0.88250	3112
1035	0.88250	3115
1036	0.88250	3118
1037	0.88250	3121
1038	0.88250	3124
1039	0.88250	3127
1040	0.88250	3130
1041	0.88250	3134
1042	0.88250	3137
1043	0.88250	3140
1044	0.88250	3143
1045	0.88250	3146
1046	0.88250	3149
1047	0.88250	3152
1048	0.88250	3155
1049	0.88250	3158
1050	0.88250	3161
1051	0.88250	3164
1052	0.88250	3167
1053	0.88250	3170
1054	0.88250	3173
1055	0.88250	3176
1056	0.88250	3179
1057	0.88250	3183
1058	0.88250	3186
1059	0.88250	3189
1060	0.88250	3192
1061	0.88250	3195
1062	0.88250	3198
1063	0.88250	3201
1064	0.88250	3204
1065	0.88250	3207
1066	0.88250	3210
1067	0.88250	3213
1068	0.88250	3216
1069	0.88250	3219
1070	0.88250	3222
1071	0.88250	3225
1072	0.88250	3228
1073	0.88250	3231
1074	0.88250	3235
1075	0.88250	3238
1076	0.88250	3241
1077	0.88250	3244
1078	0.88250	3247
1079	0.88250	3250
1080	0.88250	3253
1081	0.88250	3256
1082	0.88250	3259
1083	0.88250	3262
1084	0.88250	3265
1085	0.88250	3268
1086	0.88250	3271
1087	0.88250	3274
1088	0.88250	3277
1089	0.88250	3281
1090	0.88250	3284
1091	0.88250	3287
1092	0.88250	3290
1093	0.88250	3293
1094	0.88250	3296
1095	0.88250	3299
1096	0.88250	3302
1097	0.88250	3305
1098	0.88250	3308
1099	0.88250	3311
1100	0.88250	3314
1101	0.88250	3317
1102	0.88250	3320
1103	0.88250	3323
1104	0.88250	3327
1105	0.88250	3330
1106	0.88250	3333
1107	0.88250	3336
1108	0.88250	3339
1109	0.88250	3342
1110	0.88250	3345
1111	0.88250	3348
1112	0.88250	3351
1113	0.88250	3354
1114	0.88250	3357
1115	0.88250	3360
1116	0.88250	3363
1117	0.88250	3366
1118	0.88250	3369
1119	0.88250	3372
1120	0.88250	3376
1121	0.88250	3379
1122	0.88250	3382
1123	0.88250	3385
1124	0.88250	3388
1125	0.88250	3391
1126	0.88250	3394
1127	0.88250	3397
1128	0.88250	3400
1129	0.88250	3403
1130	0.88250	3406
1131	0.88250	3410
1132	0.88250	3413
1133	0.88250	3416
1134	0.88250	3419
1135	0.88250	3422
1136	0.88250	3425
1137	0.88250	3428
1138	0.88250	3431
1139	0.88250	3434
1140	0.88250	3437
1141	0.88250	3440
1142	0.88250	3443
1143	0.88250	3446
1144	0.88250	3449
1145	0.88250	3452
1146	0.88250	3456
1147	0.88250	3459
1148	0.88250	3462
1149	0.88250	3465
1150	0.88250	3468
1151	0.88250	3471
1152	0.88250	3474
1153	0.88250	3477
1154	0.88250	3480
1155	0.88250	3483
1156	0.88250	3486
1157	0.88250	3489
1158	0.88250	3492
1159	0.88250	3495
1160	0.88250	3498
1161	0.88250	3501
1162	0.88250	3505
1163	0.88250	3508
1164	0.88250	3511
1165	0.88250	3514
1166	0.88250	3517
1167	0.88250	3520
1168	0.88250	3523
1169	0.88250	3526
1170	0.88250	3529
1171	0.88250	3532
1172	0.88250	3535
1173	0.88250	3538
1174	0.88250	3541
1175	0.88250	3544
1176	0.88250	3547
1177	0.88250	3550
1178	0.88250	3554
1179	0.88250	3557
1180	0.88250	3560
1181	0.88250	3563
1182	0.88250	3566
1183	0.88250	3569
1184	0.88250	3572
1185	0.88250	3575
1186	0.88250	3578
1187	0.88250	3581
1188	0.88250	3584
1189	0.88250	3587
1190	0.88250	3590
1191	0.88250	3593
1192	0.88250	3596
1193	0.88250	3599
1194	0.88250	3603
1195	0.88250	3606
1196	0.88250	3609
1197	0.88250	3612
1198	0.88250	3615
1199	0.88250	3618
1200	0.88250	3621
1201	0.88250	3624
1202	0.88250	3627
1203	0.88250	3630
1204	0.88250	3633
1205	0.88250	3636
1206	0.88250	3639
1207	0.88250	3642
1208	0.88250	3645
1209	0.88250	3648
1210	0.88250	3651
1211	0.88250	3655
1212	0.88250	3658
1213	0.88250	3661
1214	0.88250	3664
1215	0.88250	3667
1216	0.88250	3670
1217	0.88250	3673
1218	0.88250	3676
1219	0.88250	3679
1220	0.88250	3682
1221	0.88250	3685
1222	0.88250	3688
1223	0.88250	3691
1224	0.88250	3694
1225	0.88250	3697
1226	0.88250	3700
1227	0.88250	3704
1228	0.88250	3707
1229	0.88250	3710
1230	0.88250	3713
1231	0.88250	3716
1232	0.88250	3719
1233	0.88250	3722
1234	0.88250	3725
1235	0.88250	3728
1236	0.88250	3731
1237	0.88250	3734
1238	0.88250	3737
1239	0.88250	3740
1240	0.88250	3743
1241	0.88250	3746
1242	0.88250	3749
1243	0.88250	3753
1244	0.88250	3756
1245	0.88250	3759
1246	0.88250	3762
1247	0.88250	3765
1248	0.88250	3768
1249	0.88250	3771
1250	0.88250	3774
1251	0.88250	3777
1252	0.88250	3780
1253	0.88250	3783
1254	0.88250	3786
1255	0.88250	3789
1256	0.88250	3792
1257	0.88250	3795
1258	0.88250	3798
1259	0.88250	3802
1260	0.88250	3805
1261	0.88250	3808
1262	0.88250	3811
1263	0.88250	3814
1264	0.88250	3817
1265	0.88250	3820
1266	0.88250	3823
1267	0.88250	3826
1268	0.88250	3829
1269	0.88250	3832
1270	0.88250	3835
1271	0.88250	3838
1272	0.88250	3841
1273	0.88250	3844
1274	0.88250	3847
1275	0.88250	3850
1276	0.88250	3854
1277	0.88250	3857
1278	0.88250	3860
1279	0.88250	3863
1280	0.88250	3866
1281	0.88250	3869
1282	0.88250	3872
1283	0.88250	3875
1284	0.88250	3878
1285	0.88250	3881
1286	0.88250	3884
1287	0.88250	3887
1288	0.88250	3890
1289	0.88250	3893
1290	0.88250	3896
1291	0.88250	3899
1292	0.88250	3903
1293	0.88250	3906
1294	0.88250	3909
1295	0.88250	3912
1296	0.88250	3915
1297	0.88250	3918
1298	0.88250	3921
1299	0.88250	3924
1300	0.88250	3927
1301	0.88250	3930
1302	0.88250	3933
1303	0.88250	3936
1304	0.88250	3939
1305	0.88250	3942
1306	0.88250	3945
1307	0.88250	3948
1308	0.88250	3952
1309	0.88250	3955
1310	0.88250	3958
1311	0.88250	3961
1312	0.88250	3964
1313	0.88250	3967
1314	0.88250	3970
1315	0.88250	3973
1316	0.88250	3976
1317	0.88250	3979
1318	0.88250	3982
1319	0.88250	3985
1320	0.88250	3988
1321	0.88250	3992
1322	0.88250	3995
1323	0.88250	3998
1324	0.88250	4001
1325	0.88250	4004
1326	0.88250	4007
1327	0.88250	4010
1328	0.88250	4013
1329	0.88250	4016
1330	0.88250	4019
1331	0.88250	4022
1332	0.88250	4025
1333	0.88250	4028
1334	0.88250	4031
1335	0.88250	4034
1336	0.88250	4037
1337	0.88250	4041
1338	0.88250	4044
1339	0.88250	4047
1340	0.88250	4050
1341	0.88250	4053
1342	0.88250	4056
1343	0.88250	4059
1344	0.88250	4062
1345	0.88250	4065
1346	0.88250	4068
1347	0.88250	4071
1348	0.88250	4074
1349	0.88250	4077
1350	0.88250	4080
1351	0.88250	4084
1352	0.88250	4087
1353	0.88250	4090
1354	0.88250	4093
1355	0.88250	4096
1356	0.88250	4099
1357	0.88250	4102
1358	0.88250	4105
1359	0.88250	4108
1360	0.88250	4111
1361	0.88250	4114
1362	0.88250	4117
1363	0.88250	4120
1364	0.88250	4123
1365	0.88250	4126
1366	0.88250	4129
1367	0.88250	4133
1368	0.88250	4136
1369	0.88250	4139
1370	0.88250	4142
1371	0.88250	4145
1372	0.88250	4148
1373	0.88250	4151
1374	0.88250	4154
1375	0.88250	4157
1376	0.88250	4160
1377	0.88250	4163
1378	0.88250	4166
1379	0.88250	4169
1380	0.88250	4172
1381	0.88250	4175
1382	0.88250	4179
1383	0.88250	4182
1384	0.88250	4185
1385	0.88250	4188
1386	0.88250	4191
1387	0.88250	4194
1388	0.88250	4197
1389	0.88250	4200
1390	0.88250	4203
1391	0.88250	4206
1392	0.88250	4209
1393	0.88250	4212
1394	0.88250	4215
1395	0.88250	4218
1396	0.88250	4222
1397	0.88250	4225
1398	0.88250	4228
1399	0.88250	4231
1400	0.88250	4234
1401	0.88250	4237
1402	0.88250	4240
1403	0.88250	4243
1404	0.88250	4246
1405	0.88250	4249
1406	0.88250	4252
1407	0.88250	4255
1408	0.88250	4258
1409	0.88250	4261
1410	0.88250	4265
1411	0.88250	4268
1412	0.88250	4271
1413	0.88250	4274
1414	0.88250	4277
1415	0.88250	4280
1416	0.88250	4283
1417	0.88250	4286
1418	0.88250	4289
1419	0.88250	4292
1420	0.88250	4295
1421	0.88250	4298
1422	0.88250	4301
1423	0.88250	4304
1424	0.88250	4307
1425	0.88250	4310
1426	0.88250	4314
1427	0.88250	4317
1428	0.88250	4320
1429	0.88250	4323
1430	0.88250	4326
1431	0.88250	4329
1432	0.88250	4332
1433	0.88250	4335
1434	0.88250	4338
1435	0.88250	4341
1436	0.88250	4344
1437	0.88250	4347
1438	0.88250	4350
1439	0.88250	4353
1440	0.88250	4356
1441	0.88250	4359
1442	0.88250	4362
1443	0.88250	4366
1444	0.88250	4369
1445	0.88250	4372
1446	0.88250	4375
1447	0.88250	4378
1448	0.88250	4381
1449	0.88250	4384
1450	0.88250	4387
1451	0.88250	4390
1452	0.88250	4393
1453	0.88250	4396
1454	0.88250	4399
1455	0.88250	4402
1456	0.88250	4405
1457	0.88250	4408
1458	0.88250	4411
1459	0.88250	4415
1460	0.88250	4418
1461	0.88250	4421
1462	0.88250	4424
1463	0.88250	4427
1464	0.88250	4430
1465	0.88250	4433
1466	0.88250	4436
1467	0.88250	4439
1468	0.88250	4442
1469	0.88250	4445
1470	0.88250	4448
1471	0.88250	4451
1472	0.88250	4454
1473	0.88250	4457
1474	0.88250	4460
1475	0.88250	4463
1476	0.88250	4467
1477	0.88250	4470
1478	0.88250	4473
1479	0.88250	4476
1480	0.88250	4479
1481	0.88250	4482
1482	0.88250	4485
1483	0.88250	4488
1484	0.88250	4491
1485	0.88250	4494
1486	0.88250	4497
1487	0.88250	4500
1488	0.88250	4503
1489	0.88250	4506
1490	0.88250	4509
1491	0.88250	4513
1492	0.88250	4516
1493	0.88250	4519
1494	0.88250	4522
1495	0.88250	4525
1496	0.88250	4528
1497	0.88250	4531
1498	0.88250	4534
1499	0.88250	4537
1500	0.88250	4540
1501	0.88250	4543
1502	0.88250	4546
1503	0.88250	4549
1504	0.88250	4552
1505	0.88250	4555
1506	0.88250	4558
1507	0.88250	4562
1508	0.88250	4565
1509	0.88250	4568
1510	0.88250	4571
1511	0.88250	4574
1512	0.88250	4577
1513	0.88250	4580
1514	0.88250	4583
1515	0.88250	4586
1516	0.88250	4589
1517	0.88250	4592
1518	0.88250	4595
1519	0.88250	4598
1520	0.88250	4601
1521	0.88250	4604
1522	0.88250	4607
1523	0.88250	4610
1524	0.88250	4614
1525	0.88250	4617
1526	0.88250	4620
1527	0.88250	4623
1528	0.88250	4626
1529	0.88250	4629
1530	0.88250	4632
1531	0.88250	4635
1532	0.88250	4638
1533	0.88250	4641
1534	0.88250	4644
1535	0.88250	4647
1536	0.88250	4650
1537	0.88250	4653
1538	0.88250	4656
1539	0.88250	4659
1540	0.88250	4662
1541	0.88250	4666
1542	0.88250	4669
1543	0.88250	4672
1544	0.88250	4675
1545	0.88250	4678
1546	0.88250	4681
1547	0.88250	4684
1548	0.88250	4687
1549	0.88250	4690
1550	0.88250	4693
1551	0.88250	4696
1552	0.88250	4699
1553	0.88250	4702
1554	0.88250	4705
1555	0.88250	4708
1556	0.88250	4711
1557	0.88250	4715
1558	0.88250	4718
1559	0.88250	4721
1560	0.88250	4724
1561	0.88250	4727
1562	0.88250	4730
1563	0.88250	4733
1564	0.88250	4736
1565	0.88250	4739
1566	0.88250	4742
1567	0.88250	4745
1568	0.88250	4748
1569	0.88250	4751
1570	0.88250	4754
1571	0.88250	4758
1572	0.88250	4761
1573	0.88250	4764
1574	0.88250	4767
1575	0.88250	4770
1576	0.88250	4773
1577	0.88250	4776
1578	0.88250	4779
1579	0.88250	4782
1580	0.88250	4785
1581	0.88250	4788
1582	0.88250	4791
1583	0.88250	4794
1584	0.88250	4797
1585	0.88250	4800
1586	0.88250	4803
1587	0.88250	4806
1588	0.88250	4810
1589	0.88250	4813
1590	0.88250	4816
1591	0.88250	4819
1592	0.88250	4822
1593	0.88250	4825
1594	0.88250	4828
1595	0.88250	4831
1596	0.88250	4834
1597	0.88250	4837
1598	0.88250	4840
1599	0.88250	4843
1600	0.88250	4846
1601	0.88250	4849
1602	0.88250	4852
1603	0.88250	4855
1604	0.88250	4859
1605	0.88250	4862
1606	0.88250	4865
1607	0.88250	4868
1608	0.88250	4871
1609	0.88250	4874
1610	0.88250	4877
1611	0.88250	4880
1612	0.88250	4883
1613	0.88250	4886
1614	0.88250	4889
1615	0.88250	4892
1616	0.88250	4895
1617	0.88250	4898
1618	0.88250	4901
1619	0.88250	4904
1620	0.88250	4907
1621	0.88250	4911
1622	0.88250	4914
1623	0.88250	4917
1624	0.88250	4920
1625	0.88250	4923
1626	0.88250	4926
1627	0.88250	4929
1628	0.88250	4932
1629	0.88250	4935
1630	0.88250	4938
1631	0.88250	4941
1632	0.88250	4944
1633	0.88250	4947
1634	0.88250	4950
1635	0.88250	4953
1636	0.88250	4956
1637	0.88250	4960
1638	0.88250	4963
1639	0.88250	4966
1640	0.88250	4969
1641	0.88250	4972
1642	0.88250	4975
1643	0.88250	4978
1644	0.88250	4981
1645	0.88250	4984
1646	0.88250	4987
1647	0.88250	4990
1648	0.88250	4993
1649	0.88250	4996
1650	0.88250	4999
1651	0.88250	5002
1652	0.88250	5006
1653	0.88250	5009
1654	0.88250	5012
1655	0.88250	5015
1656	0.88250	5018
1657	0.88250	5021
1658	0.88250	5024
1659	0.88250	5027
1660	0.88250	5030
1661	0.88250	5033
1662	0.88250	5036
1663	0.88250	5039
1664	0.88250	5042
1665	0.88250	5045
1666	0.88250	5048
1667	0.88250	5052
1668	0.88250	5055
1669	0.88250	5058
1670	0.88250	5061
1671	0.88250	5064
1672	0.88250	5067
1673	0.88250	5070
1674	0.88250	5073
1675	0.88250	5076
1676	0.88250	5079
1677	0.88250	5082
1678	0.88250	5085
1679	0.88250	5088
1680	0.88250	5091
1681	0.88250	5094
1682	0.88250	5097
1683	0.88250	5101
1684	0.88250	5104
1685	0.88250	5107
1686	0.88250	5110
1687	0.88250	5113
1688	0.88250	5116
1689	0.88250	5119
1690	0.88250	5122
1691	0.88250	5125
1692	0.88250	5128
1693	0.88250	5131
1694	0.88250	5134
1695	0.88250	5137
1696	0.88250	5140
1697	0.88250	5143
1698	0.88250	5146
1699	0.88250	5150
1700	0.88250	5153
1701	0.88250	5156
1702	0.88250	5159
1703	0.88250	5162
1704	0.88250	5165
1705	0.88250	5168
1706	0.88250	5171
1707	0.88250	5174
1708	0.88250	5177
1709	0.88250	5180
1710	0.88250	5183
1711	0.88250	5186
1712	0.88250	5189
1713	0.88250	5192
1714	0.88250	5195
1715	0.88250	5198
1716	0.88250	5202
1717	0.88250	5205
1718	0.88250	5208
1719	0.88250	5211
1720	0.88250	5214
1721	0.88250	5217
1722	0.88250	5220
1723	0.88250	5223
1724	0.88250	5226
1725	0.88250	5229
1726	0.88250	5232
1727	0.88250	5235
1728	0.88250	5238
1729	0.88250	5241
1730	0.88250	5244
1731	0.88250	5247
1732	0.88250	5251
1733	0.88250	5254
1734	0.88250	5257
1735	0.88250	5260
1736	0.88250	5263
1737	0.88250	5266
1738	0.88250	5269
1739	0.88250	5272
1740	0.88250	5275
1741	0.88250	5278
1742	0.88250	5281
1743	0.88250	5284
1744	0.88250	5287
1745	0.88250	5290
1746	0.88250	5293
1747	0.88250	5296
1748	0.88250	5300
1749	0.88250	5303
1750	0.88250	5306
1751	0.88250	5309
1752	0.88250	5312
1753	0.88250	5315
1754	0.88250	5318
1755	0.88250	5321
1756	0.88250	5324
1757	0.88250	5327
1758	0.88250	5330
1759	0.88250	5333
1760	0.88250	5336
1761	0.88250	5339
1762	0.88250	5343
1763	0.88250	5346
1764	0.88250	5349
1765	0.88250	5352
1766	0.88250	5355
1767	0.88250	5358
1768	0.88250	5361
1769	0.88250	5364
1770	0.88250	5367
1771	0.88250	5370
1772	0.88250	5373
1773	0.88250	5376
1774	0.88250	5379
1775	0.88250	5382
1776	0.88250	5386
1777	0.88250	5389
1778	0.88250	5392
1779	0.88250	5395
1780	0.88250	5398
1781	0.88250	5401
1782	0.88250	5404
1783	0.88250	5407
1784	0.88250	5410
1785	0.88250	5413
1786	0.88250	5416
1787	0.88250	5419
1788	0.88250	5422
1789	0.88250	5425
1790	0.88250	5429
1791	0.88250	5432
1792	0.88250	5435
1793	0.88250	5438
1794	0.88250	5441
1795	0.88250	5444
1796	0.88250	5447
1797	0.88250	5450
1798	0.88250	5453
1799	0.88250	5456
1800	0.88250	5459
1801	0.88250	5462
1802	0.88250	5465
1803	0.88250	5468
1804	0.88250	5472
1805	0.88250	5475
1806	0.88250	5478
1807	0.88250	5481
1808	0.88250	5484
1809	0.88250	5487
1810	0.88250	5490
1811	0.88250	5493
1812	0.88250	5496
1813	0.88250	5499
1814	0.88250	5502
1815	0.88250	5505
1816	0.88250	5508
1817	0.88250	5511
1818	0.88250	5515
1819	0.88250	5518
1820	0.88250	5521
1821	0.88250	5524
1822	0.88250	5527
1823	0.88250	5530
1824	0.88250	5533
1825	0.88250	5536
1826	0.88250	5539
1827	0.88250	5542
1828	0.88250	5545
1829	0.88250	5548
1830	0.88250	5551
1831	0.88250	5554
1832	0.88250	5557
1833	0.88250	5560
1834	0.88250	5564
1835	0.88250	5567
1836	0.88250	5570
1837	0.88250	5573
1838	0.88250	5576
1839	0.88250	5579
1840	0.88250	5582
1841	0.88250	5585
1842	0.88250	5588
1843	0.88250	5591
1844	0.88250	5594
1845	0.88250	5597
1846	0.88250	5600
1847	0.88250	5603
1848	0.88250	5606
1849	0.88250	5609
1850	0.88250	5613
1851	0.88250	5616
1852	0.88250	5619
1853	0.88250	5622
1854	0.88250	5625
1855	0.88250	5628
1856	0.88250	5631
1857	0.88250	5634
1858	0.88250	5637
1859	0.88250	5640
1860	0.88250	5643
1861	0.88250	5646
1862	0.88250	5649
1863	0.88250	5652
1864	0.88250	5655
1865	0.88250	5658
1866	0.88250	5662
1867	0.88250	5665
1868	0.88250	5668
1869	0.88250	5671
1870	0.88250	5674
1871	0.88250	5677
1872	0.88250	5680
1873	0.88250	5683
1874	0.88250	5686
1875	0.88250	5689
1876	0.88250	5692
1877	0.88250	5695
1878	0.88250	5698
1879	0.88250	5701
1880	0.88250	5704
1881	0.88250	5707
1882	0.88250	5710
1883	0.88250	5714
1884	0.88250	5717
1885	0.88250	5720
1886	0.88250	5723
1887	0.88250	5726
1888	0.88250	5729
1889	0.88250	5732
1890	0.88250	5735
1891	0.88250	5738
1892	0.88250	5741
1893	0.88250	5744
1894	0.88250	5747
1895	0.88250	5750
1896	0.88250	5753
1897	0.88250	5756
1898	0.88250	5760
1899	0.88250	5763
1900	0.88250	5766
1901	0.88250	5769
1902	0.88250	5772
1903	0.88250	5775
1904	0.88250	5778
1905	0.88250	5781
1906	0.88250	5784
1907	0.88250	5787
1908	0.88250	5790
1909	0.88250	5793
1910	0.88250	5796
1911	0.88250	5799
1912	0.88250	5802
1913	0.88250	5805
1914	0.88250	5809
1915	0.88250	5812
1916	0.88250	5815
1917	0.88250	5818
1918	0.88250	5821
1919	0.88250	5824
1920	0.88250	5827
1921	0.88250	5830
1922	0.88250	5833
1923	0.88250	5836
1924	0.88250	5839
1925	0.88250	5842
1926	0.88250	5845
1927	0.88250	5848
1928	0.88250	5851
1929	0.88250	5854
1930	0.88250	5857
1931	0.88250	5861
1932	0.88250	5864
1933	0.88250	5867
1934	0.88250	5870
1935	0.88250	5873
1936	0.88250	5876
1937	0.88250	5879
1938	0.88250	5882
1939	0.88250	5885
1940	0.88250	5888
1941	0.88250	5891
1942	0.88250	5894
1943	0.88250	5897
1944	0.88250	5900
1945	0.88250	5903
1946	0.88250	5906
1947	0.88250	5909
1948	0.88250	5913
1949	0.88250	5916
1950	0.88250	5919
1951	0.88250	5922
1952	0.88250	5925
1953	0.88250	5928
1954	0.88250	5931
1955	0.88250	5934
1956	0.88250	5937
1957	0.88250	5940
1958	0.88250	5943
1959	0.88250	5946
1960	0.88250	5949
1961	0.88250	5952
1962	0.88250	5955
1963	0.88250	5958
1964	0.88250	5962
1965	0.88250	5965
1966	0.88250	5968
1967	0.88250	5971
1968	0.88250	5974
1969	0.88250	5977
1970	0.88250	5980
1971	0.88250	5983
1972	0.88250	5986
1973	0.88250	5989
1974	0.88250	5992
1975	0.88250	5995
1976	0.88250	5998
1977	0.88250	6001
1978	0.88250	6004
1979	0.88250	6007
1980	0.88250	6011
1981	0.88250	6014
1982	0.88250	6017
1983	0.88250	6020
1984	0.88250	6023
1985	0.88250	6026
1986	0.88250	6029
1987	0.88250	6032
1988	0.88250	6035
1989	0.88250	6038
1990	0.88250	6041
1991	0.88250	6044
1992	0.88250	6047
1993	0.88250	6050
1994	0.88250	6053
1995	0.88250	6056
1996	0.88250	6060
1997	0.88250	6063
1998	0.88250	6066
1999	0.88250	6069
