0	0.00000
1	0.00150
2	0.00100
3	0.00100
4	0.00050
5	0.00250
6	0.00100
7	0.00050
8	0.00100
9	0.00100
10	0.00100
11	0.00200
12	0.00200
13	0.00250
14	0.00100
15	0.00150
16	0.00150
17	0.00150
18	0.00500
19	0.00200
20	0.00300
21	0.00150
22	0.00150
23	0.00450
24	0.00300
25	0.00450
26	0.00500
27	0.00650
28	0.00400
29	0.00350
30	0.00600
31	0.00450
32	0.00500
33	0.00750
34	0.00700
35	0.00800
36	0.00800
37	0.01250
38	0.01050
39	0.00500
40	0.00800
41	0.00950
42	0.00800
43	0.01600
44	0.01650
45	0.01150
46	0.01200
47	0.01200
48	0.01450
49	0.01100
50	0.00950
51	0.01200
52	0.01200
53	0.01250
54	0.01550
55	0.01100
56	0.00800
57	0.01550
58	0.01100
59	0.01350
60	0.01100
61	0.01200
62	0.01200
63	0.01050
64	0.00950
65	0.00800
66	0.00900
67	0.00950
68	0.01250
69	0.01000
70	0.01150
71	0.00600
72	0.00850
73	0.00600
74	0.00600
75	0.00600
76	0.00750
77	0.00650
78	0.00600
79	0.00500
80	0.00600
81	0.00550
82	0.00200
83	0.00400
84	0.00550
85	0.00450
86	0.00650
87	0.00350
88	0.00250
89	0.00450
90	0.00150
91	0.00450
92	0.00100
93	0.00300
94	0.00150
95	0.00200
96	0.00050
97	0.00300
98	0.00100
99	0.00100
100	0.00300
101	0.00250
102	0.00050
103	0.00100
104	0.00100
105	0.00100
106	0.00000
107	0.00000
108	0.00000
109	0.00050
110	0.00000
111	0.00000
112	0.00050
113	0.00000
114	0.00100
115	0.00050
116	0.00100
117	0.00000
118	0.00000
119	0.00000
120	0.00000
121	0.00050
122	0.00050
123	0.00000
124	0.00000
125	0.00000
126	0.00050
127	0.00050
128	0.00050
129	0.00000
130	0.00000
131	0.00000
132	0.00000
133	0.00000
134	0.00000
135	0.00000
136	0.00000
137	0.00000
138	0.00000
139	0.00000
140	0.00000
141	0.00000
142	0.00000
143	0.00000
144	0.00000
145	0.00000
146	0.00000
147	0.00050
148	0.00000
149	0.00000
