0	0.00000
1	0.00000
2	0.00000
3	0.08583
4	0.14939
5	0.20530
6	0.22581
7	0.32478
8	0.31013
9	0.27166
10	0.28363
11	0.23173
12	0.24880
13	0.31074
14	0.36577
15	0.41066
16	0.34763
17	0.30991
18	0.27270
19	0.24397
20	0.38867
21	0.34386
22	0.34605
23	0.27634
24	0.20555
25	0.25015
26	0.24335
27	0.26850
28	0.27235
29	0.29413
30	0.25534
31	0.21412
32	0.21086
33	0.18705
34	0.18119
35	0.19394
36	0.19382
37	0.19987
38	0.19471
39	0.21634
40	0.21177
41	0.16331
42	0.14723
43	0.14137
44	0.13132
45	0.16489
46	0.18462
47	0.16564
48	0.15042
49	0.13502
50	0.13029
51	0.11898
52	0.10399
53	0.10060
54	0.09780
55	0.09728
56	0.10464
57	0.09526
58	0.07828
59	0.08386
60	0.07843
61	0.08068
62	0.07660
63	0.07165
64	0.06946
65	0.06469
66	0.05904
67	0.05191
68	0.04873
69	0.04815
70	0.05326
71	0.05273
72	0.05422
73	0.04532
74	0.04283
75	0.03620
76	0.03228
77	0.03015
78	0.03096
79	0.03021
80	0.02940
81	0.02672
82	0.02594
83	0.02455
84	0.01949
85	0.01853
86	0.02010
87	0.02052
88	0.02384
89	0.02084
90	0.01761
91	0.01752
92	0.01395
93	0.01588
94	0.01309
95	0.01243
96	0.01118
97	0.00946
98	0.00793
99	0.00900
100	0.00836
101	0.00736
102	0.01002
103	0.01033
104	0.00869
105	0.00838
106	0.00637
107	0.00477
108	0.00385
109	0.00248
110	0.00143
111	0.00086
112	0.00086
113	0.00086
114	0.00154
115	0.00073
116	0.00258
117	0.00319
118	0.00413
119	0.00381
120	0.00227
121	0.00156
122	0.00000
123	0.00101
124	0.00191
125	0.00184
126	0.00184
127	0.00090
128	0.00099
129	0.00185
130	0.00270
131	0.00248
132	0.00168
133	0.00092
134	0.00000
135	0.00000
136	0.00000
137	0.00000
138	0.00000
139	0.00000
140	0.00000
141	0.00000
142	0.00000
143	0.00000
144	0.00000
145	0.00000
146	0.00000
147	0.00000
148	0.00000
149	0.00083
