0	0.00500
1	0.00800
2	0.01450
3	0.02900
4	0.05650
5	0.10100
6	0.16900
7	0.26550
8	0.37800
9	0.48650
10	0.58200
11	0.66050
12	0.70900
13	0.74750
14	0.76950
15	0.77950
16	0.79000
17	0.79650
18	0.79950
19	0.80100
20	0.80100
21	0.80250
22	0.80250
23	0.80250
24	0.80300
25	0.80300
26	0.80350
27	0.80350
28	0.80400
29	0.80400
30	0.80400
31	0.80400
32	0.80400
33	0.80400
34	0.80400
35	0.80400
36	0.80400
37	0.80400
38	0.80400
39	0.80400
40	0.80400
41	0.80400
42	0.80400
43	0.80400
44	0.80400
45	0.80400
46	0.80400
47	0.80400
48	0.80400
49	0.80400
50	0.80400
51	0.80400
52	0.80400
53	0.80400
54	0.80400
55	0.80400
56	0.80400
57	0.80400
58	0.80400
59	0.80400
60	0.80400
61	0.80400
62	0.80400
63	0.80400
64	0.80400
65	0.80400
66	0.80400
67	0.80400
68	0.80400
69	0.80400
70	0.80400
71	0.80400
72	0.80400
73	0.80400
74	0.80400
75	0.80400
76	0.80400
77	0.80400
78	0.80400
79	0.80400
80	0.80400
81	0.80400
82	0.80400
83	0.80400
84	0.80400
85	0.80400
86	0.80400
87	0.80400
88	0.80400
89	0.80400
90	0.80400
91	0.80400
92	0.80400
93	0.80400
94	0.80400
95	0.80400
96	0.80400
97	0.80400
98	0.80400
99	0.80400
100	0.80400
101	0.80400
102	0.80400
103	0.80400
104	0.80400
105	0.80400
106	0.80400
107	0.80400
108	0.80400
109	0.80400
110	0.80400
111	0.80400
112	0.80400
113	0.80400
114	0.80400
115	0.80400
116	0.80400
117	0.80400
118	0.80400
119	0.80400
120	0.80400
121	0.80400
122	0.80400
123	0.80400
124	0.80400
125	0.80400
126	0.80400
127	0.80400
128	0.80400
129	0.80400
130	0.80400
131	0.80400
132	0.80400
133	0.80400
134	0.80400
135	0.80400
136	0.80400
137	0.80400
138	0.80400
139	0.80400
140	0.80400
141	0.80400
142	0.80400
143	0.80400
144	0.80400
145	0.80400
146	0.80400
147	0.80400
148	0.80400
149	0.80400
150	0.80400
151	0.80400
152	0.80400
153	0.80400
154	0.80400
155	0.80400
156	0.80400
157	0.80400
158	0.80400
159	0.80400
160	0.80400
161	0.80400
162	0.80400
163	0.80400
164	0.80400
165	0.80400
166	0.80400
167	0.80400
168	0.80400
169	0.80400
170	0.80400
171	0.80400
172	0.80400
173	0.80400
174	0.80400
175	0.80400
176	0.80400
177	0.80400
178	0.80400
179	0.80400
