0	0.00000
1	0.00000
2	0.00000
3	0.07500
4	0.30333
5	0.50167
6	0.59991
7	0.72300
8	0.91143
9	1.04576
10	1.01258
11	1.05936
12	1.03247
13	1.18374
14	1.13447
15	1.06771
16	0.99021
17	0.96139
18	0.90784
19	0.82295
20	0.62457
21	0.74104
22	0.69145
23	0.66760
24	0.65481
25	0.59881
26	0.54836
27	0.45582
28	0.39463
29	0.34744
30	-0.26393
31	0.27178
32	0.20748
33	0.17630
34	0.13708
35	0.14160
36	0.17867
37	0.06672
38	0.07217
39	0.05865
40	-0.29856
41	0.01780
42	0.03796
43	0.02796
44	0.00558
45	0.02117
46	0.00991
47	0.02540
48	0.00026
49	0.01454
50	-0.28323
51	0.01287
52	0.00829
53	-0.01280
54	0.00412
55	-0.00939
56	0.01541
57	-0.01354
58	0.01580
59	-0.02377
60	-0.27088
61	0.02273
62	0.03024
63	0.01472
64	0.00135
65	-0.00273
66	0.00421
67	-0.00927
68	-0.02322
69	-0.00545
70	-0.29701
71	-0.00477
72	-0.00956
73	0.00447
74	0.01452
75	-0.01420
76	-0.00698
77	-0.00503
78	-0.00239
79	0.00119
80	-0.27585
81	0.00924
82	-0.00707
83	0.03137
84	-0.01182
85	0.00981
86	-0.00871
87	-0.00603
88	-0.00300
89	-0.00823
90	-0.29765
91	-0.00152
92	0.01391
93	0.01044
94	-0.01372
95	0.01079
96	-0.00368
97	0.01088
98	-0.01919
99	0.00801
100	-0.27346
101	0.01968
102	-0.00960
103	-0.01876
104	0.01385
105	0.00307
106	-0.00478
107	-0.01181
108	-0.00953
109	-0.00286
110	-0.27986
111	0.00365
112	0.00923
113	-0.00055
114	0.00619
115	-0.00860
116	-0.00875
117	-0.00022
118	-0.00310
119	-0.00101
120	-0.28870
121	0.01597
122	0.00038
123	-0.00122
124	-0.00177
125	0.00895
126	-0.01699
127	-0.00082
128	-0.00628
129	-0.00032
130	-0.27243
131	0.02104
132	-0.00032
133	-0.00828
134	0.02562
135	0.01138
136	-0.00907
137	0.00073
138	-0.01047
139	0.00405
140	-0.29876
141	-0.01249
142	0.01480
143	-0.00746
144	0.00973
145	-0.00319
146	-0.01522
147	-0.01994
148	-0.00970
149	-0.00040
150	-0.26721
151	0.02443
152	0.01962
153	0.01122
154	0.01580
155	0.01081
156	-0.00110
157	-0.01234
158	-0.00399
159	-0.01190
160	-0.29521
161	0.00240
162	-0.00414
163	0.00846
164	0.00614
165	0.00897
166	0.00398
167	-0.01304
168	-0.01913
169	0.00303
170	-0.29292
171	0.00157
172	0.00853
173	-0.00632
174	0.00383
175	0.01018
176	-0.01737
177	0.00007
178	0.01259
179	-0.00979
180	-0.29486
181	-0.00404
182	-0.00745
183	0.01091
184	0.01201
185	0.00926
186	-0.00716
187	0.00651
188	-0.00975
189	0.01581
190	-0.30032
191	-0.01445
192	0.01066
193	0.00183
194	0.01145
195	-0.01616
196	0.00205
197	-0.01400
198	0.01626
199	0.00483
