0	0.00500
1	0.01650
2	0.04750
3	0.13550
4	0.30450
5	0.52850
6	0.69700
7	0.77500
8	0.79700
9	0.80200
10	0.80400
11	0.80400
12	0.80400
13	0.80400
14	0.80400
15	0.80400
16	0.80400
17	0.80400
18	0.80400
19	0.80400
20	0.80400
21	0.80400
22	0.80400
23	0.80400
24	0.80400
25	0.80400
26	0.80400
27	0.80400
28	0.80400
29	0.80400
30	0.80400
31	0.80400
32	0.80400
33	0.80400
34	0.80400
35	0.80400
36	0.80400
37	0.80400
38	0.80400
39	0.80400
40	0.80400
41	0.80400
42	0.80400
43	0.80400
44	0.80400
45	0.80400
46	0.80400
47	0.80400
48	0.80400
49	0.80400
50	0.80400
51	0.80400
52	0.80400
53	0.80400
54	0.80400
55	0.80400
56	0.80400
57	0.80400
58	0.80400
59	0.80400
60	0.80400
61	0.80400
62	0.80400
63	0.80400
64	0.80400
65	0.80400
66	0.80400
67	0.80400
68	0.80400
69	0.80400
70	0.80400
71	0.80400
72	0.80400
73	0.80400
74	0.80400
75	0.80400
76	0.80400
77	0.80400
78	0.80400
79	0.80400
80	0.80400
81	0.80400
82	0.80400
83	0.80400
84	0.80400
85	0.80400
86	0.80400
87	0.80400
88	0.80400
89	0.80400
90	0.80400
91	0.80400
92	0.80400
93	0.80400
94	0.80400
95	0.80400
96	0.80400
97	0.80400
98	0.80400
99	0.80400
100	0.80400
101	0.80400
102	0.80400
103	0.80400
104	0.80400
105	0.80400
106	0.80400
107	0.80400
108	0.80400
109	0.80400
110	0.80400
111	0.80400
112	0.80400
113	0.80400
114	0.80400
115	0.80400
116	0.80400
117	0.80400
118	0.80400
119	0.80400
120	0.80400
121	0.80400
122	0.80400
123	0.80400
124	0.80400
125	0.80400
126	0.80400
127	0.80400
128	0.80400
129	0.80400
130	0.80400
131	0.80400
132	0.80400
133	0.80400
134	0.80400
135	0.80400
136	0.80400
137	0.80400
138	0.80400
139	0.80400
140	0.80400
141	0.80400
142	0.80400
143	0.80400
144	0.80400
145	0.80400
146	0.80400
147	0.80400
148	0.80400
149	0.80400
