0	0	0	0	0	0	
1	743	0	0	0	0	
2	714	0	0	0	0	
3	10	633	0	0	0	
4	0	6	522	0	0	
5	0	0	5	428	0	
6	0	0	0	4	397	
7	0	0	0	0	396	
8	0	0	0	0	394	
9	0	0	0	0	392	
10	0	0	0	0	392	
11	0	0	0	0	392	
12	0	0	0	0	392	
13	0	0	0	0	392	
14	0	0	0	0	392	
15	0	0	0	0	392	
16	0	0	0	0	392	
17	0	0	0	0	392	
18	0	0	0	0	392	
19	0	0	0	0	392	
20	0	0	0	0	392	
21	0	0	0	0	392	
22	0	0	0	0	392	
23	0	0	0	0	392	
24	0	0	0	0	392	
25	0	0	0	0	392	
26	0	0	0	0	392	
27	0	0	0	0	392	
28	0	0	0	0	392	
29	0	0	0	0	392	
30	0	0	0	0	392	
31	0	0	0	0	392	
32	0	0	0	0	392	
33	0	0	0	0	392	
34	0	0	0	0	392	
35	0	0	0	0	392	
36	0	0	0	0	392	
37	0	0	0	0	392	
38	0	0	0	0	392	
39	0	0	0	0	392	
40	0	0	0	0	392	
41	0	0	0	0	392	
42	0	0	0	0	392	
43	0	0	0	0	392	
44	0	0	0	0	392	
45	0	0	0	0	392	
46	0	0	0	0	392	
47	0	0	0	0	392	
48	0	0	0	0	392	
49	0	0	0	0	392	
50	0	0	0	0	392	
51	0	0	0	0	392	
52	0	0	0	0	392	
53	0	0	0	0	392	
54	0	0	0	0	392	
55	0	0	0	0	392	
56	0	0	0	0	392	
57	0	0	0	0	392	
58	0	0	0	0	392	
59	0	0	0	0	392	
60	0	0	0	0	392	
61	0	0	0	0	392	
62	0	0	0	0	392	
63	0	0	0	0	392	
64	0	0	0	0	392	
65	0	0	0	0	392	
66	0	0	0	0	392	
67	0	0	0	0	392	
68	0	0	0	0	392	
69	0	0	0	0	392	
70	0	0	0	0	392	
71	0	0	0	0	392	
72	0	0	0	0	392	
73	0	0	0	0	392	
74	0	0	0	0	392	
75	0	0	0	0	392	
76	0	0	0	0	392	
77	0	0	0	0	392	
78	0	0	0	0	392	
79	0	0	0	0	392	
80	0	0	0	0	392	
81	0	0	0	0	392	
82	0	0	0	0	392	
83	0	0	0	0	392	
84	0	0	0	0	392	
85	0	0	0	0	392	
86	0	0	0	0	392	
87	0	0	0	0	392	
88	0	0	0	0	392	
89	0	0	0	0	392	
90	0	0	0	0	392	
91	0	0	0	0	392	
92	0	0	0	0	392	
93	0	0	0	0	392	
94	0	0	0	0	392	
95	0	0	0	0	392	
96	0	0	0	0	392	
97	0	0	0	0	392	
98	0	0	0	0	392	
99	0	0	0	0	392	
100	0	0	0	0	392	
101	0	0	0	0	392	
102	0	0	0	0	392	
103	0	0	0	0	392	
104	0	0	0	0	392	
105	0	0	0	0	392	
106	0	0	0	0	392	
107	0	0	0	0	392	
108	0	0	0	0	392	
109	0	0	0	0	392	
110	0	0	0	0	392	
111	0	0	0	0	392	
112	0	0	0	0	392	
113	0	0	0	0	392	
114	0	0	0	0	392	
115	0	0	0	0	392	
116	0	0	0	0	392	
117	0	0	0	0	392	
118	0	0	0	0	392	
119	0	0	0	0	392	
120	0	0	0	0	392	
121	0	0	0	0	392	
122	0	0	0	0	392	
123	0	0	0	0	392	
124	0	0	0	0	392	
125	0	0	0	0	392	
126	0	0	0	0	392	
127	0	0	0	0	392	
128	0	0	0	0	392	
129	0	0	0	0	392	
130	0	0	0	0	392	
131	0	0	0	0	392	
132	0	0	0	0	392	
133	0	0	0	0	392	
134	0	0	0	0	392	
135	0	0	0	0	392	
136	0	0	0	0	392	
137	0	0	0	0	392	
138	0	0	0	0	392	
139	0	0	0	0	392	
140	0	0	0	0	392	
141	0	0	0	0	392	
142	0	0	0	0	392	
143	0	0	0	0	392	
144	0	0	0	0	392	
145	0	0	0	0	392	
146	0	0	0	0	392	
147	0	0	0	0	392	
148	0	0	0	0	392	
149	0	0	0	0	392	
