0	0.00000
1	0.00000
2	0.00000
3	0.00000
4	0.00000
5	0.00000
6	0.00000
7	0.00000
8	0.00000
9	0.00000
10	0.00000
11	0.41753
12	0.41753
13	0.41969
14	0.41969
15	0.65408
16	0.65408
17	0.74002
18	0.74002
19	0.74002
20	0.74002
21	0.74002
22	0.73866
23	0.73866
24	0.91422
25	0.83746
26	0.75053
27	0.88842
28	0.88783
29	0.88783
30	0.97119
31	0.97104
32	1.00346
33	1.00173
34	1.05493
35	1.03501
36	1.00562
37	0.98358
38	1.03594
39	1.03751
40	1.03955
41	1.06367
42	1.06402
43	1.06402
44	1.14170
45	1.15039
46	1.14437
47	1.10708
48	1.17037
49	1.17037
50	1.17519
51	1.14194
52	1.16538
53	1.21133
54	1.19297
55	1.18177
56	1.14364
57	1.11816
58	1.12366
59	1.18463
60	1.32528
61	1.37691
62	1.47273
63	1.48099
64	1.55392
65	1.54221
66	1.54954
67	1.54698
68	1.51800
69	1.61385
70	1.68486
71	1.70033
72	1.72990
73	1.55505
74	1.46672
75	1.44648
76	1.45300
77	1.45481
78	1.53173
79	1.52811
80	1.58760
81	1.58348
82	1.58042
83	1.54373
84	1.49055
85	1.62583
86	1.70204
87	1.68803
88	1.61325
89	1.55223
90	1.68525
91	1.65834
92	1.64524
93	1.58188
94	1.51512
95	1.49231
96	1.50951
97	1.65519
98	1.74231
99	1.82671
100	1.82358
101	1.73095
102	1.75916
103	1.67773
104	1.63448
105	1.56085
106	1.55593
107	1.55520
108	1.56822
109	1.58645
110	1.53831
111	1.65587
112	1.61614
113	1.64801
114	1.62771
115	1.61328
116	1.60776
117	1.63063
118	1.55972
119	1.54348
120	1.47591
121	1.45133
122	1.44567
123	1.45652
124	1.47951
125	1.46175
126	1.40878
127	1.37220
128	1.33896
129	1.35941
130	1.35160
131	1.35318
132	1.37547
133	1.34518
134	1.35577
135	1.33990
136	1.34164
137	1.33147
138	1.31247
139	1.24711
140	1.21321
141	1.21735
142	1.19385
143	1.17441
144	1.16275
145	1.12522
146	1.09128
147	1.08253
148	1.08934
149	1.05721
150	1.04298
151	1.03056
152	1.04574
153	1.02642
154	1.00472
155	1.00384
156	1.00331
157	1.01663
158	1.00942
159	1.00401
160	0.99155
161	0.98035
162	0.97703
163	0.96472
164	0.93927
165	0.92150
166	0.91795
167	0.90875
168	0.91134
169	0.91563
170	0.91227
171	0.88748
172	0.87773
173	0.86358
174	0.84285
175	0.84037
176	0.83438
177	0.83107
178	0.79738
179	0.78759
180	0.78829
181	0.78829
182	0.79805
183	0.79472
184	0.81285
185	0.81285
186	0.80581
187	0.79767
188	0.80412
189	0.80412
190	0.79098
191	0.77600
192	0.77556
193	0.75736
194	0.77499
195	0.77499
196	0.76596
197	0.75756
198	0.74828
199	0.74638
