0	0.02000
1	0.02000
2	0.02000
3	0.02000
4	0.02000
5	0.02000
6	0.02000
7	0.02000
8	0.02000
9	0.02500
10	0.02500
11	0.02500
12	0.02500
13	0.03000
14	0.03000
15	0.03500
16	0.03500
17	0.03500
18	0.03500
19	0.03500
20	0.03500
21	0.03500
22	0.04000
23	0.04000
24	0.04000
25	0.04500
26	0.04500
27	0.04500
28	0.05000
29	0.05000
30	0.05500
31	0.06000
32	0.06500
33	0.07000
34	0.07000
35	0.07000
36	0.07500
37	0.07500
38	0.07500
39	0.08000
40	0.08000
41	0.08000
42	0.08500
43	0.08500
44	0.09000
45	0.09000
46	0.09500
47	0.09500
48	0.09500
49	0.09500
50	0.10000
51	0.10500
52	0.10500
53	0.10500
54	0.10500
55	0.10500
56	0.11000
57	0.12000
58	0.13000
59	0.14000
60	0.15000
61	0.15500
62	0.16000
63	0.17000
64	0.17500
65	0.18000
66	0.18000
67	0.19500
68	0.20500
69	0.21000
70	0.22000
71	0.22000
72	0.22000
73	0.22000
74	0.22500
75	0.23000
76	0.24000
77	0.26000
78	0.27000
79	0.27500
80	0.28000
81	0.28000
82	0.28000
83	0.29500
84	0.30500
85	0.31000
86	0.31000
87	0.31500
88	0.33500
89	0.33500
90	0.34000
91	0.34500
92	0.35500
93	0.36000
94	0.36500
95	0.39500
96	0.40500
97	0.41500
98	0.42500
99	0.43000
100	0.45000
101	0.45000
102	0.45500
103	0.45500
104	0.45500
105	0.46500
106	0.47000
107	0.47500
108	0.47500
109	0.49500
110	0.50000
111	0.51000
112	0.51000
113	0.52000
114	0.52000
115	0.53000
116	0.53000
117	0.53500
118	0.53500
119	0.53500
120	0.53500
121	0.54000
122	0.54500
123	0.55500
124	0.55500
125	0.55500
126	0.55500
127	0.56500
128	0.56500
129	0.57500
130	0.58000
131	0.58000
132	0.58500
133	0.58500
134	0.59000
135	0.59000
136	0.59000
137	0.59000
138	0.59000
139	0.59000
140	0.59000
141	0.59500
142	0.60000
143	0.60000
144	0.60000
145	0.60500
146	0.61000
147	0.61500
148	0.61500
149	0.62500
150	0.63000
151	0.63000
152	0.63000
153	0.63000
154	0.63500
155	0.64000
156	0.64000
157	0.64000
158	0.64000
159	0.64000
160	0.64500
161	0.64500
162	0.64500
163	0.65000
164	0.65000
165	0.65000
166	0.65500
167	0.65500
168	0.66000
169	0.66000
170	0.66000
171	0.66000
172	0.66000
173	0.66000
174	0.66000
175	0.66000
176	0.66000
177	0.66000
178	0.66000
179	0.66000
180	0.66500
181	0.66500
182	0.67000
183	0.67000
184	0.67000
185	0.67000
186	0.67500
187	0.67500
188	0.67500
189	0.67500
190	0.67500
191	0.67500
192	0.68000
193	0.68000
194	0.68000
195	0.68000
196	0.68000
197	0.68000
198	0.68000
199	0.68000
