0	0.00000
1	0.00000
2	0.00000
3	0.00000
4	0.00000
5	0.00000
6	0.00000
7	0.00000
8	0.00000
9	0.00000
10	0.00000
11	0.03590
12	0.03590
13	0.03608
14	0.03608
15	0.06995
16	0.06995
17	0.08031
18	0.08031
19	0.08031
20	0.08031
21	0.08031
22	0.08073
23	0.08073
24	0.11198
25	0.09424
26	0.09424
27	0.12565
28	0.12632
29	0.12632
30	0.16931
31	0.16489
32	0.16310
33	0.18817
34	0.22849
35	0.26882
36	0.25676
37	0.24865
38	0.30000
39	0.29620
40	0.29620
41	0.32609
42	0.32787
43	0.32787
44	0.39560
45	0.39560
46	0.41989
47	0.40884
48	0.46409
49	0.46409
50	0.46111
51	0.44134
52	0.49162
53	0.54469
54	0.53631
55	0.52793
56	0.51124
57	0.48295
58	0.54598
59	0.64826
60	0.77647
61	0.87574
62	0.97321
63	0.99096
64	1.08182
65	1.10163
66	1.12703
67	1.14907
68	1.11635
69	1.25105
70	1.35684
71	1.37607
72	1.43269
73	1.28098
74	1.20753
75	1.19102
76	1.22149
77	1.24887
78	1.32763
79	1.38333
80	1.44213
81	1.44792
82	1.45139
83	1.40485
84	1.35827
85	1.52452
86	1.61751
87	1.62628
88	1.54110
89	1.49862
90	1.62513
91	1.59046
92	1.57209
93	1.53294
94	1.48819
95	1.44077
96	1.44538
97	1.65199
98	1.73000
99	1.81096
100	1.78015
101	1.70136
102	1.74679
103	1.65596
104	1.61560
105	1.56168
106	1.54292
107	1.57778
108	1.57381
109	1.59472
110	1.56583
111	1.68061
112	1.63712
113	1.67939
114	1.65126
115	1.63143
116	1.60590
117	1.63850
118	1.56183
119	1.54695
120	1.48495
121	1.45851
122	1.44725
123	1.46667
124	1.48895
125	1.47146
126	1.41247
127	1.37827
128	1.34896
129	1.36718
130	1.34497
131	1.33128
132	1.35394
133	1.31398
134	1.31909
135	1.29633
136	1.30071
137	1.29461
138	1.28120
139	1.23079
140	1.19450
141	1.19443
142	1.16927
143	1.14948
144	1.14436
145	1.09804
146	1.05614
147	1.05124
148	1.05847
149	1.05032
150	1.03523
151	1.03529
152	1.04767
153	1.03270
154	1.01194
155	1.01211
156	1.00597
157	1.02074
158	1.01330
159	1.00311
160	0.99001
161	0.97544
162	0.96572
163	0.94689
164	0.92371
165	0.91181
166	0.90811
167	0.90346
168	0.91993
169	0.91993
170	0.92164
171	0.89615
172	0.89125
173	0.87286
174	0.84835
175	0.84468
176	0.83840
177	0.83252
178	0.81176
179	0.80397
180	0.80307
181	0.80307
182	0.81987
183	0.80851
184	0.82469
185	0.82469
186	0.81154
187	0.80391
188	0.81455
189	0.81455
190	0.80191
191	0.79012
192	0.78389
193	0.76491
194	0.78212
195	0.78212
196	0.77068
197	0.75523
198	0.74064
199	0.73739
