0	0	0	0	0	0	
1	742	0	0	0	0	
2	723	0	0	0	0	
3	48	621	0	0	0	
4	0	41	526	0	0	
5	0	0	24	412	0	
6	0	0	0	15	377	
7	0	0	0	0	385	
8	0	0	0	0	385	
9	0	0	0	0	384	
10	0	0	0	0	384	
11	0	0	0	0	384	
12	0	0	0	0	384	
13	0	0	0	0	384	
14	0	0	0	0	384	
15	0	0	0	0	384	
16	0	0	0	0	384	
17	0	0	0	0	384	
18	0	0	0	0	384	
19	0	0	0	0	384	
20	0	0	0	0	384	
21	0	0	0	0	384	
22	0	0	0	0	384	
23	0	0	0	0	384	
24	0	0	0	0	384	
25	0	0	0	0	384	
26	0	0	0	0	384	
27	0	0	0	0	384	
28	0	0	0	0	384	
29	0	0	0	0	384	
30	0	0	0	0	384	
31	0	0	0	0	384	
32	0	0	0	0	384	
33	0	0	0	0	384	
34	0	0	0	0	384	
35	0	0	0	0	384	
36	0	0	0	0	384	
37	0	0	0	0	384	
38	0	0	0	0	384	
39	0	0	0	0	384	
40	0	0	0	0	384	
41	0	0	0	0	384	
42	0	0	0	0	384	
43	0	0	0	0	384	
44	0	0	0	0	384	
45	0	0	0	0	384	
46	0	0	0	0	384	
47	0	0	0	0	384	
48	0	0	0	0	384	
49	0	0	0	0	384	
50	0	0	0	0	384	
51	0	0	0	0	384	
52	0	0	0	0	384	
53	0	0	0	0	384	
54	0	0	0	0	384	
55	0	0	0	0	384	
56	0	0	0	0	384	
57	0	0	0	0	384	
58	0	0	0	0	384	
59	0	0	0	0	384	
60	0	0	0	0	384	
61	0	0	0	0	384	
62	0	0	0	0	384	
63	0	0	0	0	384	
64	0	0	0	0	384	
65	0	0	0	0	384	
66	0	0	0	0	384	
67	0	0	0	0	384	
68	0	0	0	0	384	
69	0	0	0	0	384	
70	0	0	0	0	384	
71	0	0	0	0	384	
72	0	0	0	0	384	
73	0	0	0	0	384	
74	0	0	0	0	384	
75	0	0	0	0	384	
76	0	0	0	0	384	
77	0	0	0	0	384	
78	0	0	0	0	384	
79	0	0	0	0	384	
80	0	0	0	0	384	
81	0	0	0	0	384	
82	0	0	0	0	384	
83	0	0	0	0	384	
84	0	0	0	0	384	
85	0	0	0	0	384	
86	0	0	0	0	384	
87	0	0	0	0	384	
88	0	0	0	0	384	
89	0	0	0	0	384	
90	0	0	0	0	384	
91	0	0	0	0	384	
92	0	0	0	0	384	
93	0	0	0	0	384	
94	0	0	0	0	384	
95	0	0	0	0	384	
96	0	0	0	0	384	
97	0	0	0	0	384	
98	0	0	0	0	384	
99	0	0	0	0	384	
100	0	0	0	0	384	
101	0	0	0	0	384	
102	0	0	0	0	384	
103	0	0	0	0	384	
104	0	0	0	0	384	
105	0	0	0	0	384	
106	0	0	0	0	384	
107	0	0	0	0	384	
108	0	0	0	0	384	
109	0	0	0	0	384	
110	0	0	0	0	384	
111	0	0	0	0	384	
112	0	0	0	0	384	
113	0	0	0	0	384	
114	0	0	0	0	384	
115	0	0	0	0	384	
116	0	0	0	0	384	
117	0	0	0	0	384	
118	0	0	0	0	384	
119	0	0	0	0	384	
120	0	0	0	0	384	
121	0	0	0	0	384	
122	0	0	0	0	384	
123	0	0	0	0	384	
124	0	0	0	0	384	
125	0	0	0	0	384	
126	0	0	0	0	384	
127	0	0	0	0	384	
128	0	0	0	0	384	
129	0	0	0	0	384	
130	0	0	0	0	384	
131	0	0	0	0	384	
132	0	0	0	0	384	
133	0	0	0	0	384	
134	0	0	0	0	384	
135	0	0	0	0	384	
136	0	0	0	0	384	
137	0	0	0	0	384	
138	0	0	0	0	384	
139	0	0	0	0	384	
140	0	0	0	0	384	
141	0	0	0	0	384	
142	0	0	0	0	384	
143	0	0	0	0	384	
144	0	0	0	0	384	
145	0	0	0	0	384	
146	0	0	0	0	384	
147	0	0	0	0	384	
148	0	0	0	0	384	
149	0	0	0	0	384	
