0	0	0	0	0	0	
1	500	0	0	0	0	
2	498	0	0	0	0	
3	498	0	0	0	0	
4	498	0	0	0	0	
5	498	0	0	0	0	
6	497	0	0	0	0	
7	497	0	0	0	0	
8	497	0	0	0	0	
9	497	0	0	0	0	
10	497	0	0	0	0	
11	497	0	0	0	0	
12	497	0	0	0	0	
13	495	0	0	0	0	
14	495	0	0	0	0	
15	494	0	0	0	0	
16	493	0	0	0	0	
17	487	6	0	0	0	
18	484	2	6	0	0	
19	480	3	2	6	0	
20	477	2	3	2	6	
21	473	4	2	3	8	
22	473	0	4	3	10	
23	468	4	0	5	12	
24	462	6	3	0	17	
25	460	3	5	3	17	
26	458	4	4	2	20	
27	454	3	4	2	22	
28	451	2	4	1	24	
29	439	8	2	3	24	
30	437	3	6	1	27	
31	435	3	2	4	28	
32	432	3	2	0	32	
33	428	2	2	1	32	
34	420	7	0	3	32	
35	420	1	6	0	35	
36	415	2	0	6	35	
37	413	2	0	3	38	
38	411	2	0	2	38	
39	405	2	0	1	39	
40	397	4	0	1	39	
41	394	3	1	1	39	
42	389	3	1	2	39	
43	379	3	0	2	40	
44	373	3	0	1	41	
45	367	2	1	1	41	
46	360	2	1	1	41	
47	354	2	1	1	41	
48	349	2	1	1	41	
49	343	2	1	1	41	
50	341	2	1	1	41	
51	335	2	1	1	41	
52	334	2	1	1	41	
53	326	2	0	1	41	
54	318	2	0	1	41	
55	309	1	0	1	41	
56	305	1	0	1	41	
57	294	1	0	1	41	
58	287	1	0	1	41	
59	282	1	0	1	41	
60	275	1	0	1	41	
61	270	1	0	1	41	
62	258	1	0	1	41	
63	253	1	0	1	41	
64	245	1	0	1	41	
65	241	1	0	1	41	
66	237	1	0	1	41	
67	230	1	0	1	41	
68	223	1	0	1	41	
69	214	1	0	1	41	
70	204	1	0	1	41	
71	198	0	0	1	41	
72	191	0	0	1	41	
73	185	0	0	1	41	
74	178	0	0	1	41	
75	171	0	0	1	41	
76	162	0	0	1	41	
77	156	0	0	1	41	
78	153	0	0	1	41	
79	147	0	0	1	41	
80	140	0	0	1	41	
81	133	0	0	1	41	
82	127	0	0	1	41	
83	124	0	0	1	41	
84	120	0	0	1	41	
85	115	0	0	1	41	
86	104	0	0	1	41	
87	101	0	0	1	41	
88	96	0	0	1	41	
89	92	0	0	1	41	
90	90	0	0	1	41	
91	86	0	0	1	41	
92	81	0	0	1	41	
93	79	0	0	1	41	
94	77	0	0	1	41	
95	72	0	0	1	41	
96	70	0	0	1	41	
97	68	0	0	1	41	
98	64	0	0	1	41	
99	61	0	0	1	41	
100	59	0	0	1	41	
101	58	0	0	1	41	
102	55	0	0	1	41	
103	53	0	0	1	41	
104	51	0	0	1	41	
105	49	0	0	1	41	
106	48	0	0	1	41	
107	48	0	0	1	41	
108	48	0	0	1	41	
109	45	0	0	1	41	
110	43	0	0	1	41	
111	42	0	0	1	41	
112	39	0	0	1	41	
113	38	0	0	1	41	
114	36	0	0	1	41	
115	36	0	0	1	41	
116	36	0	0	1	41	
117	36	0	0	1	41	
118	36	0	0	1	41	
119	33	0	0	1	41	
120	32	0	0	1	41	
121	32	0	0	1	41	
122	27	0	0	1	41	
123	27	0	0	1	41	
124	27	0	0	1	41	
125	24	0	0	1	41	
126	24	0	0	1	41	
127	24	0	0	1	41	
128	22	0	0	1	41	
129	21	0	0	1	41	
130	20	0	0	1	41	
131	19	0	0	1	41	
132	18	0	0	1	41	
133	18	0	0	1	41	
134	15	0	0	1	41	
135	15	0	0	1	41	
136	15	0	0	1	41	
137	14	0	0	1	41	
138	14	0	0	1	41	
139	14	0	0	1	41	
140	14	0	0	1	41	
141	14	0	0	1	41	
142	13	0	0	1	41	
143	12	0	0	1	41	
144	12	0	0	1	41	
145	12	0	0	1	41	
146	12	0	0	1	41	
147	11	0	0	1	41	
148	11	0	0	1	41	
149	9	0	0	1	41	
150	9	0	0	1	41	
151	8	0	0	1	41	
152	8	0	0	1	41	
153	8	0	0	1	41	
154	8	0	0	1	41	
155	8	0	0	1	41	
156	8	0	0	1	41	
157	8	0	0	1	41	
158	8	0	0	1	41	
159	8	0	0	1	41	
160	8	0	0	1	41	
161	8	0	0	1	41	
162	8	0	0	1	41	
163	8	0	0	1	41	
164	8	0	0	1	41	
165	8	0	0	1	41	
166	8	0	0	1	41	
167	8	0	0	1	41	
168	7	0	0	1	41	
169	7	0	0	1	41	
170	7	0	0	1	41	
171	6	0	0	1	41	
172	6	0	0	1	41	
173	6	0	0	1	41	
174	6	0	0	1	41	
175	5	0	0	1	41	
176	5	0	0	1	41	
177	5	0	0	1	41	
178	5	0	0	1	41	
179	5	0	0	1	41	
