0	0.00000
1	0.00100
2	0.00200
3	0.00320
4	0.00400
5	0.00320
6	0.00480
7	0.00260
8	0.00240
9	0.00120
10	0.00320
11	0.00240
12	0.00120
13	0.00340
14	0.00260
15	0.00320
16	0.00340
17	0.00200
18	0.00440
19	0.00300
20	0.00500
21	0.00480
22	0.00320
23	0.00340
24	0.00440
25	0.00300
26	0.00380
27	0.00420
28	0.00580
29	0.00440
30	0.00340
31	0.00420
32	0.00520
33	0.00400
34	0.00560
35	0.00460
36	0.00420
37	0.00480
38	0.00520
39	0.00340
40	0.00380
41	0.00260
42	0.00220
43	0.00360
44	0.00160
45	0.00320
46	0.00280
47	0.00200
48	0.00200
49	0.00200
50	0.00140
51	0.00280
52	0.00180
53	0.00260
54	0.00100
55	0.00140
56	0.00240
57	0.00140
58	0.00100
59	0.00060
60	0.00080
61	0.00120
62	0.00060
63	0.00080
64	0.00080
65	0.00020
66	0.00080
67	0.00040
68	0.00040
69	0.00080
70	0.00020
71	0.00080
72	0.00020
73	0.00000
74	0.00020
75	0.00000
76	0.00020
77	0.00020
78	0.00020
79	0.00040
80	0.00040
81	0.00000
82	0.00060
83	0.00020
84	0.00000
85	0.00040
86	0.00020
87	0.00020
88	0.00000
89	0.00000
90	0.00000
91	0.00020
92	0.00000
93	0.00000
94	0.00000
95	0.00000
96	0.00000
97	0.00000
98	0.00020
99	0.00000
