0	0.00500
1	0.01650
2	0.05500
3	0.14250
4	0.32500
5	0.57800
6	0.74250
7	0.80150
8	0.81550
9	0.81650
10	0.81750
11	0.81800
12	0.81800
13	0.81800
14	0.81800
15	0.81800
16	0.81800
17	0.81800
18	0.81800
19	0.81800
20	0.81800
21	0.81800
22	0.81800
23	0.81800
24	0.81800
25	0.81800
26	0.81800
27	0.81800
28	0.81800
29	0.81800
30	0.81800
31	0.81800
32	0.81800
33	0.81800
34	0.81800
35	0.81800
36	0.81800
37	0.81800
38	0.81800
39	0.81800
40	0.81800
41	0.81800
42	0.81800
43	0.81800
44	0.81800
45	0.81800
46	0.81800
47	0.81800
48	0.81800
49	0.81800
50	0.81800
51	0.81800
52	0.81800
53	0.81800
54	0.81800
55	0.81800
56	0.81800
57	0.81800
58	0.81800
59	0.81800
60	0.81800
61	0.81800
62	0.81800
63	0.81800
64	0.81800
65	0.81800
66	0.81800
67	0.81800
68	0.81800
69	0.81800
70	0.81800
71	0.81800
72	0.81800
73	0.81800
74	0.81800
75	0.81800
76	0.81800
77	0.81800
78	0.81800
79	0.81800
80	0.81800
81	0.81800
82	0.81800
83	0.81800
84	0.81800
85	0.81800
86	0.81800
87	0.81800
88	0.81800
89	0.81800
90	0.81800
91	0.81800
92	0.81800
93	0.81800
94	0.81800
95	0.81800
96	0.81800
97	0.81800
98	0.81800
99	0.81800
100	0.81800
101	0.81800
102	0.81800
103	0.81800
104	0.81800
105	0.81800
106	0.81800
107	0.81800
108	0.81800
109	0.81800
110	0.81800
111	0.81800
112	0.81800
113	0.81800
114	0.81800
115	0.81800
116	0.81800
117	0.81800
118	0.81800
119	0.81800
120	0.81800
121	0.81800
122	0.81800
123	0.81800
124	0.81800
125	0.81800
126	0.81800
127	0.81800
128	0.81800
129	0.81800
130	0.81800
131	0.81800
132	0.81800
133	0.81800
134	0.81800
135	0.81800
136	0.81800
137	0.81800
138	0.81800
139	0.81800
140	0.81800
141	0.81800
142	0.81800
143	0.81800
144	0.81800
145	0.81800
146	0.81800
147	0.81800
148	0.81800
149	0.81800
