0	0.00000
1	0.00000
2	0.00000
3	0.01361
4	0.15571
5	0.49100
6	0.85386
7	1.12594
8	1.28582
9	1.41847
10	1.46096
11	1.32542
12	1.14276
13	0.94765
14	0.72343
15	0.55464
16	0.43185
17	0.32000
18	0.23779
19	0.18506
20	0.13993
21	0.10669
22	0.07905
23	0.05942
24	0.04852
25	0.04120
26	0.03371
27	0.02731
28	0.02491
29	0.02283
30	0.02199
31	0.01817
32	0.01343
33	0.01229
34	0.00977
35	0.00643
36	0.00333
37	0.00093
38	0.00013
39	0.00013
40	0.00000
41	0.00000
42	0.00000
43	0.00000
44	0.00000
45	0.00000
46	0.00000
47	0.00000
48	0.00000
49	0.00000
50	0.00000
51	0.00000
52	0.00000
53	0.00000
54	0.00000
55	0.00000
56	0.00000
57	0.00000
58	0.00000
59	0.00000
60	0.00000
61	0.00000
62	0.00000
63	0.00000
64	0.00000
65	0.00000
66	0.00000
67	0.00000
68	0.00000
69	0.00000
70	0.00000
71	0.00000
72	0.00000
73	0.00000
74	0.00000
75	0.00000
76	0.00000
77	0.00000
78	0.00000
79	0.00000
80	0.00000
81	0.00000
82	0.00000
83	0.00000
84	0.00000
85	0.00000
86	0.00000
87	0.00000
88	0.00000
89	0.00000
90	0.00000
91	0.00000
92	0.00000
93	0.00000
94	0.00000
95	0.00000
96	0.00000
97	0.00000
98	0.00000
99	0.00000
