0	0.00500
1	0.01750
2	0.04250
3	0.11300
4	0.25200
5	0.49700
6	0.67850
7	0.75900
8	0.78300
9	0.78850
10	0.79150
11	0.79150
12	0.79150
13	0.79150
14	0.79150
15	0.79150
16	0.79150
17	0.79150
18	0.79150
19	0.79150
20	0.79150
21	0.79150
22	0.79150
23	0.79150
24	0.79150
25	0.79150
26	0.79150
27	0.79150
28	0.79150
29	0.79150
30	0.79150
31	0.79150
32	0.79150
33	0.79150
34	0.79150
35	0.79150
36	0.79150
37	0.79150
38	0.79150
39	0.79150
40	0.79150
41	0.79150
42	0.79150
43	0.79150
44	0.79150
45	0.79150
46	0.79150
47	0.79150
48	0.79150
49	0.79150
50	0.79150
51	0.79150
52	0.79150
53	0.79150
54	0.79150
55	0.79150
56	0.79150
57	0.79150
58	0.79150
59	0.79150
60	0.79150
61	0.79150
62	0.79150
63	0.79150
64	0.79150
65	0.79150
66	0.79150
67	0.79150
68	0.79150
69	0.79150
70	0.79150
71	0.79150
72	0.79150
73	0.79150
74	0.79150
75	0.79150
76	0.79150
77	0.79150
78	0.79150
79	0.79150
80	0.79150
81	0.79150
82	0.79150
83	0.79150
84	0.79150
85	0.79150
86	0.79150
87	0.79150
88	0.79150
89	0.79150
90	0.79150
91	0.79150
92	0.79150
93	0.79150
94	0.79150
95	0.79150
96	0.79150
97	0.79150
98	0.79150
99	0.79150
100	0.79150
101	0.79150
102	0.79150
103	0.79150
104	0.79150
105	0.79150
106	0.79150
107	0.79150
108	0.79150
109	0.79150
110	0.79150
111	0.79150
112	0.79150
113	0.79150
114	0.79150
115	0.79150
116	0.79150
117	0.79150
118	0.79150
119	0.79150
120	0.79150
121	0.79150
122	0.79150
123	0.79150
124	0.79150
125	0.79150
126	0.79150
127	0.79150
128	0.79150
129	0.79150
130	0.79150
131	0.79150
132	0.79150
133	0.79150
134	0.79150
135	0.79150
136	0.79150
137	0.79150
138	0.79150
139	0.79150
140	0.79150
141	0.79150
142	0.79150
143	0.79150
144	0.79150
145	0.79150
146	0.79150
147	0.79150
148	0.79150
149	0.79150
