0	0.00000
1	0.00000
2	0.00000
3	0.00475
4	0.05169
5	0.32290
6	0.57273
7	0.99243
8	1.47016
9	1.52164
10	1.53453
11	1.46840
12	1.31689
13	1.10798
14	0.91365
15	0.71069
16	0.53626
17	0.39166
18	0.28722
19	0.21746
20	0.16250
21	0.12320
22	0.09973
23	0.07851
24	0.06137
25	0.05315
26	0.04888
27	0.04296
28	0.03554
29	0.03065
30	0.02687
31	0.02496
32	0.01991
33	0.01466
34	0.00887
35	0.00883
36	0.00537
37	0.00302
38	0.00188
39	0.00112
40	0.00062
41	0.00034
42	0.00012
43	0.00033
44	0.00033
45	0.00004
46	0.00000
47	0.00000
48	0.00000
49	0.00000
50	0.00000
51	0.00000
52	0.00000
53	0.00000
54	0.00000
55	0.00000
56	0.00000
57	0.00000
58	0.00000
59	0.00000
60	0.00000
61	0.00000
62	0.00000
63	0.00000
64	0.00000
65	0.00000
66	0.00000
67	0.00000
68	0.00000
69	0.00000
70	0.00000
71	0.00000
72	0.00000
73	0.00000
74	0.00000
75	0.00000
76	0.00000
77	0.00000
78	0.00000
79	0.00000
80	0.00000
81	0.00000
82	0.00000
83	0.00000
84	0.00000
85	0.00000
86	0.00000
87	0.00000
88	0.00000
89	0.00000
90	0.00000
91	0.00000
92	0.00000
93	0.00000
94	0.00000
95	0.00000
96	0.00000
97	0.00000
98	0.00000
99	0.00000
