0	0.00000
1	0.00000
2	0.00000
3	0.02400
4	0.07283
5	0.18369
6	0.34767
7	0.65730
8	1.12444
9	1.35938
10	1.45710
11	1.43278
12	1.31033
13	1.12486
14	0.93974
15	0.74417
16	0.56137
17	0.40910
18	0.29894
19	0.22718
20	0.16829
21	0.12790
22	0.10200
23	0.08130
24	0.06286
25	0.05403
26	0.04826
27	0.04171
28	0.03291
29	0.02769
30	0.02339
31	0.02187
32	0.01766
33	0.01317
34	0.00979
35	0.00972
36	0.00671
37	0.00515
38	0.00398
39	0.00324
40	0.00255
41	0.00216
42	0.00143
43	0.00200
44	0.00199
45	0.00141
46	0.00082
47	0.00082
48	0.00082
49	0.00082
50	0.00000
51	0.00000
52	0.00000
53	0.00000
54	0.00000
55	0.00000
56	0.00000
57	0.00000
58	0.00000
59	0.00000
60	0.00000
61	0.00000
62	0.00000
63	0.00000
64	0.00000
65	0.00000
66	0.00000
67	0.00000
68	0.00000
69	0.00010
70	0.00010
71	0.00010
72	0.00010
73	0.00010
74	0.00010
75	0.00010
76	0.00000
77	0.00000
78	0.00000
79	0.00000
80	0.00000
81	0.00000
82	0.00000
83	0.00000
84	0.00000
85	0.00000
86	0.00000
87	0.00000
88	0.00000
89	0.00000
90	0.00000
91	0.00000
92	0.00000
93	0.00000
94	0.00000
95	0.00000
96	0.00000
97	0.00000
98	0.00000
99	0.00000
