0	0.00000
1	0.00000
2	0.00000
3	0.03046
4	0.16038
5	0.41811
6	0.82141
7	1.13291
8	1.29294
9	1.35879
10	1.38427
11	1.34145
12	1.27125
13	1.08206
14	0.87082
15	0.67259
16	0.52809
17	0.40274
18	0.29640
19	0.22212
20	0.16540
21	0.13353
22	0.10791
23	0.08701
24	0.06961
25	0.05967
26	0.04757
27	0.03838
28	0.03274
29	0.02857
30	0.02500
31	0.02103
32	0.01548
33	0.01494
34	0.01192
35	0.01071
36	0.00701
37	0.00358
38	0.00327
39	0.00176
40	0.00024
41	0.00015
42	0.00005
43	0.00063
44	0.00063
45	0.00025
46	0.00076
47	0.00071
48	0.00067
49	0.00036
50	0.00000
51	0.00000
52	0.00000
53	0.00000
54	0.00000
55	0.00000
56	0.00000
57	0.00000
58	0.00000
59	0.00000
60	0.00000
61	0.00000
62	0.00000
63	0.00000
64	0.00000
65	0.00000
66	0.00000
67	0.00000
68	0.00000
69	0.00000
70	0.00000
71	0.00000
72	0.00000
73	0.00000
74	0.00000
75	0.00000
76	0.00000
77	0.00000
78	0.00000
79	0.00000
80	0.00000
81	0.00000
82	0.00000
83	0.00000
84	0.00000
85	0.00000
86	0.00000
87	0.00000
88	0.00000
89	0.00000
90	0.00000
91	0.00000
92	0.00000
93	0.00000
94	0.00000
95	0.00000
96	0.00000
97	0.00000
98	0.00000
99	0.00000
