0	0.00500
1	0.00750
2	0.01250
3	0.01850
4	0.03250
5	0.05100
6	0.08450
7	0.11950
8	0.17300
9	0.23350
10	0.29900
11	0.36950
12	0.42750
13	0.47600
14	0.51950
15	0.56000
16	0.58500
17	0.60850
18	0.62300
19	0.64350
20	0.65650
21	0.66600
22	0.67200
23	0.68100
24	0.68250
25	0.68500
26	0.68700
27	0.69000
28	0.69200
29	0.69350
30	0.69500
31	0.69650
32	0.69650
33	0.69750
34	0.69750
35	0.69750
36	0.69800
37	0.69800
38	0.69800
39	0.69800
40	0.69850
41	0.69950
42	0.69950
43	0.69950
44	0.70000
45	0.70000
46	0.70000
47	0.70000
48	0.70000
49	0.70000
50	0.70000
51	0.70000
52	0.70000
53	0.70000
54	0.70000
55	0.70000
56	0.70000
57	0.70000
58	0.70000
59	0.70000
60	0.70000
61	0.70000
62	0.70000
63	0.70000
64	0.70000
65	0.70000
66	0.70000
67	0.70000
68	0.70000
69	0.70000
70	0.70000
71	0.70000
72	0.70000
73	0.70000
74	0.70000
75	0.70000
76	0.70000
77	0.70000
78	0.70000
79	0.70000
80	0.70000
81	0.70000
82	0.70000
83	0.70000
84	0.70000
85	0.70000
86	0.70000
87	0.70000
88	0.70000
89	0.70000
90	0.70000
91	0.70000
92	0.70000
93	0.70000
94	0.70000
95	0.70000
96	0.70000
97	0.70000
98	0.70000
99	0.70000
