0	0.00000
1	0.00000
2	0.00000
3	0.10470
4	0.26032
5	0.57828
6	0.86053
7	1.14158
8	1.42112
9	1.50508
10	1.55584
11	1.39987
12	1.21080
13	0.94809
14	0.71014
15	0.51824
16	0.36849
17	0.25652
18	0.18317
19	0.11602
20	0.08499
21	0.06067
22	0.04185
23	0.03250
24	0.02431
25	0.01798
26	0.01567
27	0.01144
28	0.00645
29	0.00314
30	0.00266
31	0.00161
32	0.00163
33	0.00078
34	0.00050
35	0.00050
36	0.00111
37	0.00062
38	0.00062
39	0.00062
40	0.00098
41	0.00098
42	0.00098
43	0.00036
44	0.00036
45	0.00036
46	0.00036
47	0.00000
48	0.00000
49	0.00000
50	0.00000
51	0.00000
52	0.00000
53	0.00000
54	0.00000
55	0.00000
56	0.00000
57	0.00000
58	0.00000
59	0.00000
60	0.00000
61	0.00000
62	0.00000
63	0.00000
64	0.00000
65	0.00000
66	0.00000
67	0.00000
68	0.00000
69	0.00000
70	0.00000
71	0.00000
72	0.00000
73	0.00000
74	0.00000
75	0.00000
76	0.00000
77	0.00000
78	0.00000
79	0.00000
80	0.00000
81	0.00000
82	0.00000
83	0.00000
84	0.00000
85	0.00000
86	0.00000
87	0.00000
88	0.00000
89	0.00000
90	0.00000
91	0.00000
92	0.00000
93	0.00000
94	0.00000
95	0.00000
96	0.00000
97	0.00000
98	0.00000
99	0.00000
