0	0.00500
1	0.00950
2	0.01750
3	0.03150
4	0.05350
5	0.09000
6	0.14950
7	0.22100
8	0.32250
9	0.45900
10	0.59300
11	0.71450
12	0.79800
13	0.87050
14	0.90950
15	0.93000
16	0.94250
17	0.95700
18	0.96200
19	0.96400
20	0.96550
21	0.96600
22	0.96750
23	0.96750
24	0.96750
25	0.96750
26	0.96750
27	0.96750
28	0.96750
29	0.96750
30	0.96750
31	0.96750
32	0.96750
33	0.96750
34	0.96750
35	0.96750
36	0.96750
37	0.96750
38	0.96750
39	0.96750
40	0.96750
41	0.96750
42	0.96750
43	0.96750
44	0.96750
45	0.96750
46	0.96750
47	0.96750
48	0.96750
49	0.96750
50	0.96750
51	0.96750
52	0.96750
53	0.96750
54	0.96750
55	0.96750
56	0.96750
57	0.96750
58	0.96750
59	0.96750
60	0.96750
61	0.96750
62	0.96750
63	0.96750
64	0.96750
65	0.96750
66	0.96750
67	0.96750
68	0.96750
69	0.96750
70	0.96750
71	0.96750
72	0.96750
73	0.96750
74	0.96750
75	0.96800
76	0.96800
77	0.96800
78	0.96800
79	0.96800
80	0.96800
81	0.96800
82	0.96800
83	0.96800
84	0.96800
85	0.96800
86	0.96800
87	0.96800
88	0.96800
89	0.96800
90	0.96800
91	0.96800
92	0.96800
93	0.96800
94	0.96800
95	0.96800
96	0.96800
97	0.96800
98	0.96800
99	0.96800
100	0.96800
101	0.96800
102	0.96800
103	0.96800
104	0.96800
105	0.96800
106	0.96800
107	0.96800
108	0.96800
109	0.96800
110	0.96800
111	0.96800
112	0.96800
113	0.96800
114	0.96800
115	0.96800
116	0.96800
117	0.96800
118	0.96800
119	0.96800
120	0.96800
121	0.96800
122	0.96800
123	0.96800
124	0.96800
125	0.96800
126	0.96800
127	0.96800
128	0.96800
129	0.96800
130	0.96800
131	0.96800
132	0.96800
133	0.96800
134	0.96800
135	0.96800
136	0.96800
137	0.96800
138	0.96800
139	0.96800
140	0.96800
141	0.96800
142	0.96800
143	0.96800
144	0.96800
145	0.96800
146	0.96800
147	0.96800
148	0.96800
149	0.96800
150	0.96800
151	0.96800
152	0.96800
153	0.96800
154	0.96800
155	0.96800
156	0.96800
157	0.96800
158	0.96800
159	0.96800
160	0.96800
161	0.96800
162	0.96800
163	0.96800
164	0.96800
165	0.96800
166	0.96800
167	0.96800
168	0.96800
169	0.96800
170	0.96800
171	0.96800
172	0.96800
173	0.96800
174	0.96800
175	0.96800
176	0.96800
177	0.96800
178	0.96800
179	0.96800
180	0.96800
181	0.96800
182	0.96800
183	0.96800
184	0.96800
185	0.96800
186	0.96800
187	0.96800
188	0.96800
189	0.96800
190	0.96800
191	0.96800
192	0.96800
193	0.96800
194	0.96800
195	0.96800
196	0.96800
197	0.96800
198	0.96800
199	0.96800
