0	0.00500
1	0.01100
2	0.02350
3	0.06350
4	0.15700
5	0.32300
6	0.53700
7	0.67050
8	0.72250
9	0.74500
10	0.74850
11	0.74900
12	0.74900
13	0.74900
14	0.74900
15	0.74900
16	0.74900
17	0.74900
18	0.74900
19	0.74900
20	0.74900
21	0.74900
22	0.74900
23	0.74900
24	0.74900
25	0.74900
26	0.74900
27	0.74900
28	0.74900
29	0.74900
30	0.74900
31	0.74900
32	0.74900
33	0.74900
34	0.74900
35	0.74900
36	0.74900
37	0.74900
38	0.74900
39	0.74900
40	0.74900
41	0.74900
42	0.74900
43	0.74900
44	0.74900
45	0.74900
46	0.74900
47	0.74900
48	0.74900
49	0.74900
50	0.74900
51	0.74900
52	0.74900
53	0.74900
54	0.74900
55	0.74900
56	0.74900
57	0.74900
58	0.74900
59	0.74900
60	0.74900
61	0.74900
62	0.74900
63	0.74900
64	0.74900
65	0.74900
66	0.74900
67	0.74900
68	0.74900
69	0.74900
70	0.74900
71	0.74900
72	0.74900
73	0.74900
74	0.74900
75	0.74900
76	0.74900
77	0.74900
78	0.74900
79	0.74900
80	0.74900
81	0.74900
82	0.74900
83	0.74900
84	0.74900
85	0.74900
86	0.74900
87	0.74900
88	0.74900
89	0.74900
90	0.74900
91	0.74900
92	0.74900
93	0.74900
94	0.74900
95	0.74900
96	0.74900
97	0.74900
98	0.74900
99	0.74900
100	0.74900
101	0.74900
102	0.74900
103	0.74900
104	0.74900
105	0.74900
106	0.74900
107	0.74900
108	0.74900
109	0.74900
110	0.74900
111	0.74900
112	0.74900
113	0.74900
114	0.74900
115	0.74900
116	0.74900
117	0.74900
118	0.74900
119	0.74900
120	0.74900
121	0.74900
122	0.74900
123	0.74900
124	0.74900
125	0.74900
126	0.74900
127	0.74900
128	0.74900
129	0.74900
130	0.74900
131	0.74900
132	0.74900
133	0.74900
134	0.74900
135	0.74900
136	0.74900
137	0.74900
138	0.74900
139	0.74900
140	0.74900
141	0.74900
142	0.74900
143	0.74900
144	0.74900
145	0.74900
146	0.74900
147	0.74900
148	0.74900
149	0.74900
