0	0	0	0	0	0	
1	747	0	0	0	0	
2	735	0	0	0	0	
3	19	685	0	0	0	
4	0	18	627	0	0	
5	0	0	15	545	0	
6	0	0	0	9	500	
7	0	0	0	0	504	
8	0	0	0	0	502	
9	0	0	0	0	501	
10	0	0	0	0	501	
11	0	0	0	0	501	
12	0	0	0	0	501	
13	0	0	0	0	501	
14	0	0	0	0	501	
15	0	0	0	0	501	
16	0	0	0	0	501	
17	0	0	0	0	501	
18	0	0	0	0	501	
19	0	0	0	0	501	
20	0	0	0	0	501	
21	0	0	0	0	501	
22	0	0	0	0	501	
23	0	0	0	0	501	
24	0	0	0	0	501	
25	0	0	0	0	501	
26	0	0	0	0	501	
27	0	0	0	0	501	
28	0	0	0	0	501	
29	0	0	0	0	501	
30	0	0	0	0	501	
31	0	0	0	0	501	
32	0	0	0	0	501	
33	0	0	0	0	501	
34	0	0	0	0	501	
35	0	0	0	0	501	
36	0	0	0	0	501	
37	0	0	0	0	501	
38	0	0	0	0	501	
39	0	0	0	0	501	
40	0	0	0	0	501	
41	0	0	0	0	501	
42	0	0	0	0	501	
43	0	0	0	0	501	
44	0	0	0	0	501	
45	0	0	0	0	501	
46	0	0	0	0	501	
47	0	0	0	0	501	
48	0	0	0	0	501	
49	0	0	0	0	501	
50	0	0	0	0	501	
51	0	0	0	0	501	
52	0	0	0	0	501	
53	0	0	0	0	501	
54	0	0	0	0	501	
55	0	0	0	0	501	
56	0	0	0	0	501	
57	0	0	0	0	501	
58	0	0	0	0	501	
59	0	0	0	0	501	
60	0	0	0	0	501	
61	0	0	0	0	501	
62	0	0	0	0	501	
63	0	0	0	0	501	
64	0	0	0	0	501	
65	0	0	0	0	501	
66	0	0	0	0	501	
67	0	0	0	0	501	
68	0	0	0	0	501	
69	0	0	0	0	501	
70	0	0	0	0	501	
71	0	0	0	0	501	
72	0	0	0	0	501	
73	0	0	0	0	501	
74	0	0	0	0	501	
75	0	0	0	0	501	
76	0	0	0	0	501	
77	0	0	0	0	501	
78	0	0	0	0	501	
79	0	0	0	0	501	
80	0	0	0	0	501	
81	0	0	0	0	501	
82	0	0	0	0	501	
83	0	0	0	0	501	
84	0	0	0	0	501	
85	0	0	0	0	501	
86	0	0	0	0	501	
87	0	0	0	0	501	
88	0	0	0	0	501	
89	0	0	0	0	501	
90	0	0	0	0	501	
91	0	0	0	0	501	
92	0	0	0	0	501	
93	0	0	0	0	501	
94	0	0	0	0	501	
95	0	0	0	0	501	
96	0	0	0	0	501	
97	0	0	0	0	501	
98	0	0	0	0	501	
99	0	0	0	0	501	
100	0	0	0	0	501	
101	0	0	0	0	501	
102	0	0	0	0	501	
103	0	0	0	0	501	
104	0	0	0	0	501	
105	0	0	0	0	501	
106	0	0	0	0	501	
107	0	0	0	0	501	
108	0	0	0	0	501	
109	0	0	0	0	501	
110	0	0	0	0	501	
111	0	0	0	0	501	
112	0	0	0	0	501	
113	0	0	0	0	501	
114	0	0	0	0	501	
115	0	0	0	0	501	
116	0	0	0	0	501	
117	0	0	0	0	501	
118	0	0	0	0	501	
119	0	0	0	0	501	
120	0	0	0	0	501	
121	0	0	0	0	501	
122	0	0	0	0	501	
123	0	0	0	0	501	
124	0	0	0	0	501	
125	0	0	0	0	501	
126	0	0	0	0	501	
127	0	0	0	0	501	
128	0	0	0	0	501	
129	0	0	0	0	501	
130	0	0	0	0	501	
131	0	0	0	0	501	
132	0	0	0	0	501	
133	0	0	0	0	501	
134	0	0	0	0	501	
135	0	0	0	0	501	
136	0	0	0	0	501	
137	0	0	0	0	501	
138	0	0	0	0	501	
139	0	0	0	0	501	
140	0	0	0	0	501	
141	0	0	0	0	501	
142	0	0	0	0	501	
143	0	0	0	0	501	
144	0	0	0	0	501	
145	0	0	0	0	501	
146	0	0	0	0	501	
147	0	0	0	0	501	
148	0	0	0	0	501	
149	0	0	0	0	501	
