0	0.00000
1	0.00000
2	0.00000
3	0.00000
4	0.00000
5	0.00000
6	0.00000
7	0.00000
8	0.00000
9	0.00000
10	0.00000
11	0.01000
12	0.00000
13	0.00000
14	0.00500
15	0.00000
16	0.00500
17	0.00000
18	0.00500
19	0.00500
20	0.00000
21	0.00500
22	0.00000
23	0.00500
24	0.01000
25	0.01000
26	0.00000
27	0.00500
28	0.01000
29	0.00000
30	0.00500
31	0.00500
32	0.01000
33	0.00500
34	0.01500
35	0.00500
36	0.00000
37	0.01000
38	0.02000
39	0.01000
40	0.00500
41	0.00000
42	0.01500
43	0.01500
44	0.01500
45	0.01000
46	0.00500
47	0.00500
48	0.00500
49	0.01000
50	0.01000
51	0.01500
52	0.00500
53	0.02500
54	0.01500
55	0.00000
56	0.02000
57	0.01000
58	0.00000
59	0.01000
60	0.02500
61	0.01000
62	0.00500
63	0.00000
64	0.00500
65	0.01500
66	0.01000
67	0.00500
68	0.01500
69	0.00500
70	0.01500
71	0.01000
72	0.02000
73	0.01000
74	0.01500
75	0.01000
76	0.01500
77	0.01000
78	0.02000
79	0.00000
80	0.02000
81	0.01000
82	0.01500
83	0.00500
84	0.00500
85	0.01500
86	0.01000
87	0.01500
88	0.01000
89	0.00500
90	0.01500
91	0.00000
92	0.00500
93	0.01500
94	0.00500
95	0.00000
96	0.01000
97	0.00000
98	0.01500
99	0.00500
100	0.00500
101	0.00000
102	0.00500
103	0.00000
104	0.01500
105	0.00000
106	0.00500
107	0.01000
108	0.01500
109	0.01500
110	0.00500
111	0.01000
112	0.00500
113	0.00500
114	0.00000
115	0.01000
116	0.00000
117	0.00500
118	0.00500
119	0.00500
120	0.00000
121	0.01000
122	0.00500
123	0.01000
124	0.00500
125	0.00000
126	0.00000
127	0.00000
128	0.00500
129	0.00500
130	0.00500
131	0.00000
132	0.00000
133	0.00000
134	0.00000
135	0.00000
136	0.00000
137	0.00000
138	0.00500
139	0.00000
140	0.00000
141	0.00000
142	0.00000
143	0.00000
144	0.00000
145	0.00500
146	0.00000
147	0.00000
148	0.00000
149	0.00000
150	0.00000
151	0.00000
152	0.00000
153	0.00000
154	0.00000
155	0.00000
156	0.00000
157	0.00000
158	0.00500
159	0.00000
160	0.00000
161	0.00000
162	0.00000
163	0.00000
164	0.00000
165	0.00000
166	0.00000
167	0.00000
168	0.00000
169	0.00000
170	0.00000
171	0.00000
172	0.00000
173	0.00000
174	0.00000
175	0.00000
176	0.00000
177	0.00000
178	0.00000
179	0.00000
180	0.00000
181	0.00000
182	0.00000
183	0.00000
184	0.00000
185	0.00000
186	0.00000
187	0.00000
188	0.00000
189	0.00000
190	0.00000
191	0.00000
192	0.00000
193	0.00000
194	0.00000
195	0.00000
196	0.00000
197	0.00000
198	0.00000
199	0.00000
