0	0.00000
1	0.00000
2	0.00000
3	0.00000
4	0.00000
5	0.00000
6	0.00000
7	0.00000
8	0.00000
9	0.00000
10	0.00000
11	0.00000
12	0.00000
13	0.00000
14	0.00000
15	0.00000
16	0.00000
17	0.00000
18	0.03191
19	0.01630
20	0.01630
21	0.10507
22	0.10507
23	0.07488
24	0.07654
25	0.14321
26	0.14321
27	0.14074
28	0.12121
29	0.07197
30	0.17803
31	0.13636
32	0.16570
33	0.15019
34	0.13095
35	0.06504
36	0.32961
37	0.29980
38	0.29438
39	0.41430
40	0.42358
41	0.44966
42	0.32327
43	0.26240
44	0.25030
45	0.25601
46	0.26296
47	0.17851
48	0.10373
49	0.14278
50	0.15088
51	0.15980
52	0.16123
53	0.21540
54	0.18570
55	0.14533
56	0.11785
57	0.10389
58	0.15945
59	0.11089
60	0.09565
61	0.09644
62	0.08130
63	0.07037
64	0.07833
65	0.02274
66	0.01437
67	0.06589
68	0.07605
69	0.07365
70	0.03727
71	0.03154
72	0.05180
73	0.03475
74	0.04133
75	0.03133
76	0.03219
77	0.04386
78	0.05853
79	0.03768
80	0.03405
81	0.00974
82	0.04537
83	0.03363
84	0.02968
85	0.02474
86	0.02463
87	0.02135
88	0.02400
89	0.01772
90	0.01527
91	0.02235
92	0.02078
93	0.01210
94	0.00466
95	0.02029
96	0.00000
97	0.00000
98	0.00000
99	0.00000
100	0.00738
101	0.00738
102	0.00738
103	0.00000
104	0.00000
105	0.00000
106	0.00000
107	0.00000
108	0.00000
109	0.00000
110	0.00000
111	0.00812
112	0.00812
113	0.01239
114	0.01239
115	0.00000
116	0.00000
117	0.00000
118	0.00000
119	0.00000
120	0.00000
121	0.00000
122	0.00000
123	0.00000
124	0.00000
125	0.00000
126	0.00000
127	0.00000
128	0.00000
129	0.00000
130	0.00000
131	0.00000
132	0.00000
133	0.00000
134	0.00000
135	0.00000
136	0.00000
137	0.00000
138	0.00000
139	0.00000
140	0.00000
141	0.00000
142	0.00000
143	0.00000
144	0.00000
145	0.00000
146	0.00000
147	0.00000
148	0.00000
149	0.00000
150	0.00000
151	0.00000
152	0.00000
153	0.00000
154	0.00000
155	0.00000
156	0.00000
157	0.00000
158	0.00000
159	0.00000
160	0.00000
161	0.00000
162	0.00000
163	0.00000
164	0.00000
165	0.00000
166	0.00000
167	0.00000
168	0.00000
169	0.00000
170	0.00000
171	0.00000
172	0.00000
173	0.00000
174	0.00000
175	0.00000
176	0.00000
177	0.00000
178	0.00000
179	0.00000
180	0.00000
181	0.00000
182	0.00000
183	0.00000
184	0.00000
185	0.00000
186	0.00000
187	0.00000
188	0.00000
189	0.00000
190	0.00000
191	0.00000
192	0.00000
193	0.00000
194	0.00000
195	0.00000
196	0.00000
197	0.00000
198	0.00000
199	0.00000
