0	0.02000
1	0.02000
2	0.02000
3	0.02000
4	0.02000
5	0.02000
6	0.02000
7	0.02000
8	0.02000
9	0.02000
10	0.02000
11	0.03000
12	0.03000
13	0.03000
14	0.03500
15	0.03500
16	0.04000
17	0.04000
18	0.04500
19	0.05000
20	0.05000
21	0.05500
22	0.05500
23	0.06000
24	0.07000
25	0.08000
26	0.08000
27	0.08500
28	0.09500
29	0.09500
30	0.10000
31	0.10500
32	0.11500
33	0.12000
34	0.13500
35	0.14000
36	0.14000
37	0.15000
38	0.17000
39	0.18000
40	0.18500
41	0.18500
42	0.20000
43	0.21500
44	0.23000
45	0.24000
46	0.24500
47	0.25000
48	0.25500
49	0.26500
50	0.27500
51	0.29000
52	0.29500
53	0.32000
54	0.33500
55	0.33500
56	0.35500
57	0.36500
58	0.36500
59	0.37500
60	0.40000
61	0.41000
62	0.41500
63	0.41500
64	0.42000
65	0.43500
66	0.44500
67	0.45000
68	0.46500
69	0.47000
70	0.48500
71	0.49500
72	0.51500
73	0.52500
74	0.54000
75	0.55000
76	0.56500
77	0.57500
78	0.59500
79	0.59500
80	0.61500
81	0.62500
82	0.64000
83	0.64500
84	0.65000
85	0.66500
86	0.67500
87	0.69000
88	0.70000
89	0.70500
90	0.72000
91	0.72000
92	0.72500
93	0.74000
94	0.74500
95	0.74500
96	0.75500
97	0.75500
98	0.77000
99	0.77500
100	0.78000
101	0.78000
102	0.78500
103	0.78500
104	0.80000
105	0.80000
106	0.80500
107	0.81500
108	0.83000
109	0.84500
110	0.85000
111	0.86000
112	0.86500
113	0.87000
114	0.87000
115	0.88000
116	0.88000
117	0.88500
118	0.89000
119	0.89500
120	0.89500
121	0.90500
122	0.91000
123	0.92000
124	0.92500
125	0.92500
126	0.92500
127	0.92500
128	0.93000
129	0.93500
130	0.94000
131	0.94000
132	0.94000
133	0.94000
134	0.94000
135	0.94000
136	0.94000
137	0.94000
138	0.94500
139	0.94500
140	0.94500
141	0.94500
142	0.94500
143	0.94500
144	0.94500
145	0.95000
146	0.95000
147	0.95000
148	0.95000
149	0.95000
150	0.95000
151	0.95000
152	0.95000
153	0.95000
154	0.95000
155	0.95000
156	0.95000
157	0.95000
158	0.95500
159	0.95500
160	0.95500
161	0.95500
162	0.95500
163	0.95500
164	0.95500
165	0.95500
166	0.95500
167	0.95500
168	0.95500
169	0.95500
170	0.95500
171	0.95500
172	0.95500
173	0.95500
174	0.95500
175	0.95500
176	0.95500
177	0.95500
178	0.95500
179	0.95500
180	0.95500
181	0.95500
182	0.95500
183	0.95500
184	0.95500
185	0.95500
186	0.95500
187	0.95500
188	0.95500
189	0.95500
190	0.95500
191	0.95500
192	0.95500
193	0.95500
194	0.95500
195	0.95500
196	0.95500
197	0.95500
198	0.95500
199	0.95500
