0	0.00000
1	0.00000
2	0.00000
3	0.00000
4	0.00000
5	0.00000
6	0.00000
7	0.00000
8	0.00000
9	0.00000
10	0.00000
11	0.00000
12	0.00000
13	0.04124
14	0.04145
15	0.04145
16	0.07812
17	0.07812
18	0.08639
19	0.07105
20	0.07368
21	0.11905
22	0.11905
23	0.10550
24	0.09857
25	0.10779
26	0.19112
27	0.23042
28	0.20258
29	0.23389
30	0.26574
31	0.25047
32	0.25772
33	0.25019
34	0.24827
35	0.28508
36	0.38818
37	0.39304
38	0.37902
39	0.39878
40	0.48119
41	0.41135
42	0.35479
43	0.26921
44	0.33454
45	0.43545
46	0.42526
47	0.41394
48	0.36717
49	0.34077
50	0.32497
51	0.29848
52	0.31415
53	0.33048
54	0.24331
55	0.37305
56	0.38494
57	0.30202
58	0.35033
59	0.29262
60	0.25223
61	0.22836
62	0.21969
63	0.21563
64	0.18156
65	0.14139
66	0.11406
67	0.16579
68	0.16975
69	0.12197
70	0.13443
71	0.13764
72	0.16884
73	0.19165
74	0.19522
75	0.20004
76	0.17241
77	0.18029
78	0.18956
79	0.15607
80	0.17041
81	0.15655
82	0.16852
83	0.14357
84	0.12942
85	0.11628
86	0.10291
87	0.12357
88	0.12414
89	0.11297
90	0.10452
91	0.08940
92	0.09579
93	0.07941
94	0.07282
95	0.07996
96	0.06809
97	0.05397
98	0.07225
99	0.05549
100	0.07099
101	0.06633
102	0.06117
103	0.04553
104	0.04251
105	0.02897
106	0.06267
107	0.04253
108	0.03994
109	0.04273
110	0.09691
111	0.12336
112	0.12158
113	0.12978
114	0.12859
115	0.11539
116	0.11002
117	0.07896
118	0.05530
119	0.05361
120	0.04660
121	0.04858
122	0.03517
123	0.04234
124	0.02248
125	0.03082
126	0.03082
127	0.02034
128	0.01287
129	0.01386
130	0.00521
131	0.01937
132	0.02111
133	0.02111
134	0.02111
135	0.02111
136	0.02111
137	0.02111
138	0.00758
139	0.00000
140	0.01070
141	0.01070
142	0.01070
143	0.01070
144	0.01070
145	0.01176
146	0.01176
147	0.00000
148	0.00000
149	0.00000
150	0.00000
151	0.00000
152	0.00000
153	0.00000
154	0.00000
155	0.00000
156	0.00000
157	0.00000
158	0.00000
159	0.00000
160	0.00000
161	0.00000
162	0.00000
163	0.00000
164	0.00000
165	0.00000
166	0.00000
167	0.00000
168	0.00000
169	0.00000
170	0.00000
171	0.00000
172	0.00000
173	0.00000
174	0.00000
175	0.00000
176	0.00000
177	0.00000
178	0.00000
179	0.00000
180	0.00000
181	0.00000
182	0.00000
183	0.00000
184	0.00000
185	0.00000
186	0.00000
187	0.00000
188	0.00000
189	0.00000
190	0.00000
191	0.00000
192	0.00000
193	0.00000
194	0.00000
195	0.00000
196	0.00000
197	0.00000
198	0.00000
199	0.00000
