0	0	0	0	0	0	
1	51	0	0	0	0	
2	51	0	0	0	0	
3	51	0	0	0	0	
4	51	0	0	0	0	
5	51	0	0	0	0	
6	51	0	0	0	0	
7	51	0	0	0	0	
8	51	0	0	0	0	
9	51	0	0	0	0	
10	51	0	0	0	0	
11	49	0	0	0	0	
12	49	0	0	0	0	
13	49	0	0	0	0	
14	48	0	0	0	0	
15	48	0	0	0	0	
16	48	0	0	0	0	
17	48	0	0	0	0	
18	45	2	0	0	0	
19	45	1	0	0	0	
20	45	1	0	0	0	
21	42	4	0	0	0	
22	42	4	0	0	0	
23	42	4	0	0	0	
24	41	4	0	0	0	
25	38	7	0	0	0	
26	38	7	0	0	0	
27	38	7	0	0	0	
28	37	7	0	0	0	
29	36	8	0	0	0	
30	33	11	0	0	0	
31	33	11	0	0	0	
32	32	11	0	0	0	
33	32	11	0	0	0	
34	30	12	0	0	0	
35	29	12	0	0	0	
36	21	20	0	0	0	
37	21	20	0	0	0	
38	21	20	0	0	0	
39	18	23	0	0	0	
40	18	23	0	0	0	
41	17	24	0	0	0	
42	17	24	0	0	0	
43	17	23	0	0	0	
44	17	23	0	0	0	
45	17	22	0	0	0	
46	17	22	0	0	0	
47	17	21	0	0	0	
48	17	21	0	0	0	
49	17	21	0	0	0	
50	16	21	0	0	0	
51	15	20	0	0	0	
52	14	21	0	0	0	
53	13	21	0	0	0	
54	13	21	0	0	0	
55	13	21	0	0	0	
56	12	21	0	0	0	
57	12	21	0	0	0	
58	12	21	0	0	0	
59	12	20	0	0	0	
60	11	20	0	0	0	
61	10	20	0	0	0	
62	10	20	0	0	0	
63	10	20	0	0	0	
64	10	20	0	0	0	
65	10	19	0	0	0	
66	10	19	0	0	0	
67	10	19	0	0	0	
68	10	19	0	0	0	
69	10	19	0	0	0	
70	9	18	0	0	0	
71	9	18	0	0	0	
72	9	17	0	0	0	
73	9	16	0	0	0	
74	9	16	0	0	0	
75	9	16	0	0	0	
76	9	16	0	0	0	
77	9	16	0	0	0	
78	9	16	0	0	0	
79	9	16	0	0	0	
80	8	16	0	0	0	
81	8	16	0	0	0	
82	6	16	0	0	0	
83	6	16	0	0	0	
84	6	15	0	0	0	
85	6	15	0	0	0	
86	6	15	0	0	0	
87	6	15	0	0	0	
88	6	15	0	0	0	
89	6	15	0	0	0	
90	6	14	0	0	0	
91	6	14	0	0	0	
92	6	14	0	0	0	
93	4	14	0	0	0	
94	4	14	0	0	0	
95	4	14	0	0	0	
96	4	13	0	0	0	
97	4	13	0	0	0	
98	4	13	0	0	0	
99	4	12	0	0	0	
100	4	12	0	0	0	
101	4	12	0	0	0	
102	4	12	0	0	0	
103	4	12	0	0	0	
104	4	12	0	0	0	
105	4	12	0	0	0	
106	4	12	0	0	0	
107	4	11	0	0	0	
108	4	11	0	0	0	
109	4	10	0	0	0	
110	4	10	0	0	0	
111	3	10	0	0	0	
112	3	10	0	0	0	
113	3	10	0	0	0	
114	3	10	0	0	0	
115	3	9	0	0	0	
116	3	9	0	0	0	
117	3	8	0	0	0	
118	3	8	0	0	0	
119	3	8	0	0	0	
120	3	8	0	0	0	
121	2	8	0	0	0	
122	2	8	0	0	0	
123	0	8	0	0	0	
124	0	7	0	0	0	
125	0	7	0	0	0	
126	0	7	0	0	0	
127	0	7	0	0	0	
128	0	7	0	0	0	
129	0	7	0	0	0	
130	0	7	0	0	0	
131	0	7	0	0	0	
132	0	7	0	0	0	
133	0	7	0	0	0	
134	0	7	0	0	0	
135	0	7	0	0	0	
136	0	7	0	0	0	
137	0	7	0	0	0	
138	0	7	0	0	0	
139	0	7	0	0	0	
140	0	7	0	0	0	
141	0	7	0	0	0	
142	0	7	0	0	0	
143	0	7	0	0	0	
144	0	7	0	0	0	
145	0	7	0	0	0	
146	0	7	0	0	0	
147	0	7	0	0	0	
148	0	7	0	0	0	
149	0	7	0	0	0	
150	0	7	0	0	0	
151	0	7	0	0	0	
152	0	7	0	0	0	
153	0	7	0	0	0	
154	0	7	0	0	0	
155	0	7	0	0	0	
156	0	7	0	0	0	
157	0	7	0	0	0	
158	0	7	0	0	0	
159	0	7	0	0	0	
160	0	7	0	0	0	
161	0	7	0	0	0	
162	0	7	0	0	0	
163	0	7	0	0	0	
164	0	7	0	0	0	
165	0	7	0	0	0	
166	0	7	0	0	0	
167	0	7	0	0	0	
168	0	7	0	0	0	
169	0	7	0	0	0	
170	0	7	0	0	0	
171	0	7	0	0	0	
172	0	7	0	0	0	
173	0	7	0	0	0	
174	0	7	0	0	0	
175	0	7	0	0	0	
176	0	7	0	0	0	
177	0	7	0	0	0	
178	0	7	0	0	0	
179	0	7	0	0	0	
180	0	7	0	0	0	
181	0	7	0	0	0	
182	0	7	0	0	0	
183	0	7	0	0	0	
184	0	7	0	0	0	
185	0	7	0	0	0	
186	0	7	0	0	0	
187	0	7	0	0	0	
188	0	7	0	0	0	
189	0	7	0	0	0	
190	0	7	0	0	0	
191	0	7	0	0	0	
192	0	7	0	0	0	
193	0	7	0	0	0	
194	0	7	0	0	0	
195	0	7	0	0	0	
196	0	7	0	0	0	
197	0	7	0	0	0	
198	0	7	0	0	0	
199	0	7	0	0	0	
