0	0.00000
1	0.00100
2	0.00000
3	0.00150
4	0.00000
5	0.00250
6	0.00100
7	0.00250
8	0.00150
9	0.00200
10	0.00300
11	0.00250
12	0.00100
13	0.00150
14	0.00250
15	0.00200
16	0.00300
17	0.00500
18	0.00350
19	0.00600
20	0.00350
21	0.00450
22	0.00450
23	0.00600
24	0.00750
25	0.00950
26	0.00300
27	0.00700
28	0.00600
29	0.01100
30	0.00450
31	0.00700
32	0.01150
33	0.01050
34	0.01550
35	0.01200
36	0.01450
37	0.01150
38	0.01000
39	0.00850
40	0.01050
41	0.01400
42	0.01050
43	0.01400
44	0.01350
45	0.01150
46	0.01100
47	0.01150
48	0.01100
49	0.01150
50	0.01100
51	0.00900
52	0.01050
53	0.01600
54	0.01150
55	0.01000
56	0.01000
57	0.00850
58	0.00950
59	0.00800
60	0.00650
61	0.00500
62	0.00650
63	0.00550
64	0.00600
65	0.00550
66	0.00250
67	0.00450
68	0.00100
69	0.00200
70	0.00350
71	0.00250
72	0.00200
73	0.00550
74	0.00250
75	0.00250
76	0.00350
77	0.00200
78	0.00100
79	0.00250
80	0.00050
81	0.00200
82	0.00050
83	0.00100
84	0.00150
85	0.00150
86	0.00150
87	0.00050
88	0.00150
89	0.00000
90	0.00050
91	0.00050
92	0.00000
93	0.00000
94	0.00050
95	0.00050
96	0.00000
97	0.00000
98	0.00050
99	0.00000
