0	0	0	0	0	0	
1	1000	0	0	0	0	
2	1000	0	0	0	0	
3	998	0	0	0	0	
4	998	0	0	0	0	
5	0	996	0	0	0	
6	0	0	994	0	0	
7	0	0	0	992	0	
8	0	0	0	0	991	
9	0	0	0	0	991	
10	0	0	0	0	991	
11	0	0	0	0	991	
12	0	0	0	0	991	
13	0	0	0	0	991	
14	0	0	0	0	991	
15	0	0	0	0	990	
16	0	0	0	0	990	
17	0	0	0	0	989	
18	0	0	0	0	989	
19	0	0	0	0	989	
20	0	0	0	0	989	
21	0	0	0	0	989	
22	0	0	0	0	987	
23	0	0	0	0	986	
24	0	0	0	0	986	
25	0	0	0	0	986	
26	0	0	0	0	986	
27	0	0	0	0	984	
28	0	0	0	0	984	
29	0	0	0	0	982	
30	0	0	0	0	981	
31	0	0	0	0	980	
32	0	0	0	0	978	
33	0	0	0	0	975	
34	0	0	0	0	973	
35	0	0	0	0	972	
36	0	0	0	0	972	
37	0	0	0	0	970	
38	0	0	0	0	970	
39	0	0	0	0	967	
40	0	0	0	0	966	
41	0	0	0	0	966	
42	0	0	0	0	965	
43	0	0	0	0	964	
44	0	0	0	0	964	
45	0	0	0	0	963	
46	0	0	0	0	963	
47	0	0	0	0	962	
48	0	0	0	0	961	
49	0	0	0	0	959	
50	0	0	0	0	959	
51	0	0	0	0	959	
52	0	0	0	0	958	
53	0	0	0	0	953	
54	0	0	0	0	953	
55	0	0	0	0	953	
56	0	0	0	0	951	
57	0	0	0	0	951	
58	0	0	0	0	951	
59	0	0	0	0	951	
60	0	0	0	0	951	
61	0	0	0	0	951	
62	0	0	0	0	950	
63	0	0	0	0	950	
64	0	0	0	0	950	
65	0	0	0	0	950	
66	0	0	0	0	949	
67	0	0	0	0	949	
68	0	0	0	0	949	
69	0	0	0	0	949	
70	0	0	0	0	949	
71	0	0	0	0	949	
72	0	0	0	0	949	
73	0	0	0	0	949	
74	0	0	0	0	949	
75	0	0	0	0	949	
76	0	0	0	0	949	
77	0	0	0	0	949	
78	0	0	0	0	949	
79	0	0	0	0	949	
80	0	0	0	0	949	
81	0	0	0	0	949	
82	0	0	0	0	949	
83	0	0	0	0	949	
84	0	0	0	0	949	
85	0	0	0	0	949	
86	0	0	0	0	949	
87	0	0	0	0	949	
88	0	0	0	0	949	
89	0	0	0	0	949	
90	0	0	0	0	949	
91	0	0	0	0	949	
92	0	0	0	0	949	
93	0	0	0	0	949	
94	0	0	0	0	949	
95	0	0	0	0	949	
96	0	0	0	0	949	
97	0	0	0	0	949	
98	0	0	0	0	949	
99	0	0	0	0	949	
