0	0.00000
1	0.00000
2	0.00000
3	0.04975
4	0.18098
5	0.46875
6	0.67942
7	1.08752
8	1.27670
9	1.47686
10	1.46530
11	1.34572
12	1.06342
13	0.84930
14	0.63131
15	0.45266
16	0.31930
17	0.22807
18	0.16678
19	0.13007
20	0.10249
21	0.08077
22	0.06757
23	0.05639
24	0.04994
25	0.04201
26	0.03367
27	0.02885
28	0.02454
29	0.02018
30	0.01634
31	0.01152
32	0.00888
33	0.00737
34	0.00535
35	0.00293
36	0.00220
37	0.00137
38	0.00088
39	0.00065
40	0.00041
41	0.00013
42	0.00038
43	0.00087
44	0.00087
45	0.00087
46	0.00087
47	0.00087
48	0.00087
49	0.00050
50	0.00000
51	0.00000
52	0.00000
53	0.00000
54	0.00000
55	0.00000
56	0.00000
57	0.00000
58	0.00000
59	0.00000
60	0.00000
61	0.00000
62	0.00000
63	0.00000
64	0.00000
65	0.00000
66	0.00000
67	0.00000
68	0.00000
69	0.00000
70	0.00000
71	0.00000
72	0.00000
73	0.00000
74	0.00000
75	0.00000
76	0.00000
77	0.00000
78	0.00000
79	0.00000
80	0.00000
81	0.00000
82	0.00000
83	0.00000
84	0.00000
85	0.00000
86	0.00000
87	0.00000
88	0.00000
89	0.00000
90	0.00000
91	0.00000
92	0.00000
93	0.00000
94	0.00000
95	0.00000
96	0.00000
97	0.00000
98	0.00000
99	0.00000
