0	0.00200
1	0.00320
2	0.00420
3	0.00760
4	0.01000
5	0.01440
6	0.02260
7	0.03500
8	0.05180
9	0.07600
10	0.10380
11	0.14880
12	0.20460
13	0.27160
14	0.34880
15	0.44340
16	0.53960
17	0.62880
18	0.70340
19	0.76120
20	0.81080
21	0.84100
22	0.86300
23	0.87680
24	0.88780
25	0.89400
26	0.89840
27	0.90100
28	0.90260
29	0.90340
30	0.90380
31	0.90480
32	0.90500
33	0.90540
34	0.90560
35	0.90560
36	0.90560
37	0.90560
38	0.90560
39	0.90560
40	0.90560
41	0.90560
42	0.90560
43	0.90560
44	0.90560
45	0.90560
46	0.90560
47	0.90560
48	0.90560
49	0.90560
50	0.90560
51	0.90560
52	0.90560
53	0.90560
54	0.90560
55	0.90560
56	0.90560
57	0.90560
58	0.90560
59	0.90560
60	0.90560
61	0.90560
62	0.90560
63	0.90560
64	0.90560
65	0.90560
66	0.90560
67	0.90560
68	0.90560
69	0.90560
70	0.90560
71	0.90560
72	0.90560
73	0.90560
74	0.90560
75	0.90560
76	0.90560
77	0.90560
78	0.90560
79	0.90560
80	0.90560
81	0.90560
82	0.90560
83	0.90560
84	0.90560
85	0.90560
86	0.90560
87	0.90560
88	0.90560
89	0.90560
90	0.90560
91	0.90560
92	0.90560
93	0.90560
94	0.90560
95	0.90560
96	0.90560
97	0.90560
98	0.90560
99	0.90560
