0	0.00000
1	0.00000
2	0.00000
3	0.23077
4	0.40000
5	0.80952
6	0.85185
7	1.11765
8	1.51111
9	1.86885
10	2.12048
11	2.36283
12	2.46000
13	2.73869
14	2.88973
15	2.98240
16	3.01843
17	3.06044
18	3.01488
19	2.88148
20	2.69433
21	2.47580
22	2.27994
23	2.06710
24	1.87859
25	1.70784
26	1.56293
27	1.43332
28	1.32145
29	1.22250
30	1.13583
31	1.05974
32	0.99250
33	0.93499
34	0.88150
35	0.83502
36	0.79256
37	0.75436
38	0.71906
39	0.68703
40	0.65800
41	0.63112
42	0.60624
43	0.58377
44	0.56246
45	0.54276
46	0.52407
47	0.50732
48	0.49095
49	0.47588
50	0.46159
51	0.44850
52	0.43564
53	0.42390
54	0.41235
55	0.40186
56	0.39152
57	0.38217
58	0.37295
59	0.36386
60	0.35569
61	0.34762
62	0.34004
63	0.33255
64	0.32592
65	0.31896
66	0.31246
67	0.30641
68	0.30040
69	0.29482
70	0.28929
71	0.28381
72	0.27873
73	0.27406
74	0.26906
75	0.26445
76	0.26023
77	0.25568
78	0.25152
79	0.24773
80	0.24361
81	0.23987
82	0.23615
83	0.23278
84	0.22943
85	0.22610
86	0.22279
87	0.21950
88	0.21655
89	0.21362
90	0.21070
91	0.20779
92	0.20490
93	0.20234
94	0.19979
95	0.19725
96	0.19472
97	0.19221
98	0.19001
99	0.18752
