0	0	0	0	0	0	
1	749	0	0	0	0	
2	748	0	0	0	0	
3	746	0	0	0	0	
4	740	0	0	0	0	
5	728	0	0	0	0	
6	704	8	0	0	0	
7	663	19	0	0	0	
8	558	70	4	0	0	
9	337	176	43	2	0	
10	230	135	114	26	2	
11	147	81	90	96	21	
12	115	59	66	75	70	
13	80	44	59	71	72	
14	62	33	51	69	72	
15	51	31	45	68	72	
16	41	28	43	66	71	
17	31	22	41	64	71	
18	27	22	41	64	70	
19	20	21	40	63	70	
20	12	20	40	63	70	
21	8	19	40	62	70	
22	7	19	40	61	70	
23	5	18	40	61	70	
24	3	18	40	61	70	
25	3	18	40	61	70	
26	2	17	40	61	70	
27	2	17	40	61	70	
28	2	17	40	61	70	
29	1	17	40	61	70	
30	1	17	40	61	70	
31	1	17	40	61	70	
32	0	17	40	61	70	
33	0	17	40	61	70	
34	0	17	40	61	70	
35	0	17	40	61	70	
36	0	17	40	61	70	
37	0	17	40	61	70	
38	0	17	40	61	70	
39	0	17	40	61	70	
40	0	17	40	61	70	
41	0	17	40	61	70	
42	0	17	40	61	70	
43	0	17	40	61	70	
44	0	17	40	61	70	
45	0	17	40	61	70	
46	0	17	40	61	70	
47	0	17	40	61	70	
48	0	17	40	61	70	
49	0	17	40	61	70	
50	0	17	40	61	70	
51	0	17	40	61	70	
52	0	17	40	61	70	
53	0	17	40	61	70	
54	0	17	40	61	70	
55	0	17	40	61	70	
56	0	17	40	61	70	
57	0	17	40	61	70	
58	0	17	40	61	70	
59	0	17	40	61	70	
60	0	17	40	61	70	
61	0	17	40	61	70	
62	0	17	40	61	70	
63	0	17	40	61	70	
64	0	17	40	61	70	
65	0	17	40	61	70	
66	0	17	40	61	70	
67	0	17	40	61	70	
68	0	17	40	61	70	
69	0	17	40	61	70	
70	0	17	40	61	70	
71	0	17	40	61	70	
72	0	17	40	61	70	
73	0	17	40	61	70	
74	0	17	40	61	70	
75	0	17	40	61	70	
76	0	17	40	61	70	
77	0	17	40	61	70	
78	0	17	40	61	70	
79	0	17	40	61	70	
80	0	17	40	61	70	
81	0	17	40	61	70	
82	0	17	40	61	70	
83	0	17	40	61	70	
84	0	17	40	61	70	
85	0	17	40	61	70	
86	0	17	40	61	70	
87	0	17	40	61	70	
88	0	17	40	61	70	
89	0	17	40	61	70	
90	0	17	40	61	70	
91	0	17	40	61	70	
92	0	17	40	61	70	
93	0	17	40	61	70	
94	0	17	40	61	70	
95	0	17	40	61	70	
96	0	17	40	61	70	
97	0	17	40	61	70	
98	0	17	40	61	70	
99	0	17	40	61	70	
