0	0.00000
1	0.00100
2	0.00160
3	0.00280
4	0.00500
5	0.00540
6	0.00800
7	0.00920
8	0.01280
9	0.01740
10	0.02700
11	0.03340
12	0.04420
13	0.05040
14	0.06780
15	0.07180
16	0.07860
17	0.06840
18	0.06500
19	0.05900
20	0.04840
21	0.03800
22	0.03200
23	0.02000
24	0.01380
25	0.01140
26	0.00580
27	0.00500
28	0.00300
29	0.00160
30	0.00180
31	0.00060
32	0.00020
33	0.00020
34	0.00020
35	0.00000
36	0.00000
37	0.00000
38	0.00000
39	0.00000
40	0.00000
41	0.00000
42	0.00000
43	0.00000
44	0.00000
45	0.00000
46	0.00000
47	0.00000
48	0.00000
49	0.00000
50	0.00000
51	0.00000
52	0.00000
53	0.00000
54	0.00000
55	0.00000
56	0.00000
57	0.00000
58	0.00000
59	0.00000
60	0.00000
61	0.00000
62	0.00000
63	0.00000
64	0.00000
65	0.00000
66	0.00000
67	0.00000
68	0.00000
69	0.00000
70	0.00000
71	0.00000
72	0.00000
73	0.00000
74	0.00000
75	0.00000
76	0.00000
77	0.00000
78	0.00000
79	0.00000
80	0.00000
81	0.00000
82	0.00000
83	0.00000
84	0.00000
85	0.00000
86	0.00000
87	0.00000
88	0.00000
89	0.00000
90	0.00000
91	0.00000
92	0.00000
93	0.00000
94	0.00000
95	0.00000
96	0.00000
97	0.00000
98	0.00000
99	0.00000
