0	0.00200
1	0.00300
2	0.00460
3	0.00740
4	0.01240
5	0.01780
6	0.02580
7	0.03500
8	0.04780
9	0.06520
10	0.09220
11	0.12560
12	0.16980
13	0.22020
14	0.28800
15	0.35980
16	0.43840
17	0.50680
18	0.57180
19	0.63080
20	0.67920
21	0.71720
22	0.74920
23	0.76920
24	0.78300
25	0.79440
26	0.80020
27	0.80520
28	0.80820
29	0.80980
30	0.81160
31	0.81220
32	0.81240
33	0.81260
34	0.81280
35	0.81280
36	0.81280
37	0.81280
38	0.81280
39	0.81280
40	0.81280
41	0.81280
42	0.81280
43	0.81280
44	0.81280
45	0.81280
46	0.81280
47	0.81280
48	0.81280
49	0.81280
50	0.81280
51	0.81280
52	0.81280
53	0.81280
54	0.81280
55	0.81280
56	0.81280
57	0.81280
58	0.81280
59	0.81280
60	0.81280
61	0.81280
62	0.81280
63	0.81280
64	0.81280
65	0.81280
66	0.81280
67	0.81280
68	0.81280
69	0.81280
70	0.81280
71	0.81280
72	0.81280
73	0.81280
74	0.81280
75	0.81280
76	0.81280
77	0.81280
78	0.81280
79	0.81280
80	0.81280
81	0.81280
82	0.81280
83	0.81280
84	0.81280
85	0.81280
86	0.81280
87	0.81280
88	0.81280
89	0.81280
90	0.81280
91	0.81280
92	0.81280
93	0.81280
94	0.81280
95	0.81280
96	0.81280
97	0.81280
98	0.81280
99	0.81280
