0	0.00000
1	0.00000
2	0.00000
3	0.25000
4	0.43750
5	0.76190
6	1.13793
7	1.28205
8	1.48077
9	1.61194
10	1.77907
11	1.96364
12	2.24648
13	2.45055
14	2.62821
15	2.71959
16	2.87097
17	2.90239
18	2.89343
19	2.77083
20	2.63278
21	2.48124
22	2.31641
23	2.14286
24	1.98724
25	1.82379
26	1.67418
27	1.54615
28	1.42338
29	1.31912
30	1.22645
31	1.14233
32	1.07147
33	1.00543
34	0.94633
35	0.89417
36	0.84727
37	0.80462
38	0.76696
39	0.73157
40	0.69971
41	0.67037
42	0.64401
43	0.61912
44	0.59623
45	0.57458
46	0.55471
47	0.53648
48	0.51868
49	0.50240
50	0.48755
51	0.47300
52	0.45977
53	0.44678
54	0.43452
55	0.42297
56	0.41258
57	0.40186
58	0.39226
59	0.38278
60	0.37390
61	0.36559
62	0.35738
63	0.34972
64	0.34214
65	0.33509
66	0.32810
67	0.32163
68	0.31521
69	0.30928
70	0.30340
71	0.29757
72	0.29221
73	0.28689
74	0.28202
75	0.27718
76	0.27239
77	0.26802
78	0.26368
79	0.25937
80	0.25510
81	0.25123
82	0.24739
83	0.24357
84	0.23978
85	0.23639
86	0.23301
87	0.22965
88	0.22631
89	0.22336
90	0.22005
91	0.21713
92	0.21422
93	0.21169
94	0.20880
95	0.20593
96	0.20344
97	0.20095
98	0.19847
99	0.19600
