0	0.00000
1	0.00000
2	0.00000
3	0.01025
4	0.02187
5	0.03304
6	0.09191
7	0.25721
8	0.56735
9	0.90653
10	1.17817
11	1.32339
12	1.35619
13	1.32751
14	1.17355
15	1.03244
16	0.84183
17	0.63543
18	0.46879
19	0.35606
20	0.27134
21	0.20714
22	0.15914
23	0.12078
24	0.09578
25	0.07686
26	0.06301
27	0.05145
28	0.04138
29	0.03485
30	0.02992
31	0.02547
32	0.02136
33	0.01812
34	0.01599
35	0.01306
36	0.01006
37	0.00784
38	0.00561
39	0.00448
40	0.00211
41	0.00106
42	0.00103
43	0.00074
44	0.00074
45	0.00032
46	0.00000
47	0.00095
48	0.00095
49	0.00095
50	0.00095
51	0.00095
52	0.00095
53	0.00095
54	0.00000
55	0.00000
56	0.00000
57	0.00000
58	0.00035
59	0.00035
60	0.00035
61	0.00035
62	0.00035
63	0.00035
64	0.00035
65	0.00000
66	0.00000
67	0.00000
68	0.00000
69	0.00000
70	0.00000
71	0.00000
72	0.00000
73	0.00000
74	0.00000
75	0.00000
76	0.00000
77	0.00000
78	0.00000
79	0.00000
80	0.00000
81	0.00000
82	0.00000
83	0.00000
84	0.00000
85	0.00000
86	0.00000
87	0.00000
88	0.00000
89	0.00000
90	0.00000
91	0.00000
92	0.00000
93	0.00000
94	0.00000
95	0.00000
96	0.00000
97	0.00000
98	0.00000
99	0.00000
