0	0	0	0	0	0	
1	741	0	0	0	0	
2	721	0	0	0	0	
3	624	30	0	0	0	
4	37	452	25	0	0	
5	22	116	174	16	0	
6	8	56	119	14	0	
7	2	36	97	14	0	
8	0	31	97	14	0	
9	0	31	97	14	0	
10	0	31	97	14	0	
11	0	31	97	14	0	
12	0	31	97	14	0	
13	0	31	97	14	0	
14	0	31	97	14	0	
15	0	31	97	14	0	
16	0	31	97	14	0	
17	0	31	97	14	0	
18	0	31	97	14	0	
19	0	31	97	14	0	
20	0	31	97	14	0	
21	0	31	97	14	0	
22	0	31	97	14	0	
23	0	31	97	14	0	
24	0	31	97	14	0	
25	0	31	97	14	0	
26	0	31	97	14	0	
27	0	31	97	14	0	
28	0	31	97	14	0	
29	0	31	97	14	0	
30	0	31	97	14	0	
31	0	31	97	14	0	
32	0	31	97	14	0	
33	0	31	97	14	0	
34	0	31	97	14	0	
35	0	31	97	14	0	
36	0	31	97	14	0	
37	0	31	97	14	0	
38	0	31	97	14	0	
39	0	31	97	14	0	
40	0	31	97	14	0	
41	0	31	97	14	0	
42	0	31	97	14	0	
43	0	31	97	14	0	
44	0	31	97	14	0	
45	0	31	97	14	0	
46	0	31	97	14	0	
47	0	31	97	14	0	
48	0	31	97	14	0	
49	0	31	97	14	0	
50	0	31	97	14	0	
51	0	31	97	14	0	
52	0	31	97	14	0	
53	0	31	97	14	0	
54	0	31	97	14	0	
55	0	31	97	14	0	
56	0	31	97	14	0	
57	0	31	97	14	0	
58	0	31	97	14	0	
59	0	31	97	14	0	
60	0	31	97	14	0	
61	0	31	97	14	0	
62	0	31	97	14	0	
63	0	31	97	14	0	
64	0	31	97	14	0	
65	0	31	97	14	0	
66	0	31	97	14	0	
67	0	31	97	14	0	
68	0	31	97	14	0	
69	0	31	97	14	0	
70	0	31	97	14	0	
71	0	31	97	14	0	
72	0	31	97	14	0	
73	0	31	97	14	0	
74	0	31	97	14	0	
75	0	31	97	14	0	
76	0	31	97	14	0	
77	0	31	97	14	0	
78	0	31	97	14	0	
79	0	31	97	14	0	
80	0	31	97	14	0	
81	0	31	97	14	0	
82	0	31	97	14	0	
83	0	31	97	14	0	
84	0	31	97	14	0	
85	0	31	97	14	0	
86	0	31	97	14	0	
87	0	31	97	14	0	
88	0	31	97	14	0	
89	0	31	97	14	0	
90	0	31	97	14	0	
91	0	31	97	14	0	
92	0	31	97	14	0	
93	0	31	97	14	0	
94	0	31	97	14	0	
95	0	31	97	14	0	
96	0	31	97	14	0	
97	0	31	97	14	0	
98	0	31	97	14	0	
99	0	31	97	14	0	
100	0	31	97	14	0	
101	0	31	97	14	0	
102	0	31	97	14	0	
103	0	31	97	14	0	
104	0	31	97	14	0	
105	0	31	97	14	0	
106	0	31	97	14	0	
107	0	31	97	14	0	
108	0	31	97	14	0	
109	0	31	97	14	0	
110	0	31	97	14	0	
111	0	31	97	14	0	
112	0	31	97	14	0	
113	0	31	97	14	0	
114	0	31	97	14	0	
115	0	31	97	14	0	
116	0	31	97	14	0	
117	0	31	97	14	0	
118	0	31	97	14	0	
119	0	31	97	14	0	
120	0	31	97	14	0	
121	0	31	97	14	0	
122	0	31	97	14	0	
123	0	31	97	14	0	
124	0	31	97	14	0	
125	0	31	97	14	0	
126	0	31	97	14	0	
127	0	31	97	14	0	
128	0	31	97	14	0	
129	0	31	97	14	0	
130	0	31	97	14	0	
131	0	31	97	14	0	
132	0	31	97	14	0	
133	0	31	97	14	0	
134	0	31	97	14	0	
135	0	31	97	14	0	
136	0	31	97	14	0	
137	0	31	97	14	0	
138	0	31	97	14	0	
139	0	31	97	14	0	
140	0	31	97	14	0	
141	0	31	97	14	0	
142	0	31	97	14	0	
143	0	31	97	14	0	
144	0	31	97	14	0	
145	0	31	97	14	0	
146	0	31	97	14	0	
147	0	31	97	14	0	
148	0	31	97	14	0	
149	0	31	97	14	0	
