0	0.00000
1	0.00000
2	0.00000
3	0.00192
4	0.12331
5	0.46477
6	0.76780
7	1.20108
8	1.23830
9	1.32596
10	1.35786
11	1.34149
12	1.23662
13	1.08207
14	0.88723
15	0.69742
16	0.55171
17	0.43447
18	0.33440
19	0.25287
20	0.20402
21	0.15861
22	0.12586
23	0.09811
24	0.07530
25	0.05919
26	0.04984
27	0.04404
28	0.03851
29	0.03295
30	0.02646
31	0.02434
32	0.02125
33	0.01749
34	0.01350
35	0.00972
36	0.00620
37	0.00612
38	0.00481
39	0.00409
40	0.00284
41	0.00094
42	0.00158
43	0.00201
44	0.00087
45	0.00097
46	0.00047
47	0.00039
48	0.00039
49	0.00008
50	0.00000
51	0.00000
52	0.00000
53	0.00000
54	0.00000
55	0.00000
56	0.00000
57	0.00000
58	0.00000
59	0.00000
60	0.00000
61	0.00000
62	0.00000
63	0.00000
64	0.00000
65	0.00000
66	0.00000
67	0.00000
68	0.00000
69	0.00000
70	0.00000
71	0.00000
72	0.00000
73	0.00000
74	0.00000
75	0.00000
76	0.00000
77	0.00000
78	0.00000
79	0.00000
80	0.00000
81	0.00000
82	0.00000
83	0.00000
84	0.00000
85	0.00000
86	0.00000
87	0.00000
88	0.00000
89	0.00000
90	0.00000
91	0.00000
92	0.00000
93	0.00000
94	0.00000
95	0.00000
96	0.00000
97	0.00000
98	0.00000
99	0.00000
