0	0.00000
1	0.00000
2	0.00000
3	0.02125
4	0.09401
5	0.22034
6	0.40643
7	0.84777
8	1.03215
9	1.21313
10	1.29222
11	1.33305
12	1.24865
13	1.11053
14	0.92557
15	0.73037
16	0.57523
17	0.45073
18	0.34631
19	0.26418
20	0.21177
21	0.16501
22	0.13244
23	0.10344
24	0.07868
25	0.06181
26	0.05099
27	0.04373
28	0.03693
29	0.02926
30	0.02286
31	0.02044
32	0.01781
33	0.01440
34	0.01169
35	0.00929
36	0.00727
37	0.00683
38	0.00554
39	0.00510
40	0.00464
41	0.00283
42	0.00333
43	0.00304
44	0.00211
45	0.00232
46	0.00188
47	0.00186
48	0.00186
49	0.00088
50	0.00052
51	0.00052
52	0.00000
53	0.00000
54	0.00000
55	0.00000
56	0.00000
57	0.00000
58	0.00000
59	0.00000
60	0.00000
61	0.00000
62	0.00000
63	0.00000
64	0.00000
65	0.00000
66	0.00000
67	0.00000
68	0.00000
69	0.00000
70	0.00000
71	0.00000
72	0.00000
73	0.00000
74	0.00000
75	0.00006
76	0.00006
77	0.00006
78	0.00006
79	0.00006
80	0.00006
81	0.00006
82	0.00000
83	0.00000
84	0.00000
85	0.00000
86	0.00000
87	0.00000
88	0.00000
89	0.00000
90	0.00000
91	0.00000
92	0.00000
93	0.00000
94	0.00000
95	0.00000
96	0.00000
97	0.00000
98	0.00000
99	0.00000
