0	0.00500
1	0.01150
2	0.03500
3	0.09300
4	0.23150
5	0.44100
6	0.63950
7	0.75500
8	0.78450
9	0.79650
10	0.79750
11	0.79750
12	0.79750
13	0.79750
14	0.79750
15	0.79750
16	0.79750
17	0.79750
18	0.79750
19	0.79750
20	0.79750
21	0.79750
22	0.79750
23	0.79750
24	0.79750
25	0.79750
26	0.79750
27	0.79750
28	0.79750
29	0.79750
30	0.79750
31	0.79750
32	0.79750
33	0.79750
34	0.79750
35	0.79750
36	0.79750
37	0.79750
38	0.79750
39	0.79750
40	0.79750
41	0.79750
42	0.79750
43	0.79750
44	0.79750
45	0.79750
46	0.79750
47	0.79750
48	0.79750
49	0.79750
50	0.79750
51	0.79750
52	0.79750
53	0.79750
54	0.79750
55	0.79750
56	0.79750
57	0.79750
58	0.79750
59	0.79750
60	0.79750
61	0.79750
62	0.79750
63	0.79750
64	0.79750
65	0.79750
66	0.79750
67	0.79750
68	0.79750
69	0.79750
70	0.79750
71	0.79750
72	0.79750
73	0.79750
74	0.79750
75	0.79750
76	0.79750
77	0.79750
78	0.79750
79	0.79750
80	0.79750
81	0.79750
82	0.79750
83	0.79750
84	0.79750
85	0.79750
86	0.79750
87	0.79750
88	0.79750
89	0.79750
90	0.79750
91	0.79750
92	0.79750
93	0.79750
94	0.79750
95	0.79750
96	0.79750
97	0.79750
98	0.79750
99	0.79750
