0	0.00000
1	0.00000
2	0.00000
3	0.64047
4	0.76079
5	1.07097
6	0.99171
7	1.45879
8	1.59111
9	1.80167
10	1.90036
11	1.93677
12	2.03320
13	2.07218
14	2.02390
15	1.90114
16	1.73169
17	1.59491
18	1.43092
19	1.32635
20	1.21282
21	1.10175
22	1.01471
23	0.93823
24	0.85780
25	0.79444
26	0.74443
27	0.69559
28	0.65209
29	0.61743
30	0.58495
31	0.55405
32	0.52856
33	0.50250
34	0.47772
35	0.45792
36	0.43854
37	0.42334
38	0.40682
39	0.39014
40	0.37703
41	0.36365
42	0.35215
43	0.34074
44	0.32990
45	0.32013
46	0.30856
47	0.30190
48	0.29212
49	0.28459
50	0.27751
51	0.27566
52	0.26897
53	0.26329
54	0.25686
55	0.25105
56	0.24623
57	0.23959
58	0.23558
59	0.23000
60	0.22483
61	0.22139
62	0.21605
63	0.21261
64	0.20808
65	0.20490
66	0.20039
67	0.19690
68	0.19335
69	0.19008
70	0.18681
71	0.18337
72	0.18122
73	0.17817
74	0.17558
75	0.17322
76	0.16956
77	0.16727
78	0.16543
79	0.16287
80	0.15969
81	0.15859
82	0.15684
83	0.15482
84	0.15043
85	0.14896
86	0.14735
87	0.14621
88	0.14373
89	0.14223
90	0.14006
91	0.13832
92	0.13713
93	0.13566
94	0.13422
95	0.13240
96	0.13057
97	0.12901
98	0.12679
99	0.12519
100	0.12459
101	0.12403
102	0.12258
103	0.12150
104	0.11999
105	0.11866
106	0.11694
107	0.11575
108	0.11497
109	0.11370
110	0.11323
111	0.11226
112	0.11077
113	0.10873
114	0.10790
115	0.10739
116	0.10703
117	0.10572
118	0.10461
119	0.10292
120	0.10168
121	0.10122
122	0.10062
123	0.10039
124	0.09982
125	0.09968
126	0.09860
127	0.09767
128	0.09682
129	0.09744
130	0.09600
131	0.09468
132	0.09375
133	0.09352
134	0.09266
135	0.09116
136	0.09069
137	0.09008
138	0.08972
139	0.08933
140	0.08933
141	0.08886
142	0.08828
143	0.08802
144	0.08774
145	0.08710
146	0.08541
147	0.08445
148	0.08399
149	0.08399
150	0.08327
151	0.08241
152	0.08199
153	0.08127
154	0.08101
155	0.08080
156	0.08022
157	0.07954
158	0.07869
159	0.07824
160	0.07802
161	0.07771
162	0.07638
163	0.07596
164	0.07596
165	0.07533
166	0.07417
167	0.07357
168	0.07343
169	0.07281
170	0.07260
171	0.07212
172	0.07161
173	0.07161
174	0.07161
175	0.07082
176	0.07022
177	0.06995
178	0.06952
179	0.06888
180	0.06866
181	0.06857
182	0.06787
183	0.06787
184	0.06754
185	0.06717
186	0.06699
187	0.06682
188	0.06614
189	0.06562
190	0.06539
191	0.06507
192	0.06484
193	0.06461
194	0.06384
195	0.06348
196	0.06323
197	0.06281
198	0.06281
199	0.06268
