0	0.01000
1	0.01400
2	0.02000
3	0.03200
4	0.04200
5	0.07200
6	0.10600
7	0.15500
8	0.21200
9	0.28500
10	0.37500
11	0.47600
12	0.56300
13	0.63900
14	0.70800
15	0.76400
16	0.80500
17	0.84800
18	0.87600
19	0.89300
20	0.90400
21	0.91400
22	0.91600
23	0.92100
24	0.92500
25	0.92800
26	0.92900
27	0.93100
28	0.93400
29	0.93400
30	0.93500
31	0.93500
32	0.93500
33	0.93600
34	0.93700
35	0.93700
36	0.93700
37	0.93700
38	0.93800
39	0.93800
40	0.93800
41	0.93900
42	0.93900
43	0.93900
44	0.93900
45	0.93900
46	0.93900
47	0.93900
48	0.93900
49	0.93900
50	0.93900
51	0.94100
52	0.94200
53	0.94200
54	0.94200
55	0.94200
56	0.94200
57	0.94200
58	0.94200
59	0.94200
60	0.94200
61	0.94200
62	0.94200
63	0.94200
64	0.94200
65	0.94200
66	0.94200
67	0.94200
68	0.94200
69	0.94200
70	0.94200
71	0.94200
72	0.94300
73	0.94300
74	0.94300
75	0.94300
76	0.94300
77	0.94300
78	0.94300
79	0.94300
80	0.94300
81	0.94300
82	0.94300
83	0.94300
84	0.94300
85	0.94300
86	0.94300
87	0.94300
88	0.94300
89	0.94300
90	0.94300
91	0.94300
92	0.94300
93	0.94300
94	0.94300
95	0.94300
96	0.94300
97	0.94300
98	0.94300
99	0.94300
100	0.94300
101	0.94300
102	0.94300
103	0.94300
104	0.94300
105	0.94300
106	0.94300
107	0.94300
108	0.94300
109	0.94300
110	0.94300
111	0.94300
112	0.94300
113	0.94300
114	0.94300
115	0.94300
116	0.94300
117	0.94300
118	0.94300
119	0.94300
120	0.94300
121	0.94300
122	0.94300
123	0.94300
124	0.94300
125	0.94300
126	0.94300
127	0.94300
128	0.94400
129	0.94500
130	0.94500
131	0.94500
132	0.94500
133	0.94500
134	0.94500
135	0.94500
136	0.94500
137	0.94500
138	0.94500
139	0.94500
140	0.94500
141	0.94500
142	0.94500
143	0.94600
144	0.94600
145	0.94600
146	0.94600
147	0.94600
148	0.94600
149	0.94600
150	0.94600
151	0.94600
152	0.94600
153	0.94600
154	0.94600
155	0.94600
156	0.94600
157	0.94600
158	0.94600
159	0.94600
160	0.94600
161	0.94600
162	0.94600
163	0.94600
164	0.94600
165	0.94600
166	0.94600
167	0.94600
168	0.94600
169	0.94600
170	0.94600
171	0.94600
172	0.94600
173	0.94600
174	0.94600
175	0.94600
176	0.94600
177	0.94600
178	0.94600
179	0.94600
180	0.94600
181	0.94600
182	0.94600
183	0.94600
184	0.94600
185	0.94600
186	0.94600
187	0.94600
188	0.94600
189	0.94600
190	0.94600
191	0.94600
192	0.94600
193	0.94600
194	0.94600
195	0.94600
196	0.94600
197	0.94600
198	0.94600
199	0.94600
