0	0.00500
1	0.01250
2	0.03700
3	0.09000
4	0.21300
5	0.43700
6	0.69650
7	0.83850
8	0.89050
9	0.90350
10	0.90550
11	0.90750
12	0.90800
13	0.90850
14	0.90900
15	0.90900
16	0.90900
17	0.90900
18	0.90900
19	0.90900
20	0.90900
21	0.90900
22	0.90900
23	0.90900
24	0.90900
25	0.90900
26	0.90900
27	0.90900
28	0.90900
29	0.90900
30	0.90900
31	0.90900
32	0.90900
33	0.90900
34	0.90900
35	0.90900
36	0.90900
37	0.90900
38	0.90900
39	0.90900
40	0.90900
41	0.90900
42	0.90900
43	0.90900
44	0.90900
45	0.90900
46	0.90900
47	0.90900
48	0.90900
49	0.90900
50	0.90900
51	0.90900
52	0.90900
53	0.90900
54	0.90900
55	0.90900
56	0.90900
57	0.90900
58	0.90900
59	0.90900
60	0.90900
61	0.90900
62	0.90900
63	0.90900
64	0.90900
65	0.90900
66	0.90900
67	0.90900
68	0.90900
69	0.90900
70	0.90900
71	0.90900
72	0.90900
73	0.90900
74	0.90900
75	0.90900
76	0.90900
77	0.90900
78	0.90900
79	0.90900
80	0.90900
81	0.90900
82	0.90900
83	0.90900
84	0.90900
85	0.90900
86	0.90900
87	0.90900
88	0.90900
89	0.90900
90	0.90900
91	0.90900
92	0.90900
93	0.90900
94	0.90900
95	0.90900
96	0.90900
97	0.90900
98	0.90900
99	0.90900
100	0.90900
101	0.90900
102	0.90900
103	0.90900
104	0.90900
105	0.90900
106	0.90900
107	0.90900
108	0.90900
109	0.90900
110	0.90900
111	0.90900
112	0.90900
113	0.90900
114	0.90900
115	0.90900
116	0.90900
117	0.90900
118	0.90900
119	0.90900
120	0.90900
121	0.90900
122	0.90900
123	0.90900
124	0.90900
125	0.90900
126	0.90900
127	0.90900
128	0.90900
129	0.90900
130	0.90900
131	0.90900
132	0.90900
133	0.90900
134	0.90900
135	0.90900
136	0.90900
137	0.90900
138	0.90900
139	0.90900
140	0.90900
141	0.90900
142	0.90900
143	0.90900
144	0.90900
145	0.90900
146	0.90900
147	0.90900
148	0.90900
149	0.90900
150	0.90900
