0	0.00500
1	0.01800
2	0.05900
3	0.16500
4	0.36800
5	0.61700
6	0.76250
7	0.81000
8	0.82100
9	0.82350
10	0.82450
11	0.82500
12	0.82500
13	0.82500
14	0.82500
15	0.82500
16	0.82500
17	0.82500
18	0.82500
19	0.82500
20	0.82500
21	0.82500
22	0.82500
23	0.82500
24	0.82500
25	0.82500
26	0.82500
27	0.82500
28	0.82500
29	0.82500
30	0.82500
31	0.82500
32	0.82500
33	0.82500
34	0.82500
35	0.82500
36	0.82500
37	0.82500
38	0.82500
39	0.82500
40	0.82500
41	0.82500
42	0.82500
43	0.82500
44	0.82500
45	0.82500
46	0.82500
47	0.82500
48	0.82500
49	0.82500
50	0.82500
51	0.82500
52	0.82500
53	0.82500
54	0.82500
55	0.82500
56	0.82500
57	0.82500
58	0.82500
59	0.82500
60	0.82500
61	0.82500
62	0.82500
63	0.82500
64	0.82500
65	0.82500
66	0.82500
67	0.82500
68	0.82500
69	0.82500
70	0.82500
71	0.82500
72	0.82500
73	0.82500
74	0.82500
75	0.82500
76	0.82500
77	0.82500
78	0.82500
79	0.82500
80	0.82500
81	0.82500
82	0.82500
83	0.82500
84	0.82500
85	0.82500
86	0.82500
87	0.82500
88	0.82500
89	0.82500
90	0.82500
91	0.82500
92	0.82500
93	0.82500
94	0.82500
95	0.82500
96	0.82500
97	0.82500
98	0.82500
99	0.82500
100	0.82500
101	0.82500
102	0.82500
103	0.82500
104	0.82500
105	0.82500
106	0.82500
107	0.82500
108	0.82500
109	0.82500
110	0.82500
111	0.82500
112	0.82500
113	0.82500
114	0.82500
115	0.82500
116	0.82500
117	0.82500
118	0.82500
119	0.82500
120	0.82500
121	0.82500
122	0.82500
123	0.82500
124	0.82500
125	0.82500
126	0.82500
127	0.82500
128	0.82500
129	0.82500
130	0.82500
131	0.82500
132	0.82500
133	0.82500
134	0.82500
135	0.82500
136	0.82500
137	0.82500
138	0.82500
139	0.82500
140	0.82500
141	0.82500
142	0.82500
143	0.82500
144	0.82500
145	0.82500
146	0.82500
147	0.82500
148	0.82500
149	0.82500
