0	0	0	0	0	0	
1	741	0	0	0	0	
2	711	0	0	0	0	
3	0	621	0	0	0	
4	0	0	498	0	0	
5	0	0	0	378	0	
6	0	0	0	0	351	
7	0	0	0	0	349	
8	0	0	0	0	349	
9	0	0	0	0	349	
10	0	0	0	0	349	
11	0	0	0	0	349	
12	0	0	0	0	349	
13	0	0	0	0	349	
14	0	0	0	0	349	
15	0	0	0	0	349	
16	0	0	0	0	349	
17	0	0	0	0	349	
18	0	0	0	0	349	
19	0	0	0	0	349	
20	0	0	0	0	349	
21	0	0	0	0	349	
22	0	0	0	0	349	
23	0	0	0	0	349	
24	0	0	0	0	349	
25	0	0	0	0	349	
26	0	0	0	0	349	
27	0	0	0	0	349	
28	0	0	0	0	349	
29	0	0	0	0	349	
30	0	0	0	0	349	
31	0	0	0	0	349	
32	0	0	0	0	349	
33	0	0	0	0	349	
34	0	0	0	0	349	
35	0	0	0	0	349	
36	0	0	0	0	349	
37	0	0	0	0	349	
38	0	0	0	0	349	
39	0	0	0	0	349	
40	0	0	0	0	349	
41	0	0	0	0	349	
42	0	0	0	0	349	
43	0	0	0	0	349	
44	0	0	0	0	349	
45	0	0	0	0	349	
46	0	0	0	0	349	
47	0	0	0	0	349	
48	0	0	0	0	349	
49	0	0	0	0	349	
50	0	0	0	0	349	
51	0	0	0	0	349	
52	0	0	0	0	349	
53	0	0	0	0	349	
54	0	0	0	0	349	
55	0	0	0	0	349	
56	0	0	0	0	349	
57	0	0	0	0	349	
58	0	0	0	0	349	
59	0	0	0	0	349	
60	0	0	0	0	349	
61	0	0	0	0	349	
62	0	0	0	0	349	
63	0	0	0	0	349	
64	0	0	0	0	349	
65	0	0	0	0	349	
66	0	0	0	0	349	
67	0	0	0	0	349	
68	0	0	0	0	349	
69	0	0	0	0	349	
70	0	0	0	0	349	
71	0	0	0	0	349	
72	0	0	0	0	349	
73	0	0	0	0	349	
74	0	0	0	0	349	
75	0	0	0	0	349	
76	0	0	0	0	349	
77	0	0	0	0	349	
78	0	0	0	0	349	
79	0	0	0	0	349	
80	0	0	0	0	349	
81	0	0	0	0	349	
82	0	0	0	0	349	
83	0	0	0	0	349	
84	0	0	0	0	349	
85	0	0	0	0	349	
86	0	0	0	0	349	
87	0	0	0	0	349	
88	0	0	0	0	349	
89	0	0	0	0	349	
90	0	0	0	0	349	
91	0	0	0	0	349	
92	0	0	0	0	349	
93	0	0	0	0	349	
94	0	0	0	0	349	
95	0	0	0	0	349	
96	0	0	0	0	349	
97	0	0	0	0	349	
98	0	0	0	0	349	
99	0	0	0	0	349	
100	0	0	0	0	349	
101	0	0	0	0	349	
102	0	0	0	0	349	
103	0	0	0	0	349	
104	0	0	0	0	349	
105	0	0	0	0	349	
106	0	0	0	0	349	
107	0	0	0	0	349	
108	0	0	0	0	349	
109	0	0	0	0	349	
110	0	0	0	0	349	
111	0	0	0	0	349	
112	0	0	0	0	349	
113	0	0	0	0	349	
114	0	0	0	0	349	
115	0	0	0	0	349	
116	0	0	0	0	349	
117	0	0	0	0	349	
118	0	0	0	0	349	
119	0	0	0	0	349	
120	0	0	0	0	349	
121	0	0	0	0	349	
122	0	0	0	0	349	
123	0	0	0	0	349	
124	0	0	0	0	349	
125	0	0	0	0	349	
126	0	0	0	0	349	
127	0	0	0	0	349	
128	0	0	0	0	349	
129	0	0	0	0	349	
130	0	0	0	0	349	
131	0	0	0	0	349	
132	0	0	0	0	349	
133	0	0	0	0	349	
134	0	0	0	0	349	
135	0	0	0	0	349	
136	0	0	0	0	349	
137	0	0	0	0	349	
138	0	0	0	0	349	
139	0	0	0	0	349	
140	0	0	0	0	349	
141	0	0	0	0	349	
142	0	0	0	0	349	
143	0	0	0	0	349	
144	0	0	0	0	349	
145	0	0	0	0	349	
146	0	0	0	0	349	
147	0	0	0	0	349	
148	0	0	0	0	349	
149	0	0	0	0	349	
