0	0.00500
1	0.01050
2	0.02000
3	0.03350
4	0.05750
5	0.10950
6	0.18400
7	0.27350
8	0.38600
9	0.50600
10	0.61500
11	0.70650
12	0.77550
13	0.83250
14	0.88200
15	0.91400
16	0.93900
17	0.95650
18	0.96850
19	0.97600
20	0.98150
21	0.98600
22	0.98950
23	0.99350
24	0.99450
25	0.99500
26	0.99550
27	0.99600
28	0.99650
29	0.99750
30	0.99750
31	0.99800
32	0.99800
33	0.99800
34	0.99850
35	0.99850
36	0.99850
37	0.99850
38	0.99850
39	0.99850
40	0.99850
41	0.99850
42	0.99850
43	0.99850
44	0.99850
45	0.99850
46	0.99850
47	0.99850
48	0.99850
49	0.99850
50	0.99850
51	0.99850
52	0.99850
53	0.99850
54	0.99850
55	0.99850
56	0.99850
57	0.99850
58	0.99850
59	0.99850
60	0.99850
61	0.99850
62	0.99850
63	0.99850
64	0.99850
65	0.99850
66	0.99850
67	0.99850
68	0.99850
69	0.99850
70	0.99850
71	0.99850
72	0.99850
73	0.99850
74	0.99850
75	0.99850
76	0.99850
77	0.99850
78	0.99850
79	0.99850
80	0.99850
81	0.99850
82	0.99850
83	0.99850
84	0.99850
85	0.99850
86	0.99850
87	0.99850
88	0.99850
89	0.99850
90	0.99850
91	0.99850
92	0.99850
93	0.99850
94	0.99850
95	0.99850
96	0.99850
97	0.99850
98	0.99850
99	0.99850
