0	0.00000
1	0.00050
2	0.00000
3	0.00050
4	0.00050
5	0.00000
6	0.00100
7	0.00150
8	0.00200
9	0.00150
10	0.00050
11	0.00000
12	0.00100
13	0.00200
14	0.00150
15	0.00350
16	0.00200
17	0.00650
18	0.00250
19	0.00450
20	0.00300
21	0.00550
22	0.00300
23	0.00700
24	0.00450
25	0.00700
26	0.00800
27	0.00350
28	0.00650
29	0.00800
30	0.00900
31	0.01150
32	0.00400
33	0.00850
34	0.01400
35	0.01300
36	0.00900
37	0.01300
38	0.01550
39	0.00950
40	0.01300
41	0.01650
42	0.01400
43	0.01800
44	0.01400
45	0.01950
46	0.01800
47	0.02300
48	0.01800
49	0.01350
50	0.01600
51	0.01300
52	0.01450
53	0.01150
54	0.01700
55	0.01950
56	0.01900
57	0.01350
58	0.01550
59	0.01450
60	0.01500
61	0.01700
62	0.02100
63	0.01550
64	0.01500
65	0.01400
66	0.01400
67	0.01700
68	0.01400
69	0.00900
70	0.01150
71	0.01150
72	0.01150
73	0.01350
74	0.00950
75	0.01500
76	0.00850
77	0.01300
78	0.01050
79	0.01050
80	0.00850
81	0.00850
82	0.00950
83	0.00600
84	0.00550
85	0.00800
86	0.00750
87	0.00750
88	0.00250
89	0.00500
90	0.00450
91	0.00800
92	0.00250
93	0.00900
94	0.00500
95	0.00500
96	0.00400
97	0.00200
98	0.00450
99	0.00300
100	0.00400
101	0.00250
102	0.00050
103	0.00550
104	0.00100
105	0.00350
106	0.00150
107	0.00400
108	0.00450
109	0.00300
110	0.00400
111	0.00100
112	0.00400
113	0.00250
114	0.00200
115	0.00250
116	0.00250
117	0.00100
118	0.00150
119	0.00100
120	0.00100
121	0.00350
122	0.00000
123	0.00200
124	0.00000
125	0.00150
126	0.00150
127	0.00050
128	0.00050
129	0.00200
130	0.00150
131	0.00050
132	0.00050
133	0.00200
134	0.00150
135	0.00150
136	0.00150
137	0.00050
138	0.00050
139	0.00100
140	0.00050
141	0.00050
142	0.00050
143	0.00000
144	0.00050
145	0.00100
146	0.00100
147	0.00050
148	0.00000
149	0.00050
150	0.00000
151	0.00000
152	0.00200
153	0.00050
154	0.00000
155	0.00050
156	0.00050
157	0.00000
158	0.00000
159	0.00000
160	0.00000
161	0.00000
162	0.00000
163	0.00000
164	0.00000
165	0.00050
166	0.00150
167	0.00000
168	0.00000
169	0.00050
170	0.00050
171	0.00000
172	0.00100
173	0.00000
174	0.00000
175	0.00000
176	0.00000
177	0.00000
178	0.00050
179	0.00050
