0	0.00500
1	0.00550
2	0.00550
3	0.00600
4	0.00650
5	0.00650
6	0.00750
7	0.00900
8	0.01100
9	0.01250
10	0.01300
11	0.01300
12	0.01400
13	0.01600
14	0.01750
15	0.02100
16	0.02300
17	0.02950
18	0.03200
19	0.03650
20	0.03950
21	0.04500
22	0.04800
23	0.05500
24	0.05950
25	0.06650
26	0.07450
27	0.07800
28	0.08450
29	0.09250
30	0.10150
31	0.11300
32	0.11700
33	0.12550
34	0.13950
35	0.15250
36	0.16150
37	0.17450
38	0.19000
39	0.19950
40	0.21250
41	0.22900
42	0.24300
43	0.26100
44	0.27500
45	0.29450
46	0.31250
47	0.33550
48	0.35350
49	0.36700
50	0.38300
51	0.39600
52	0.41050
53	0.42200
54	0.43900
55	0.45850
56	0.47750
57	0.49100
58	0.50650
59	0.52100
60	0.53600
61	0.55300
62	0.57400
63	0.58950
64	0.60450
65	0.61850
66	0.63250
67	0.64950
68	0.66350
69	0.67250
70	0.68400
71	0.69550
72	0.70700
73	0.72050
74	0.73000
75	0.74500
76	0.75350
77	0.76650
78	0.77700
79	0.78750
80	0.79600
81	0.80450
82	0.81400
83	0.82000
84	0.82550
85	0.83350
86	0.84100
87	0.84850
88	0.85100
89	0.85600
90	0.86050
91	0.86850
92	0.87100
93	0.88000
94	0.88500
95	0.89000
96	0.89400
97	0.89600
98	0.90050
99	0.90350
100	0.90750
101	0.91000
102	0.91050
103	0.91600
104	0.91700
105	0.92050
106	0.92200
107	0.92600
108	0.93050
109	0.93350
110	0.93750
111	0.93850
112	0.94250
113	0.94500
114	0.94700
115	0.94950
116	0.95200
117	0.95300
118	0.95450
119	0.95550
120	0.95650
121	0.96000
122	0.96000
123	0.96200
124	0.96200
125	0.96350
126	0.96500
127	0.96550
128	0.96600
129	0.96800
130	0.96950
131	0.97000
132	0.97050
133	0.97250
134	0.97400
135	0.97550
136	0.97700
137	0.97750
138	0.97800
139	0.97900
140	0.97950
141	0.98000
142	0.98050
143	0.98050
144	0.98100
145	0.98200
146	0.98300
147	0.98350
148	0.98350
149	0.98400
150	0.98400
151	0.98400
152	0.98600
153	0.98650
154	0.98650
155	0.98700
156	0.98750
157	0.98750
158	0.98750
159	0.98750
160	0.98750
161	0.98750
162	0.98750
163	0.98750
164	0.98750
165	0.98800
166	0.98950
167	0.98950
168	0.98950
169	0.99000
170	0.99050
171	0.99050
172	0.99150
173	0.99150
174	0.99150
175	0.99150
176	0.99150
177	0.99150
178	0.99200
179	0.99250
