0	0.00000
1	0.00000
2	0.00000
3	0.00000
4	0.00000
5	0.00000
6	0.00000
7	0.00000
8	0.00000
9	0.00000
10	0.00000
11	0.00000
12	0.00000
13	0.00000
14	0.00000
15	0.00000
16	0.00000
17	0.00000
18	0.00000
19	0.00000
20	0.00195
21	0.00413
22	0.00723
23	0.01576
24	0.01927
25	0.01165
26	0.00843
27	0.00987
28	0.00821
29	0.00914
30	0.00985
31	0.00802
32	0.00825
33	0.03558
34	0.03619
35	0.04926
36	0.06918
37	0.09316
38	0.08187
39	0.10163
40	0.08448
41	0.08238
42	0.08240
43	0.07261
44	0.06652
45	0.06028
46	0.06975
47	0.07543
48	0.09147
49	0.08352
50	0.07774
51	0.08630
52	0.07650
53	0.07666
54	0.07944
55	0.07338
56	0.07236
57	0.06154
58	0.05965
59	0.05411
60	0.05017
61	0.04888
62	0.04075
63	0.03542
64	0.03201
65	0.03275
66	0.03148
67	0.03062
68	0.02778
69	0.02616
70	0.02730
71	0.02299
72	0.01976
73	0.01895
74	0.01835
75	0.01972
76	0.01946
77	0.01850
78	0.01698
79	0.01573
80	0.01441
81	0.01323
82	0.01333
83	0.01292
84	0.01255
85	0.01254
86	0.01085
87	0.01049
88	0.01026
89	0.00884
90	0.00935
91	0.00861
92	0.00839
93	0.00844
94	0.00800
95	0.00744
96	0.00724
97	0.00616
98	0.00557
99	0.00490
100	0.00515
101	0.00494
102	0.00428
103	0.00435
104	0.00423
105	0.00412
106	0.00514
107	0.00459
108	0.00448
109	0.00403
110	0.00386
111	0.00392
112	0.00367
113	0.00303
114	0.00353
115	0.00325
116	0.00286
117	0.00268
118	0.00294
119	0.00267
120	0.00287
121	0.00186
122	0.00214
123	0.00138
124	0.00166
125	0.00161
126	0.00121
127	0.00104
128	0.00096
129	0.00102
130	0.00093
131	0.00032
132	0.00036
133	0.00034
134	0.00053
135	0.00067
136	0.00027
137	0.00031
138	0.00033
139	0.00029
140	0.00072
141	0.00063
142	0.00066
143	0.00063
144	0.00013
145	0.00000
146	0.00000
147	0.00015
148	0.00028
149	0.00019
150	0.00016
151	0.00030
152	0.00015
153	0.00016
154	0.00013
155	0.00014
156	0.00000
157	0.00000
158	0.00000
159	0.00000
160	0.00000
161	0.00000
162	0.00000
163	0.00000
164	0.00000
165	0.00000
166	0.00000
167	0.00000
168	0.00000
169	0.00000
170	0.00000
171	0.00000
172	0.00000
173	0.00000
174	0.00000
175	0.00000
176	0.00000
177	0.00000
178	0.00000
179	0.00000
