0	0.00500
1	0.00500
2	0.00550
3	0.00550
4	0.00550
5	0.00550
6	0.00550
7	0.00550
8	0.00650
9	0.00650
10	0.00650
11	0.00700
12	0.00750
13	0.00750
14	0.00750
15	0.00750
16	0.00850
17	0.00900
18	0.01050
19	0.01200
20	0.01250
21	0.01550
22	0.01650
23	0.01750
24	0.01850
25	0.01900
26	0.02050
27	0.02100
28	0.02300
29	0.02300
30	0.02500
31	0.02750
32	0.02900
33	0.03200
34	0.03500
35	0.03850
36	0.04200
37	0.04450
38	0.04900
39	0.05150
40	0.05600
41	0.05950
42	0.06550
43	0.06800
44	0.07600
45	0.08300
46	0.09250
47	0.10150
48	0.10850
49	0.12050
50	0.12900
51	0.14050
52	0.15150
53	0.16350
54	0.17550
55	0.18750
56	0.19900
57	0.21300
58	0.22800
59	0.24200
60	0.25400
61	0.26550
62	0.27750
63	0.29300
64	0.30800
65	0.32250
66	0.33350
67	0.34950
68	0.36400
69	0.37800
70	0.38850
71	0.40150
72	0.41350
73	0.42850
74	0.44350
75	0.46000
76	0.47300
77	0.48550
78	0.50150
79	0.51150
80	0.52700
81	0.54000
82	0.55450
83	0.56850
84	0.58200
85	0.59600
86	0.60600
87	0.61400
88	0.63000
89	0.63700
90	0.64950
91	0.66200
92	0.67400
93	0.68350
94	0.69600
95	0.70150
96	0.71000
97	0.71650
98	0.72600
99	0.73350
100	0.73900
101	0.74850
102	0.75400
103	0.76250
104	0.77500
105	0.77950
106	0.78600
107	0.79300
108	0.79750
109	0.80350
110	0.81100
111	0.81500
112	0.82200
113	0.82650
114	0.83200
115	0.83550
116	0.84100
117	0.84500
118	0.85100
119	0.85700
120	0.85900
121	0.86350
122	0.86650
123	0.87050
124	0.87250
125	0.87550
126	0.87900
127	0.88300
128	0.88600
129	0.88800
130	0.89200
131	0.89300
132	0.89600
133	0.89900
134	0.90150
135	0.90450
136	0.90700
137	0.90900
138	0.91250
139	0.91300
140	0.91500
141	0.91700
142	0.91750
143	0.91900
144	0.92050
145	0.92250
146	0.92400
147	0.92650
148	0.92700
149	0.92850
150	0.93000
151	0.93100
152	0.93100
153	0.93200
154	0.93250
155	0.93300
156	0.93300
157	0.93500
158	0.93600
159	0.93750
160	0.93900
161	0.94050
162	0.94150
163	0.94250
164	0.94400
165	0.94500
166	0.94500
167	0.94600
168	0.94600
169	0.94600
170	0.94700
171	0.94700
172	0.94850
173	0.94950
174	0.95000
175	0.95000
176	0.95100
177	0.95200
178	0.95200
179	0.95200
