0	0.00500
1	0.01550
2	0.04600
3	0.12650
4	0.29650
5	0.54200
6	0.71950
7	0.78150
8	0.79800
9	0.80150
10	0.80250
11	0.80300
12	0.80300
13	0.80300
14	0.80300
15	0.80300
16	0.80300
17	0.80300
18	0.80300
19	0.80300
20	0.80300
21	0.80300
22	0.80300
23	0.80300
24	0.80300
25	0.80300
26	0.80300
27	0.80300
28	0.80300
29	0.80300
30	0.80300
31	0.80300
32	0.80300
33	0.80300
34	0.80300
35	0.80300
36	0.80300
37	0.80300
38	0.80300
39	0.80300
40	0.80300
41	0.80300
42	0.80300
43	0.80300
44	0.80300
45	0.80300
46	0.80300
47	0.80300
48	0.80300
49	0.80300
50	0.80300
51	0.80300
52	0.80300
53	0.80300
54	0.80300
55	0.80300
56	0.80300
57	0.80300
58	0.80300
59	0.80300
60	0.80300
61	0.80300
62	0.80300
63	0.80300
64	0.80300
65	0.80300
66	0.80300
67	0.80300
68	0.80300
69	0.80300
70	0.80300
71	0.80300
72	0.80300
73	0.80300
74	0.80300
75	0.80300
76	0.80300
77	0.80300
78	0.80300
79	0.80300
80	0.80300
81	0.80300
82	0.80300
83	0.80300
84	0.80300
85	0.80300
86	0.80300
87	0.80300
88	0.80300
89	0.80300
90	0.80300
91	0.80300
92	0.80300
93	0.80300
94	0.80300
95	0.80300
96	0.80300
97	0.80300
98	0.80300
99	0.80300
100	0.80300
101	0.80300
102	0.80300
103	0.80300
104	0.80300
105	0.80300
106	0.80300
107	0.80300
108	0.80300
109	0.80300
110	0.80300
111	0.80300
112	0.80300
113	0.80300
114	0.80300
115	0.80300
116	0.80300
117	0.80300
118	0.80300
119	0.80300
120	0.80300
121	0.80300
122	0.80300
123	0.80300
124	0.80300
125	0.80300
126	0.80300
127	0.80300
128	0.80300
129	0.80300
130	0.80300
131	0.80300
132	0.80300
133	0.80300
134	0.80300
135	0.80300
136	0.80300
137	0.80300
138	0.80300
139	0.80300
140	0.80300
141	0.80300
142	0.80300
143	0.80300
144	0.80300
145	0.80300
146	0.80300
147	0.80300
148	0.80300
149	0.80300
