0	0	0	0	0	0	
1	744	0	0	0	0	
2	720	0	0	0	0	
3	23	631	0	0	0	
4	0	18	538	0	0	
5	0	0	13	428	0	
6	0	0	0	8	390	
7	0	0	0	0	397	
8	0	0	0	0	394	
9	0	0	0	0	393	
10	0	0	0	0	393	
11	0	0	0	0	393	
12	0	0	0	0	393	
13	0	0	0	0	393	
14	0	0	0	0	393	
15	0	0	0	0	393	
16	0	0	0	0	393	
17	0	0	0	0	393	
18	0	0	0	0	393	
19	0	0	0	0	393	
20	0	0	0	0	393	
21	0	0	0	0	393	
22	0	0	0	0	393	
23	0	0	0	0	393	
24	0	0	0	0	393	
25	0	0	0	0	393	
26	0	0	0	0	393	
27	0	0	0	0	393	
28	0	0	0	0	393	
29	0	0	0	0	393	
30	0	0	0	0	393	
31	0	0	0	0	393	
32	0	0	0	0	393	
33	0	0	0	0	393	
34	0	0	0	0	393	
35	0	0	0	0	393	
36	0	0	0	0	393	
37	0	0	0	0	393	
38	0	0	0	0	393	
39	0	0	0	0	393	
40	0	0	0	0	393	
41	0	0	0	0	393	
42	0	0	0	0	393	
43	0	0	0	0	393	
44	0	0	0	0	393	
45	0	0	0	0	393	
46	0	0	0	0	393	
47	0	0	0	0	393	
48	0	0	0	0	393	
49	0	0	0	0	393	
50	0	0	0	0	393	
51	0	0	0	0	393	
52	0	0	0	0	393	
53	0	0	0	0	393	
54	0	0	0	0	393	
55	0	0	0	0	393	
56	0	0	0	0	393	
57	0	0	0	0	393	
58	0	0	0	0	393	
59	0	0	0	0	393	
60	0	0	0	0	393	
61	0	0	0	0	393	
62	0	0	0	0	393	
63	0	0	0	0	393	
64	0	0	0	0	393	
65	0	0	0	0	393	
66	0	0	0	0	393	
67	0	0	0	0	393	
68	0	0	0	0	393	
69	0	0	0	0	393	
70	0	0	0	0	393	
71	0	0	0	0	393	
72	0	0	0	0	393	
73	0	0	0	0	393	
74	0	0	0	0	393	
75	0	0	0	0	393	
76	0	0	0	0	393	
77	0	0	0	0	393	
78	0	0	0	0	393	
79	0	0	0	0	393	
80	0	0	0	0	393	
81	0	0	0	0	393	
82	0	0	0	0	393	
83	0	0	0	0	393	
84	0	0	0	0	393	
85	0	0	0	0	393	
86	0	0	0	0	393	
87	0	0	0	0	393	
88	0	0	0	0	393	
89	0	0	0	0	393	
90	0	0	0	0	393	
91	0	0	0	0	393	
92	0	0	0	0	393	
93	0	0	0	0	393	
94	0	0	0	0	393	
95	0	0	0	0	393	
96	0	0	0	0	393	
97	0	0	0	0	393	
98	0	0	0	0	393	
99	0	0	0	0	393	
100	0	0	0	0	393	
101	0	0	0	0	393	
102	0	0	0	0	393	
103	0	0	0	0	393	
104	0	0	0	0	393	
105	0	0	0	0	393	
106	0	0	0	0	393	
107	0	0	0	0	393	
108	0	0	0	0	393	
109	0	0	0	0	393	
110	0	0	0	0	393	
111	0	0	0	0	393	
112	0	0	0	0	393	
113	0	0	0	0	393	
114	0	0	0	0	393	
115	0	0	0	0	393	
116	0	0	0	0	393	
117	0	0	0	0	393	
118	0	0	0	0	393	
119	0	0	0	0	393	
120	0	0	0	0	393	
121	0	0	0	0	393	
122	0	0	0	0	393	
123	0	0	0	0	393	
124	0	0	0	0	393	
125	0	0	0	0	393	
126	0	0	0	0	393	
127	0	0	0	0	393	
128	0	0	0	0	393	
129	0	0	0	0	393	
130	0	0	0	0	393	
131	0	0	0	0	393	
132	0	0	0	0	393	
133	0	0	0	0	393	
134	0	0	0	0	393	
135	0	0	0	0	393	
136	0	0	0	0	393	
137	0	0	0	0	393	
138	0	0	0	0	393	
139	0	0	0	0	393	
140	0	0	0	0	393	
141	0	0	0	0	393	
142	0	0	0	0	393	
143	0	0	0	0	393	
144	0	0	0	0	393	
145	0	0	0	0	393	
146	0	0	0	0	393	
147	0	0	0	0	393	
148	0	0	0	0	393	
149	0	0	0	0	393	
