0	0.00000
1	0.00000
2	0.00000
3	0.58115
4	0.86491
5	1.05641
6	1.11657
7	1.29330
8	1.37399
9	1.52670
10	1.81848
11	1.89885
12	2.01008
13	2.11546
14	2.04728
15	1.98631
16	2.02521
17	1.92888
18	1.81526
19	1.67842
20	1.54946
21	1.39589
22	1.27475
23	1.16221
24	1.06862
25	0.99532
26	0.92763
27	0.86663
28	0.80824
29	0.76175
30	0.71591
31	0.67451
32	0.64121
33	0.60857
34	0.57918
35	0.54893
36	0.52436
37	0.50201
38	0.48183
39	0.46187
40	0.44580
41	0.42841
42	0.41179
43	0.39959
44	0.38650
45	0.37351
46	0.36234
47	0.35149
48	0.34050
49	0.33766
50	0.32875
51	0.31981
52	0.31223
53	0.30452
54	0.29761
55	0.28952
56	0.28340
57	0.27585
58	0.27052
59	0.26485
60	0.25884
61	0.25220
62	0.24871
63	0.24380
64	0.23811
65	0.23395
66	0.22931
67	0.22559
68	0.22026
69	0.21716
70	0.21341
71	0.20898
72	0.20654
73	0.20246
74	0.19971
75	0.19624
76	0.19349
77	0.18964
78	0.18677
79	0.18467
80	0.18185
81	0.17906
82	0.17675
83	0.17414
84	0.17103
85	0.16910
86	0.16663
87	0.16549
88	0.16308
89	0.16025
90	0.15785
91	0.15581
92	0.15431
93	0.15242
94	0.15031
95	0.14900
96	0.14754
97	0.14503
98	0.14354
99	0.14203
100	0.14119
101	0.13873
102	0.13764
103	0.13555
104	0.13442
105	0.13311
106	0.13224
107	0.13105
108	0.12896
109	0.12698
110	0.12566
111	0.12462
112	0.12312
113	0.12256
114	0.12256
115	0.12086
116	0.11903
117	0.11847
118	0.11758
119	0.11609
120	0.11548
121	0.11264
122	0.11210
123	0.11144
124	0.11051
125	0.10982
126	0.10937
127	0.10808
128	0.10758
129	0.10734
130	0.10640
131	0.10454
132	0.10374
133	0.10261
134	0.10143
135	0.10072
136	0.09990
137	0.09905
138	0.09870
139	0.09771
140	0.09715
141	0.09645
142	0.09597
143	0.09517
144	0.09456
145	0.09355
146	0.09285
147	0.09269
148	0.09178
149	0.09152
150	0.09104
151	0.09008
152	0.08927
153	0.08829
154	0.08809
155	0.08770
156	0.08770
157	0.08718
158	0.08622
159	0.08552
160	0.08437
161	0.08331
162	0.08298
163	0.08199
164	0.08158
165	0.08158
166	0.08061
167	0.07998
168	0.07953
169	0.07941
170	0.07921
171	0.07921
172	0.07884
173	0.07884
174	0.07857
175	0.07850
176	0.07791
177	0.07742
178	0.07686
179	0.07690
180	0.07605
181	0.07470
182	0.07466
183	0.07409
184	0.07365
185	0.07294
186	0.07243
187	0.07199
188	0.07121
189	0.07121
190	0.07000
191	0.06981
192	0.06948
193	0.06948
194	0.06923
195	0.06909
196	0.06909
197	0.06872
198	0.06824
199	0.06804
