0	0.01000
1	0.01200
2	0.01800
3	0.02500
4	0.03300
5	0.04900
6	0.06900
7	0.09500
8	0.13700
9	0.19100
10	0.25600
11	0.33600
12	0.41700
13	0.48600
14	0.58000
15	0.66000
16	0.73400
17	0.79000
18	0.83500
19	0.86300
20	0.87900
21	0.89300
22	0.90300
23	0.91200
24	0.91900
25	0.92500
26	0.92700
27	0.93100
28	0.93300
29	0.93600
30	0.93800
31	0.93900
32	0.93900
33	0.93900
34	0.94000
35	0.94100
36	0.94100
37	0.94100
38	0.94100
39	0.94100
40	0.94100
41	0.94100
42	0.94100
43	0.94200
44	0.94200
45	0.94200
46	0.94200
47	0.94200
48	0.94200
49	0.94300
50	0.94300
51	0.94400
52	0.94400
53	0.94400
54	0.94400
55	0.94400
56	0.94400
57	0.94400
58	0.94400
59	0.94400
60	0.94400
61	0.94400
62	0.94400
63	0.94400
64	0.94400
65	0.94400
66	0.94400
67	0.94400
68	0.94400
69	0.94400
70	0.94400
71	0.94400
72	0.94400
73	0.94400
74	0.94400
75	0.94400
76	0.94400
77	0.94400
78	0.94400
79	0.94400
80	0.94400
81	0.94400
82	0.94400
83	0.94400
84	0.94400
85	0.94400
86	0.94400
87	0.94400
88	0.94400
89	0.94400
90	0.94400
91	0.94400
92	0.94400
93	0.94400
94	0.94400
95	0.94400
96	0.94400
97	0.94500
98	0.94500
99	0.94500
100	0.94500
101	0.94500
102	0.94500
103	0.94500
104	0.94600
105	0.94600
106	0.94600
107	0.94600
108	0.94600
109	0.94600
110	0.94600
111	0.94600
112	0.94600
113	0.94600
114	0.94600
115	0.94600
116	0.94600
117	0.94600
118	0.94600
119	0.94600
120	0.94600
121	0.94600
122	0.94600
123	0.94600
124	0.94600
125	0.94600
126	0.94600
127	0.94600
128	0.94600
129	0.94600
130	0.94600
131	0.94700
132	0.94700
133	0.94700
134	0.94700
135	0.94700
136	0.94700
137	0.94700
138	0.94700
139	0.94700
140	0.94700
141	0.94700
142	0.94700
143	0.94700
144	0.94700
145	0.94700
146	0.94700
147	0.94700
148	0.94700
149	0.94700
150	0.94700
151	0.94700
152	0.94700
153	0.94700
154	0.94700
155	0.94700
156	0.94700
157	0.94700
158	0.94700
159	0.94700
160	0.94700
161	0.94700
162	0.94700
163	0.94700
164	0.94700
165	0.94700
166	0.94700
167	0.94700
168	0.94700
169	0.94700
170	0.94700
171	0.94700
172	0.94700
173	0.94700
174	0.94700
175	0.94700
176	0.94700
177	0.94800
178	0.94800
179	0.94800
180	0.94800
181	0.94800
182	0.94800
183	0.94800
184	0.94800
185	0.94800
186	0.94800
187	0.94800
188	0.94800
189	0.94800
190	0.94800
191	0.94800
192	0.94800
193	0.94800
194	0.94800
195	0.94800
196	0.94800
197	0.94800
198	0.94800
199	0.94800
