0	0.00000
1	0.00000
2	0.00000
3	0.10120
4	0.33788
5	0.62350
6	0.90122
7	1.16532
8	1.34275
9	1.50094
10	1.77447
11	1.90108
12	1.99183
13	2.05953
14	2.03412
15	1.97777
16	1.96377
17	1.87307
18	1.79861
19	1.64291
20	1.49144
21	1.37870
22	1.23610
23	1.14283
24	1.06934
25	1.01665
26	0.97727
27	0.87631
28	0.82010
29	0.77278
30	0.73057
31	0.68469
32	0.65637
33	0.62426
34	0.59761
35	0.57129
36	0.55021
37	0.52522
38	0.50537
39	0.48757
40	0.47108
41	0.45621
42	0.44120
43	0.42983
44	0.41807
45	0.40294
46	0.39199
47	0.37119
48	0.36034
49	0.34756
50	0.33914
51	0.33356
52	0.32642
53	0.31957
54	0.31359
55	0.30581
56	0.30000
57	0.29199
58	0.28787
59	0.28289
60	0.27764
61	0.27165
62	0.26801
63	0.26063
64	0.25520
65	0.25092
66	0.24802
67	0.24374
68	0.23848
69	0.23573
70	0.23201
71	0.22841
72	0.22637
73	0.22247
74	0.21962
75	0.21676
76	0.21428
77	0.21093
78	0.20777
79	0.20609
80	0.20406
81	0.20111
82	0.19927
83	0.19627
84	0.19377
85	0.19216
86	0.19000
87	0.18879
88	0.18667
89	0.18372
90	0.18152
91	0.17952
92	0.17824
93	0.17590
94	0.17456
95	0.17324
96	0.17224
97	0.16861
98	0.16704
99	0.16523
100	0.16412
101	0.16228
102	0.16133
103	0.15987
104	0.15572
105	0.15422
106	0.15327
107	0.15227
108	0.14990
109	0.14832
110	0.14666
111	0.14584
112	0.14483
113	0.14404
114	0.14404
115	0.14259
116	0.14092
117	0.14012
118	0.13915
119	0.13818
120	0.13756
121	0.13528
122	0.13465
123	0.13368
124	0.13278
125	0.13245
126	0.13200
127	0.13052
128	0.12980
129	0.12936
130	0.12800
131	0.11012
132	0.10907
133	0.10837
134	0.10743
135	0.10676
136	0.10598
137	0.10521
138	0.10488
139	0.10394
140	0.10358
141	0.10258
142	0.10209
143	0.10146
144	0.10065
145	0.09976
146	0.09879
147	0.09861
148	0.09794
149	0.09781
150	0.09731
151	0.09665
152	0.09592
153	0.09516
154	0.09489
155	0.09440
156	0.09440
157	0.09376
158	0.09288
159	0.09207
160	0.09106
161	0.08983
162	0.08936
163	0.08839
164	0.08784
165	0.08784
166	0.08729
167	0.08701
168	0.08680
169	0.08654
170	0.08636
171	0.08636
172	0.08587
173	0.08587
174	0.08516
175	0.08498
176	0.08457
177	0.08574
178	0.08528
179	0.08528
180	0.08452
181	0.08323
182	0.08301
183	0.08233
184	0.08166
185	0.08115
186	0.08092
187	0.08075
188	0.08011
189	0.08011
190	0.07908
191	0.07891
192	0.07859
193	0.07859
194	0.07847
195	0.07810
196	0.07810
197	0.07761
198	0.07712
199	0.07698
