0	0	0	0	0	0	
1	741	0	0	0	0	
2	718	0	0	0	0	
3	0	662	0	0	0	
4	0	0	575	0	0	
5	0	0	0	482	0	
6	0	0	0	0	444	
7	0	0	0	0	442	
8	0	0	0	0	442	
9	0	0	0	0	442	
10	0	0	0	0	442	
11	0	0	0	0	442	
12	0	0	0	0	442	
13	0	0	0	0	442	
14	0	0	0	0	442	
15	0	0	0	0	442	
16	0	0	0	0	442	
17	0	0	0	0	442	
18	0	0	0	0	442	
19	0	0	0	0	442	
20	0	0	0	0	442	
21	0	0	0	0	442	
22	0	0	0	0	442	
23	0	0	0	0	442	
24	0	0	0	0	442	
25	0	0	0	0	442	
26	0	0	0	0	442	
27	0	0	0	0	442	
28	0	0	0	0	442	
29	0	0	0	0	442	
30	0	0	0	0	442	
31	0	0	0	0	442	
32	0	0	0	0	442	
33	0	0	0	0	442	
34	0	0	0	0	442	
35	0	0	0	0	442	
36	0	0	0	0	442	
37	0	0	0	0	442	
38	0	0	0	0	442	
39	0	0	0	0	442	
40	0	0	0	0	442	
41	0	0	0	0	442	
42	0	0	0	0	442	
43	0	0	0	0	442	
44	0	0	0	0	442	
45	0	0	0	0	442	
46	0	0	0	0	442	
47	0	0	0	0	442	
48	0	0	0	0	442	
49	0	0	0	0	442	
50	0	0	0	0	442	
51	0	0	0	0	442	
52	0	0	0	0	442	
53	0	0	0	0	442	
54	0	0	0	0	442	
55	0	0	0	0	442	
56	0	0	0	0	442	
57	0	0	0	0	442	
58	0	0	0	0	442	
59	0	0	0	0	442	
60	0	0	0	0	442	
61	0	0	0	0	442	
62	0	0	0	0	442	
63	0	0	0	0	442	
64	0	0	0	0	442	
65	0	0	0	0	442	
66	0	0	0	0	442	
67	0	0	0	0	442	
68	0	0	0	0	442	
69	0	0	0	0	442	
70	0	0	0	0	442	
71	0	0	0	0	442	
72	0	0	0	0	442	
73	0	0	0	0	442	
74	0	0	0	0	442	
75	0	0	0	0	442	
76	0	0	0	0	442	
77	0	0	0	0	442	
78	0	0	0	0	442	
79	0	0	0	0	442	
80	0	0	0	0	442	
81	0	0	0	0	442	
82	0	0	0	0	442	
83	0	0	0	0	442	
84	0	0	0	0	442	
85	0	0	0	0	442	
86	0	0	0	0	442	
87	0	0	0	0	442	
88	0	0	0	0	442	
89	0	0	0	0	442	
90	0	0	0	0	442	
91	0	0	0	0	442	
92	0	0	0	0	442	
93	0	0	0	0	442	
94	0	0	0	0	442	
95	0	0	0	0	442	
96	0	0	0	0	442	
97	0	0	0	0	442	
98	0	0	0	0	442	
99	0	0	0	0	442	
100	0	0	0	0	442	
101	0	0	0	0	442	
102	0	0	0	0	442	
103	0	0	0	0	442	
104	0	0	0	0	442	
105	0	0	0	0	442	
106	0	0	0	0	442	
107	0	0	0	0	442	
108	0	0	0	0	442	
109	0	0	0	0	442	
110	0	0	0	0	442	
111	0	0	0	0	442	
112	0	0	0	0	442	
113	0	0	0	0	442	
114	0	0	0	0	442	
115	0	0	0	0	442	
116	0	0	0	0	442	
117	0	0	0	0	442	
118	0	0	0	0	442	
119	0	0	0	0	442	
120	0	0	0	0	442	
121	0	0	0	0	442	
122	0	0	0	0	442	
123	0	0	0	0	442	
124	0	0	0	0	442	
125	0	0	0	0	442	
126	0	0	0	0	442	
127	0	0	0	0	442	
128	0	0	0	0	442	
129	0	0	0	0	442	
130	0	0	0	0	442	
131	0	0	0	0	442	
132	0	0	0	0	442	
133	0	0	0	0	442	
134	0	0	0	0	442	
135	0	0	0	0	442	
136	0	0	0	0	442	
137	0	0	0	0	442	
138	0	0	0	0	442	
139	0	0	0	0	442	
140	0	0	0	0	442	
141	0	0	0	0	442	
142	0	0	0	0	442	
143	0	0	0	0	442	
144	0	0	0	0	442	
145	0	0	0	0	442	
146	0	0	0	0	442	
147	0	0	0	0	442	
148	0	0	0	0	442	
149	0	0	0	0	442	
