0	0.00500
1	0.01400
2	0.03450
3	0.10000
4	0.24050
5	0.45050
6	0.63100
7	0.72050
8	0.75500
9	0.76400
10	0.76600
11	0.76600
12	0.76600
13	0.76600
14	0.76600
15	0.76600
16	0.76600
17	0.76600
18	0.76600
19	0.76600
20	0.76600
21	0.76600
22	0.76600
23	0.76600
24	0.76600
25	0.76600
26	0.76600
27	0.76600
28	0.76600
29	0.76600
30	0.76600
31	0.76600
32	0.76600
33	0.76600
34	0.76600
35	0.76600
36	0.76600
37	0.76600
38	0.76600
39	0.76600
40	0.76600
41	0.76600
42	0.76600
43	0.76600
44	0.76600
45	0.76600
46	0.76600
47	0.76600
48	0.76600
49	0.76600
50	0.76600
51	0.76600
52	0.76600
53	0.76600
54	0.76600
55	0.76600
56	0.76600
57	0.76600
58	0.76600
59	0.76600
60	0.76600
61	0.76600
62	0.76600
63	0.76600
64	0.76600
65	0.76600
66	0.76600
67	0.76600
68	0.76600
69	0.76600
70	0.76600
71	0.76600
72	0.76600
73	0.76600
74	0.76600
75	0.76600
76	0.76600
77	0.76600
78	0.76600
79	0.76600
80	0.76600
81	0.76600
82	0.76600
83	0.76600
84	0.76600
85	0.76600
86	0.76600
87	0.76600
88	0.76600
89	0.76600
90	0.76600
91	0.76600
92	0.76600
93	0.76600
94	0.76600
95	0.76600
96	0.76600
97	0.76600
98	0.76600
99	0.76600
100	0.76600
101	0.76600
102	0.76600
103	0.76600
104	0.76600
105	0.76600
106	0.76600
107	0.76600
108	0.76600
109	0.76600
110	0.76600
111	0.76600
112	0.76600
113	0.76600
114	0.76600
115	0.76600
116	0.76600
117	0.76600
118	0.76600
119	0.76600
120	0.76600
121	0.76600
122	0.76600
123	0.76600
124	0.76600
125	0.76600
126	0.76600
127	0.76600
128	0.76600
129	0.76600
130	0.76600
131	0.76600
132	0.76600
133	0.76600
134	0.76600
135	0.76600
136	0.76600
137	0.76600
138	0.76600
139	0.76600
140	0.76600
141	0.76600
142	0.76600
143	0.76600
144	0.76600
145	0.76600
146	0.76600
147	0.76600
148	0.76600
149	0.76600
