0	0	0	0	0	0	
1	21	0	0	0	0	
2	21	0	0	0	0	
3	21	0	0	0	0	
4	21	0	0	0	0	
5	21	0	0	0	0	
6	21	0	0	0	0	
7	21	0	0	0	0	
8	21	0	0	0	0	
9	21	0	0	0	0	
10	20	0	0	0	0	
11	20	0	0	0	0	
12	20	0	0	0	0	
13	20	0	0	0	0	
14	20	0	0	0	0	
15	20	0	0	0	0	
16	20	0	0	0	0	
17	20	0	0	0	0	
18	20	0	0	0	0	
19	20	0	0	0	0	
20	20	0	0	0	0	
21	19	0	0	0	0	
22	19	0	0	0	0	
23	19	0	0	0	0	
24	19	0	0	0	0	
25	19	0	0	0	0	
26	19	0	0	0	0	
27	19	0	0	0	0	
28	19	0	0	0	0	
29	19	0	0	0	0	
30	19	0	0	0	0	
31	19	0	0	0	0	
32	19	0	0	0	0	
33	19	0	0	0	0	
34	19	0	0	0	0	
35	19	0	0	0	0	
36	19	0	0	0	0	
37	19	0	0	0	0	
38	19	0	0	0	0	
39	19	0	0	0	0	
40	19	0	0	0	0	
41	19	0	0	0	0	
42	19	0	0	0	0	
43	19	0	0	0	0	
44	19	0	0	0	0	
45	19	0	0	0	0	
46	19	0	0	0	0	
47	19	0	0	0	0	
48	19	0	0	0	0	
49	19	0	0	0	0	
50	19	0	0	0	0	
51	19	0	0	0	0	
52	19	0	0	0	0	
53	19	0	0	0	0	
54	19	0	0	0	0	
55	19	0	0	0	0	
56	19	0	0	0	0	
57	19	0	0	0	0	
58	19	0	0	0	0	
59	19	0	0	0	0	
60	19	0	0	0	0	
61	19	0	0	0	0	
62	19	0	0	0	0	
63	19	0	0	0	0	
64	19	0	0	0	0	
65	19	0	0	0	0	
66	19	0	0	0	0	
67	19	0	0	0	0	
68	19	0	0	0	0	
69	19	0	0	0	0	
70	18	0	0	0	0	
71	18	0	0	0	0	
72	18	0	0	0	0	
73	18	0	0	0	0	
74	18	0	0	0	0	
75	18	0	0	0	0	
76	18	0	0	0	0	
77	18	0	0	0	0	
78	18	0	0	0	0	
79	18	0	0	0	0	
80	18	0	0	0	0	
81	18	0	0	0	0	
82	18	0	0	0	0	
83	18	0	0	0	0	
84	18	0	0	0	0	
85	18	0	0	0	0	
86	18	0	0	0	0	
87	18	0	0	0	0	
88	18	0	0	0	0	
89	18	0	0	0	0	
90	18	0	0	0	0	
91	18	0	0	0	0	
92	18	0	0	0	0	
93	18	0	0	0	0	
94	18	0	0	0	0	
95	18	0	0	0	0	
96	18	0	0	0	0	
97	18	0	0	0	0	
98	18	0	0	0	0	
99	18	0	0	0	0	
100	18	0	0	0	0	
101	18	0	0	0	0	
102	17	0	0	0	0	
103	17	0	0	0	0	
104	17	0	0	0	0	
105	17	0	0	0	0	
106	17	0	0	0	0	
107	17	0	0	0	0	
108	16	0	0	0	0	
109	16	0	0	0	0	
110	16	0	0	0	0	
111	16	0	0	0	0	
112	16	0	0	0	0	
113	16	0	0	0	0	
114	16	0	0	0	0	
115	16	0	0	0	0	
116	16	0	0	0	0	
117	16	0	0	0	0	
118	16	0	0	0	0	
119	16	0	0	0	0	
120	16	0	0	0	0	
121	16	0	0	0	0	
122	16	0	0	0	0	
123	16	0	0	0	0	
124	16	0	0	0	0	
125	16	0	0	0	0	
126	16	0	0	0	0	
127	16	0	0	0	0	
128	16	0	0	0	0	
129	16	0	0	0	0	
130	15	0	0	0	0	
131	15	0	0	0	0	
132	15	0	0	0	0	
133	14	0	0	0	0	
134	14	0	0	0	0	
135	14	0	0	0	0	
136	14	0	0	0	0	
137	14	0	0	0	0	
138	14	0	0	0	0	
139	13	0	0	0	0	
140	13	0	0	0	0	
141	13	0	0	0	0	
142	13	0	0	0	0	
143	12	0	0	0	0	
144	12	0	0	0	0	
145	12	0	0	0	0	
146	12	0	0	0	0	
147	12	0	0	0	0	
148	11	0	0	0	0	
149	11	0	0	0	0	
