0	0.00000
1	0.00000
2	0.00000
3	0.54065
4	0.78561
5	0.86616
6	1.16509
7	1.33229
8	1.60741
9	1.71631
10	1.75280
11	1.96193
12	1.98079
13	2.02763
14	2.05588
15	1.89186
16	1.81570
17	1.73898
18	1.63675
19	1.51921
20	1.39547
21	1.29633
22	1.17088
23	1.08182
24	1.00680
25	0.93098
26	0.86900
27	0.81108
28	0.76065
29	0.71488
30	0.67362
31	0.64019
32	0.60692
33	0.57808
34	0.55007
35	0.52529
36	0.50383
37	0.48472
38	0.46496
39	0.44741
40	0.43244
41	0.41718
42	0.40268
43	0.38983
44	0.37675
45	0.36611
46	0.35531
47	0.34534
48	0.33661
49	0.32578
50	0.31802
51	0.30941
52	0.30099
53	0.29486
54	0.28740
55	0.28075
56	0.27383
57	0.27050
58	0.26232
59	0.25728
60	0.25262
61	0.24623
62	0.24100
63	0.23615
64	0.23185
65	0.22901
66	0.22269
67	0.21978
68	0.21578
69	0.21229
70	0.20922
71	0.20566
72	0.20123
73	0.19796
74	0.19495
75	0.19341
76	0.18813
77	0.18450
78	0.18178
79	0.18091
80	0.17754
81	0.17517
82	0.17253
83	0.17051
84	0.16792
85	0.16602
86	0.16337
87	0.16112
88	0.16028
89	0.15807
90	0.15491
91	0.15357
92	0.15123
93	0.15042
94	0.14864
95	0.14764
96	0.14412
97	0.14339
98	0.14157
99	0.13950
100	0.13876
101	0.13832
102	0.13726
103	0.13455
104	0.13300
105	0.13134
106	0.12953
107	0.12809
108	0.12717
109	0.12643
110	0.12512
111	0.12296
112	0.12234
113	0.12134
114	0.12001
115	0.11774
116	0.11698
117	0.11625
118	0.11570
119	0.11518
120	0.11248
121	0.11215
122	0.11151
123	0.11038
124	0.10873
125	0.10804
126	0.10749
127	0.10612
128	0.10507
129	0.10507
130	0.10459
131	0.10333
132	0.10301
133	0.10169
134	0.10106
135	0.10012
136	0.09905
137	0.09862
138	0.09804
139	0.09756
140	0.09643
141	0.09566
142	0.09446
143	0.09309
144	0.09230
145	0.09195
146	0.09183
147	0.09176
148	0.09164
149	0.09131
150	0.09091
151	0.09014
152	0.08929
153	0.08749
154	0.08690
155	0.08643
156	0.08616
157	0.08616
158	0.08592
159	0.08386
160	0.08316
161	0.08277
162	0.08253
163	0.08168
164	0.08094
165	0.08077
166	0.08063
167	0.08045
168	0.08033
169	0.08033
170	0.07932
171	0.07870
172	0.07815
173	0.07811
174	0.07762
175	0.07759
176	0.07682
177	0.07649
178	0.07631
179	0.07475
180	0.07454
181	0.07421
182	0.07360
183	0.07287
184	0.07287
185	0.07237
186	0.07196
187	0.07174
188	0.07133
189	0.07133
190	0.07060
191	0.07009
192	0.07009
193	0.07005
194	0.06967
195	0.06923
196	0.06827
197	0.06811
198	0.06768
199	0.06746
