0	0.00000
1	0.00000
2	0.00000
3	0.10858
4	0.42749
5	0.66818
6	1.05795
7	1.25266
8	1.54831
9	1.65737
10	1.66561
11	1.86418
12	1.90091
13	1.95944
14	1.98584
15	1.82021
16	1.75172
17	1.66787
18	1.56213
19	1.44700
20	1.32033
21	1.21250
22	1.11049
23	1.02281
24	0.95873
25	0.88884
26	0.83570
27	0.76410
28	0.72190
29	0.67796
30	0.64169
31	0.61617
32	0.58594
33	0.56166
34	0.53442
35	0.50572
36	0.47714
37	0.46075
38	0.44421
39	0.42831
40	0.41565
41	0.40247
42	0.38892
43	0.37605
44	0.36374
45	0.35441
46	0.34510
47	0.33603
48	0.32846
49	0.31872
50	0.31215
51	0.30362
52	0.29644
53	0.29097
54	0.28426
55	0.28297
56	0.27730
57	0.27325
58	0.26656
59	0.26196
60	0.25487
61	0.24883
62	0.24495
63	0.24082
64	0.23621
65	0.23345
66	0.22878
67	0.22563
68	0.22188
69	0.21898
70	0.21650
71	0.21315
72	0.20720
73	0.20404
74	0.19729
75	0.19463
76	0.19014
77	0.18685
78	0.18409
79	0.18315
80	0.18008
81	0.17833
82	0.17588
83	0.17363
84	0.17161
85	0.16952
86	0.16710
87	0.16529
88	0.16429
89	0.16206
90	0.15945
91	0.15844
92	0.15340
93	0.15235
94	0.15037
95	0.14952
96	0.14636
97	0.14538
98	0.14313
99	0.14125
100	0.14051
101	0.14018
102	0.13880
103	0.13682
104	0.13527
105	0.13024
106	0.12861
107	0.12728
108	0.12602
109	0.12512
110	0.12411
111	0.12221
112	0.12133
113	0.11859
114	0.11761
115	0.11589
116	0.11522
117	0.11432
118	0.11362
119	0.11300
120	0.11042
121	0.11014
122	0.10964
123	0.10865
124	0.10685
125	0.10632
126	0.10572
127	0.10421
128	0.10325
129	0.10325
130	0.10288
131	0.10194
132	0.10154
133	0.10035
134	0.09976
135	0.09874
136	0.09809
137	0.09749
138	0.09711
139	0.09647
140	0.09510
141	0.09434
142	0.09347
143	0.09224
144	0.09118
145	0.09087
146	0.09005
147	0.08988
148	0.08965
149	0.08928
150	0.08898
151	0.08843
152	0.08750
153	0.08647
154	0.08577
155	0.08514
156	0.08478
157	0.08478
158	0.08444
159	0.08266
160	0.08228
161	0.08186
162	0.08170
163	0.08077
164	0.07977
165	0.07966
166	0.07954
167	0.07926
168	0.07886
169	0.07886
170	0.07821
171	0.07754
172	0.07725
173	0.07711
174	0.07658
175	0.07640
176	0.07581
177	0.07539
178	0.07519
179	0.07383
180	0.07358
181	0.07327
182	0.07283
183	0.07236
184	0.07236
185	0.07185
186	0.07138
187	0.07120
188	0.07081
189	0.07081
190	0.07013
191	0.06952
192	0.06952
193	0.06938
194	0.06920
195	0.06860
196	0.06786
197	0.06773
198	0.06745
199	0.06708
