0	0.00500
1	0.00950
2	0.01600
3	0.02900
4	0.05100
5	0.08500
6	0.13550
7	0.19000
8	0.27050
9	0.35650
10	0.44600
11	0.52500
12	0.59250
13	0.65500
14	0.69800
15	0.72900
16	0.74200
17	0.75200
18	0.76000
19	0.76350
20	0.76650
21	0.76900
22	0.77000
23	0.77100
24	0.77100
25	0.77100
26	0.77100
27	0.77100
28	0.77150
29	0.77150
30	0.77150
31	0.77150
32	0.77150
33	0.77150
34	0.77150
35	0.77150
36	0.77150
37	0.77150
38	0.77150
39	0.77150
40	0.77150
41	0.77150
42	0.77150
43	0.77150
44	0.77150
45	0.77150
46	0.77150
47	0.77150
48	0.77150
49	0.77150
50	0.77150
51	0.77150
52	0.77150
53	0.77150
54	0.77150
55	0.77150
56	0.77150
57	0.77150
58	0.77150
59	0.77150
60	0.77150
61	0.77150
62	0.77150
63	0.77150
64	0.77150
65	0.77150
66	0.77150
67	0.77150
68	0.77150
69	0.77150
70	0.77150
71	0.77150
72	0.77150
73	0.77150
74	0.77150
75	0.77150
76	0.77150
77	0.77150
78	0.77150
79	0.77150
80	0.77150
81	0.77150
82	0.77150
83	0.77150
84	0.77150
85	0.77150
86	0.77150
87	0.77150
88	0.77150
89	0.77150
90	0.77150
91	0.77150
92	0.77150
93	0.77150
94	0.77150
95	0.77150
96	0.77150
97	0.77150
98	0.77150
99	0.77150
100	0.77150
101	0.77150
102	0.77150
103	0.77150
104	0.77150
105	0.77150
106	0.77150
107	0.77150
108	0.77150
109	0.77150
110	0.77150
111	0.77150
112	0.77150
113	0.77150
114	0.77150
115	0.77150
116	0.77150
117	0.77150
118	0.77150
119	0.77150
120	0.77150
121	0.77150
122	0.77150
123	0.77150
124	0.77150
125	0.77150
126	0.77150
127	0.77150
128	0.77150
129	0.77150
130	0.77150
131	0.77150
132	0.77150
133	0.77150
134	0.77150
135	0.77150
136	0.77150
137	0.77150
138	0.77150
139	0.77150
140	0.77150
141	0.77150
142	0.77150
143	0.77150
144	0.77150
145	0.77150
146	0.77150
147	0.77150
148	0.77150
149	0.77150
150	0.77150
