0	0.00500
1	0.01200
2	0.03050
3	0.09550
4	0.23300
5	0.44650
6	0.64550
7	0.73950
8	0.76850
9	0.77350
10	0.77550
11	0.77600
12	0.77650
13	0.77700
14	0.77700
15	0.77700
16	0.77700
17	0.77700
18	0.77700
19	0.77700
20	0.77700
21	0.77700
22	0.77700
23	0.77700
24	0.77700
25	0.77700
26	0.77700
27	0.77700
28	0.77700
29	0.77700
30	0.77700
31	0.77700
32	0.77700
33	0.77700
34	0.77700
35	0.77700
36	0.77700
37	0.77700
38	0.77700
39	0.77700
40	0.77700
41	0.77700
42	0.77700
43	0.77700
44	0.77700
45	0.77700
46	0.77700
47	0.77700
48	0.77700
49	0.77700
50	0.77700
51	0.77700
52	0.77700
53	0.77700
54	0.77700
55	0.77700
56	0.77700
57	0.77700
58	0.77700
59	0.77700
60	0.77700
61	0.77700
62	0.77700
63	0.77700
64	0.77700
65	0.77700
66	0.77700
67	0.77700
68	0.77700
69	0.77700
70	0.77700
71	0.77700
72	0.77700
73	0.77700
74	0.77700
75	0.77700
76	0.77700
77	0.77700
78	0.77700
79	0.77700
80	0.77700
81	0.77700
82	0.77700
83	0.77700
84	0.77700
85	0.77700
86	0.77700
87	0.77700
88	0.77700
89	0.77700
90	0.77700
91	0.77700
92	0.77700
93	0.77700
94	0.77700
95	0.77700
96	0.77700
97	0.77700
98	0.77700
99	0.77700
100	0.77700
101	0.77700
102	0.77700
103	0.77700
104	0.77700
105	0.77700
106	0.77700
107	0.77700
108	0.77700
109	0.77700
110	0.77700
111	0.77700
112	0.77700
113	0.77700
114	0.77700
115	0.77700
116	0.77700
117	0.77700
118	0.77700
119	0.77700
120	0.77700
121	0.77700
122	0.77700
123	0.77700
124	0.77700
125	0.77700
126	0.77700
127	0.77700
128	0.77700
129	0.77700
130	0.77700
131	0.77700
132	0.77700
133	0.77700
134	0.77700
135	0.77700
136	0.77700
137	0.77700
138	0.77700
139	0.77700
140	0.77700
141	0.77700
142	0.77700
143	0.77700
144	0.77700
145	0.77700
146	0.77700
147	0.77700
148	0.77700
149	0.77700
