0	0.00000
1	0.00000
2	0.00000
3	0.06046
4	0.21984
5	0.45965
6	0.88309
7	1.16851
8	1.27705
9	1.28595
10	1.20505
11	1.08505
12	0.93255
13	0.72723
14	0.56884
15	0.43808
16	0.33480
17	0.25663
18	0.19258
19	0.15066
20	0.11331
21	0.08526
22	0.06722
23	0.05434
24	0.04902
25	0.03900
26	0.03074
27	0.02505
28	0.02081
29	0.01699
30	0.01352
31	0.00710
32	0.00606
33	0.00451
34	0.00360
35	0.00300
36	0.00257
37	0.00205
38	0.00205
39	0.00143
40	0.00143
41	0.00063
42	0.00048
43	0.00048
44	0.00048
45	0.00169
46	0.00215
47	0.00204
48	0.00203
49	0.00166
50	0.00166
51	0.00166
52	0.00046
53	0.00000
54	0.00000
55	0.00000
56	0.00000
57	0.00000
58	0.00000
59	0.00000
60	0.00000
61	0.00000
62	0.00000
63	0.00000
64	0.00000
65	0.00000
66	0.00000
67	0.00000
68	0.00000
69	0.00000
70	0.00000
71	0.00000
72	0.00000
73	0.00000
74	0.00000
75	0.00000
76	0.00000
77	0.00000
78	0.00000
79	0.00000
80	0.00000
81	0.00000
82	0.00000
83	0.00000
84	0.00000
85	0.00000
86	0.00000
87	0.00000
88	0.00000
89	0.00000
90	0.00000
91	0.00000
92	0.00000
93	0.00000
94	0.00000
95	0.00000
96	0.00000
97	0.00000
98	0.00000
99	0.00000
