0	0.00500
1	0.00500
2	0.00550
3	0.00700
4	0.00800
5	0.01150
6	0.01300
7	0.01450
8	0.01650
9	0.02050
10	0.02400
11	0.02950
12	0.03350
13	0.04250
14	0.04800
15	0.05500
16	0.06550
17	0.07950
18	0.09250
19	0.10950
20	0.12700
21	0.15050
22	0.17150
23	0.19900
24	0.22200
25	0.24400
26	0.28150
27	0.30550
28	0.33100
29	0.36450
30	0.39500
31	0.42450
32	0.45550
33	0.47750
34	0.50000
35	0.52800
36	0.55750
37	0.57750
38	0.59800
39	0.61650
40	0.63050
41	0.64350
42	0.65850
43	0.67000
44	0.67950
45	0.68950
46	0.69650
47	0.70700
48	0.71450
49	0.72250
50	0.72950
51	0.73350
52	0.73800
53	0.74100
54	0.74300
55	0.74600
56	0.74900
57	0.75100
58	0.75250
59	0.75600
60	0.75600
61	0.75750
62	0.75950
63	0.76050
64	0.76050
65	0.76150
66	0.76250
67	0.76400
68	0.76400
69	0.76500
70	0.76500
71	0.76500
72	0.76500
73	0.76500
74	0.76550
75	0.76600
76	0.76600
77	0.76600
78	0.76600
79	0.76650
80	0.76650
81	0.76650
82	0.76700
83	0.76700
84	0.76700
85	0.76700
86	0.76700
87	0.76700
88	0.76700
89	0.76700
90	0.76700
91	0.76700
92	0.76700
93	0.76700
94	0.76700
95	0.76700
96	0.76700
97	0.76700
98	0.76700
99	0.76700
100	0.76700
101	0.76700
102	0.76700
103	0.76700
104	0.76700
105	0.76700
106	0.76700
107	0.76700
108	0.76700
109	0.76700
110	0.76700
111	0.76700
112	0.76700
113	0.76700
114	0.76700
115	0.76700
116	0.76700
117	0.76700
118	0.76700
119	0.76700
120	0.76700
121	0.76700
122	0.76700
123	0.76700
124	0.76700
125	0.76700
126	0.76700
127	0.76700
128	0.76700
129	0.76700
130	0.76700
131	0.76700
132	0.76700
133	0.76700
134	0.76700
135	0.76700
136	0.76700
137	0.76700
138	0.76700
139	0.76700
140	0.76700
141	0.76700
142	0.76700
143	0.76700
144	0.76700
145	0.76700
146	0.76700
147	0.76700
148	0.76700
149	0.76700
150	0.76700
151	0.76700
152	0.76700
153	0.76700
154	0.76700
155	0.76700
156	0.76700
157	0.76700
158	0.76700
159	0.76700
160	0.76700
161	0.76700
162	0.76700
163	0.76700
164	0.76700
165	0.76700
166	0.76700
167	0.76700
168	0.76700
169	0.76700
170	0.76700
171	0.76700
172	0.76700
173	0.76700
174	0.76700
175	0.76700
176	0.76700
177	0.76700
178	0.76700
179	0.76700
