0	0.00000
1	0.00000
2	0.00000
3	0.00000
4	0.03810
5	0.15810
6	0.21458
7	0.44880
8	0.51761
9	0.54295
10	0.62039
11	0.89045
12	0.92678
13	0.99770
14	0.94212
15	1.05451
16	0.93058
17	0.90295
18	0.88911
19	0.89986
20	0.84247
21	0.81416
22	0.73890
23	0.72842
24	0.68370
25	0.66173
26	0.58612
27	0.51983
28	0.53226
29	0.45614
30	0.40863
31	0.39527
32	0.36455
33	0.33542
34	0.30836
35	0.26328
36	0.23546
37	0.21507
38	0.19804
39	0.17584
40	0.15993
41	0.14389
42	0.12392
43	0.10552
44	0.09485
45	0.08184
46	0.07037
47	0.06248
48	0.05343
49	0.05060
50	0.04618
51	0.04268
52	0.03984
53	0.03439
54	0.03029
55	0.02589
56	0.02090
57	0.01837
58	0.01612
59	0.01375
60	0.01242
61	0.01287
62	0.01001
63	0.01013
64	0.00973
65	0.00880
66	0.00699
67	0.00677
68	0.00616
69	0.00774
70	0.00626
71	0.00579
72	0.00504
73	0.00463
74	0.00384
75	0.00312
76	0.00134
77	0.00167
78	0.00087
79	0.00085
80	0.00083
81	0.00128
82	0.00125
83	0.00087
84	0.00088
85	0.00088
86	0.00088
87	0.00088
88	0.00043
89	0.00043
90	0.00043
91	0.00000
92	0.00000
93	0.00000
94	0.00000
95	0.00000
96	0.00000
97	0.00000
98	0.00000
99	0.00000
100	0.00000
101	0.00000
102	0.00000
103	0.00000
104	0.00000
105	0.00000
106	0.00000
107	0.00000
108	0.00000
109	0.00000
110	0.00000
111	0.00000
112	0.00000
113	0.00000
114	0.00000
115	0.00000
116	0.00000
117	0.00000
118	0.00000
119	0.00000
120	0.00000
121	0.00000
122	0.00000
123	0.00000
124	0.00000
125	0.00000
126	0.00000
127	0.00000
128	0.00000
129	0.00000
130	0.00000
131	0.00000
132	0.00000
133	0.00000
134	0.00000
135	0.00000
136	0.00000
137	0.00000
138	0.00000
139	0.00000
140	0.00000
141	0.00000
142	0.00000
143	0.00000
144	0.00000
145	0.00000
146	0.00000
147	0.00000
148	0.00000
149	0.00000
150	0.00000
151	0.00000
152	0.00000
153	0.00000
154	0.00000
155	0.00000
156	0.00000
157	0.00000
158	0.00000
159	0.00000
160	0.00000
161	0.00000
162	0.00000
163	0.00000
164	0.00000
165	0.00000
166	0.00000
167	0.00000
168	0.00000
169	0.00000
170	0.00000
171	0.00000
172	0.00000
173	0.00000
174	0.00000
175	0.00000
176	0.00000
177	0.00000
178	0.00000
179	0.00000
