0	0.00500
1	0.01250
2	0.03150
3	0.08900
4	0.22200
5	0.45500
6	0.67100
7	0.77350
8	0.81900
9	0.83050
10	0.83500
11	0.83600
12	0.83650
13	0.83700
14	0.83700
15	0.83700
16	0.83700
17	0.83700
18	0.83700
19	0.83700
20	0.83700
21	0.83700
22	0.83700
23	0.83700
24	0.83700
25	0.83700
26	0.83700
27	0.83700
28	0.83700
29	0.83700
30	0.83700
31	0.83700
32	0.83700
33	0.83700
34	0.83700
35	0.83700
36	0.83700
37	0.83700
38	0.83700
39	0.83700
40	0.83700
41	0.83700
42	0.83700
43	0.83700
44	0.83700
45	0.83700
46	0.83700
47	0.83700
48	0.83700
49	0.83700
50	0.83700
51	0.83700
52	0.83700
53	0.83700
54	0.83700
55	0.83700
56	0.83700
57	0.83700
58	0.83700
59	0.83700
60	0.83700
61	0.83700
62	0.83700
63	0.83700
64	0.83700
65	0.83700
66	0.83700
67	0.83700
68	0.83700
69	0.83700
70	0.83700
71	0.83700
72	0.83700
73	0.83700
74	0.83700
75	0.83700
76	0.83700
77	0.83700
78	0.83700
79	0.83700
80	0.83700
81	0.83700
82	0.83700
83	0.83700
84	0.83700
85	0.83700
86	0.83700
87	0.83700
88	0.83700
89	0.83700
90	0.83700
91	0.83700
92	0.83700
93	0.83700
94	0.83700
95	0.83700
96	0.83700
97	0.83700
98	0.83700
99	0.83700
100	0.83700
101	0.83700
102	0.83700
103	0.83700
104	0.83700
105	0.83700
106	0.83700
107	0.83700
108	0.83700
109	0.83700
110	0.83700
111	0.83700
112	0.83700
113	0.83700
114	0.83700
115	0.83700
116	0.83700
117	0.83700
118	0.83700
119	0.83700
120	0.83700
121	0.83700
122	0.83700
123	0.83700
124	0.83700
125	0.83700
126	0.83700
127	0.83700
128	0.83700
129	0.83700
130	0.83700
131	0.83700
132	0.83700
133	0.83700
134	0.83700
135	0.83700
136	0.83700
137	0.83700
138	0.83700
139	0.83700
140	0.83700
141	0.83700
142	0.83700
143	0.83700
144	0.83700
145	0.83700
146	0.83700
147	0.83700
148	0.83700
149	0.83700
150	0.83700
