0	0.00100
1	0.00100
2	0.00100
3	0.00100
4	0.00100
5	0.00100
6	0.00100
7	0.00100
8	0.00100
9	0.00100
10	0.00100
11	0.00100
12	0.00100
13	0.00100
14	0.00100
15	0.00100
16	0.00100
17	0.00100
18	0.00100
19	0.00100
20	0.00100
21	0.00100
22	0.00100
23	0.00100
24	0.00100
25	0.00100
26	0.00100
27	0.00100
28	0.00100
29	0.00100
30	0.00100
31	0.00100
32	0.00100
33	0.00100
34	0.00100
35	0.00100
36	0.00100
37	0.00100
38	0.00100
39	0.00100
40	0.00100
41	0.00100
42	0.00100
43	0.00100
44	0.00100
45	0.00100
46	0.00100
47	0.00100
48	0.00100
49	0.00100
50	0.00100
51	0.00100
52	0.00100
53	0.00100
54	0.00100
55	0.00100
56	0.00100
57	0.00100
58	0.00100
59	0.00100
60	0.00100
61	0.00100
62	0.00100
63	0.00100
64	0.00100
65	0.00100
66	0.00100
67	0.00100
68	0.00100
69	0.00100
70	0.00100
71	0.00100
72	0.00100
73	0.00100
74	0.00100
75	0.00100
76	0.00100
77	0.00100
78	0.00100
79	0.00100
80	0.00100
81	0.00100
82	0.00100
83	0.00100
84	0.00100
85	0.00100
86	0.00100
87	0.00100
88	0.00100
89	0.00100
90	0.00100
91	0.00100
92	0.00100
93	0.00100
94	0.00100
95	0.00100
96	0.00100
97	0.00100
98	0.00100
99	0.00100
100	0.00100
101	0.00100
102	0.00100
103	0.00100
104	0.00100
105	0.00100
106	0.00100
107	0.00100
108	0.00100
109	0.00100
110	0.00100
111	0.00100
112	0.00100
113	0.00100
114	0.00100
115	0.00100
116	0.00100
117	0.00100
118	0.00100
119	0.00100
120	0.00100
121	0.00100
122	0.00100
123	0.00100
124	0.00100
125	0.00100
126	0.00100
127	0.00100
128	0.00100
129	0.00100
130	0.00100
131	0.00100
132	0.00100
133	0.00100
134	0.00100
135	0.00110
136	0.00110
137	0.00110
138	0.00110
139	0.00110
140	0.00110
141	0.00110
142	0.00110
143	0.00110
144	0.00110
145	0.00110
146	0.00110
147	0.00110
148	0.00110
149	0.00110
150	0.00110
151	0.00110
152	0.00110
153	0.00110
154	0.00110
155	0.00110
156	0.00110
157	0.00110
158	0.00110
159	0.00110
160	0.00110
161	0.00110
162	0.00110
163	0.00110
164	0.00110
165	0.00110
166	0.00110
167	0.00110
168	0.00110
169	0.00110
170	0.00110
171	0.00110
172	0.00110
173	0.00110
174	0.00110
175	0.00110
176	0.00110
177	0.00110
178	0.00110
179	0.00110
180	0.00110
181	0.00110
182	0.00110
183	0.00110
184	0.00110
185	0.00110
186	0.00110
187	0.00110
188	0.00110
189	0.00110
190	0.00110
191	0.00110
192	0.00110
193	0.00110
194	0.00110
195	0.00110
196	0.00110
197	0.00110
198	0.00110
199	0.00110
