0	0.00500
1	0.00550
2	0.00700
3	0.00750
4	0.00750
5	0.00750
6	0.00850
7	0.01050
8	0.01200
9	0.01750
10	0.01800
11	0.01850
12	0.01900
13	0.02050
14	0.02250
15	0.02600
16	0.02900
17	0.03150
18	0.03350
19	0.03500
20	0.03750
21	0.04200
22	0.04550
23	0.05200
24	0.05950
25	0.06700
26	0.07400
27	0.08100
28	0.08600
29	0.09300
30	0.09900
31	0.10850
32	0.11750
33	0.12500
34	0.13400
35	0.14350
36	0.15450
37	0.16450
38	0.17700
39	0.19000
40	0.20050
41	0.21550
42	0.22650
43	0.23750
44	0.25250
45	0.26650
46	0.28000
47	0.29250
48	0.30650
49	0.32050
50	0.33300
51	0.34500
52	0.35350
53	0.36550
54	0.37500
55	0.38450
56	0.39650
57	0.40450
58	0.41300
59	0.42400
60	0.43500
61	0.44100
62	0.44700
63	0.45500
64	0.45850
65	0.46400
66	0.47050
67	0.47450
68	0.47900
69	0.48200
70	0.48550
71	0.49000
72	0.49450
73	0.49600
74	0.49950
75	0.50300
76	0.50500
77	0.50700
78	0.50750
79	0.50850
80	0.51100
81	0.51300
82	0.51350
83	0.51450
84	0.51750
85	0.51800
86	0.51800
87	0.51900
88	0.52000
89	0.52000
90	0.52050
91	0.52050
92	0.52100
93	0.52100
94	0.52100
95	0.52150
96	0.52150
97	0.52150
98	0.52150
99	0.52150
