0	0	0	0	0	0	
1	1001	0	0	0	0	
2	999	0	0	0	0	
3	999	0	0	0	0	
4	999	0	0	0	0	
5	999	0	0	0	0	
6	998	0	0	0	0	
7	996	0	0	0	0	
8	995	0	0	0	0	
9	0	991	0	0	0	
10	0	0	990	0	0	
11	0	0	0	990	0	
12	0	0	0	0	990	
13	0	0	0	0	989	
14	0	0	0	0	989	
15	0	0	0	0	989	
16	0	0	0	0	989	
17	0	0	0	0	989	
18	0	0	0	0	989	
19	0	0	0	0	989	
20	0	0	0	0	989	
21	0	0	0	0	989	
22	0	0	0	0	989	
23	0	0	0	0	988	
24	0	0	0	0	988	
25	0	0	0	0	988	
26	0	0	0	0	986	
27	0	0	0	0	985	
28	0	0	0	0	985	
29	0	0	0	0	985	
30	0	0	0	0	985	
31	0	0	0	0	983	
32	0	0	0	0	983	
33	0	0	0	0	982	
34	0	0	0	0	981	
35	0	0	0	0	981	
36	0	0	0	0	980	
37	0	0	0	0	980	
38	0	0	0	0	979	
39	0	0	0	0	977	
40	0	0	0	0	976	
41	0	0	0	0	975	
42	0	0	0	0	975	
43	0	0	0	0	975	
44	0	0	0	0	975	
45	0	0	0	0	973	
46	0	0	0	0	971	
47	0	0	0	0	969	
48	0	0	0	0	967	
49	0	0	0	0	961	
50	0	0	0	0	961	
51	0	0	0	0	960	
52	0	0	0	0	959	
53	0	0	0	0	958	
54	0	0	0	0	958	
55	0	0	0	0	957	
56	0	0	0	0	957	
57	0	0	0	0	957	
58	0	0	0	0	957	
59	0	0	0	0	957	
60	0	0	0	0	957	
61	0	0	0	0	957	
62	0	0	0	0	957	
63	0	0	0	0	957	
64	0	0	0	0	956	
65	0	0	0	0	956	
66	0	0	0	0	956	
67	0	0	0	0	955	
68	0	0	0	0	955	
69	0	0	0	0	955	
70	0	0	0	0	955	
71	0	0	0	0	955	
72	0	0	0	0	955	
73	0	0	0	0	955	
74	0	0	0	0	954	
75	0	0	0	0	954	
76	0	0	0	0	954	
77	0	0	0	0	954	
78	0	0	0	0	954	
79	0	0	0	0	954	
80	0	0	0	0	954	
81	0	0	0	0	954	
82	0	0	0	0	954	
83	0	0	0	0	954	
84	0	0	0	0	953	
85	0	0	0	0	953	
86	0	0	0	0	953	
87	0	0	0	0	953	
88	0	0	0	0	953	
89	0	0	0	0	953	
90	0	0	0	0	953	
91	0	0	0	0	953	
92	0	0	0	0	953	
93	0	0	0	0	953	
94	0	0	0	0	953	
95	0	0	0	0	953	
96	0	0	0	0	953	
97	0	0	0	0	953	
98	0	0	0	0	953	
99	0	0	0	0	953	
