0	0.00500
1	0.01000
2	0.01750
3	0.03950
4	0.07400
5	0.12850
6	0.18850
7	0.25650
8	0.32200
9	0.38000
10	0.44750
11	0.49450
12	0.53800
13	0.58250
14	0.60950
15	0.63250
16	0.65450
17	0.66850
18	0.67900
19	0.68950
20	0.69750
21	0.70250
22	0.70750
23	0.71200
24	0.71550
25	0.71750
26	0.71900
27	0.72150
28	0.72200
29	0.72350
30	0.72350
31	0.72350
32	0.72450
33	0.72450
34	0.72550
35	0.72550
36	0.72550
37	0.72600
38	0.72600
39	0.72600
40	0.72600
41	0.72650
42	0.72700
43	0.72750
44	0.72750
45	0.72800
46	0.72800
47	0.72800
48	0.72800
49	0.72800
50	0.72800
51	0.72800
52	0.72800
53	0.72800
54	0.72800
55	0.72800
56	0.72800
57	0.72800
58	0.72800
59	0.72800
60	0.72800
61	0.72800
62	0.72800
63	0.72800
64	0.72800
65	0.72800
66	0.72800
67	0.72800
68	0.72800
69	0.72800
70	0.72800
71	0.72800
72	0.72800
73	0.72800
74	0.72800
75	0.72800
76	0.72800
77	0.72800
78	0.72800
79	0.72800
80	0.72800
81	0.72800
82	0.72800
83	0.72800
84	0.72800
85	0.72800
86	0.72800
87	0.72800
88	0.72800
89	0.72800
90	0.72800
91	0.72800
92	0.72800
93	0.72800
94	0.72800
95	0.72800
96	0.72800
97	0.72800
98	0.72800
99	0.72800
