0	0.00500
1	0.01850
2	0.05500
3	0.14950
4	0.35300
5	0.63100
6	0.80100
7	0.86200
8	0.87450
9	0.87700
10	0.87700
11	0.87700
12	0.87700
13	0.87700
14	0.87700
15	0.87700
16	0.87700
17	0.87700
18	0.87700
19	0.87700
20	0.87700
21	0.87700
22	0.87700
23	0.87700
24	0.87700
25	0.87700
26	0.87700
27	0.87700
28	0.87700
29	0.87700
30	0.87700
31	0.87700
32	0.87700
33	0.87700
34	0.87700
35	0.87700
36	0.87700
37	0.87700
38	0.87700
39	0.87700
40	0.87700
41	0.87700
42	0.87700
43	0.87700
44	0.87700
45	0.87700
46	0.87700
47	0.87700
48	0.87700
49	0.87700
50	0.87700
51	0.87700
52	0.87700
53	0.87700
54	0.87700
55	0.87700
56	0.87700
57	0.87700
58	0.87700
59	0.87700
60	0.87700
61	0.87700
62	0.87700
63	0.87700
64	0.87700
65	0.87700
66	0.87700
67	0.87700
68	0.87700
69	0.87700
70	0.87700
71	0.87700
72	0.87700
73	0.87700
74	0.87700
75	0.87700
76	0.87700
77	0.87700
78	0.87700
79	0.87700
80	0.87700
81	0.87700
82	0.87700
83	0.87700
84	0.87700
85	0.87700
86	0.87700
87	0.87700
88	0.87700
89	0.87700
90	0.87700
91	0.87700
92	0.87700
93	0.87700
94	0.87700
95	0.87700
96	0.87700
97	0.87700
98	0.87700
99	0.87700
100	0.87700
101	0.87700
102	0.87700
103	0.87700
104	0.87700
105	0.87700
106	0.87700
107	0.87700
108	0.87700
109	0.87700
110	0.87700
111	0.87700
112	0.87700
113	0.87700
114	0.87700
115	0.87700
116	0.87700
117	0.87700
118	0.87700
119	0.87700
120	0.87700
121	0.87700
122	0.87700
123	0.87700
124	0.87700
125	0.87700
126	0.87700
127	0.87700
128	0.87700
129	0.87700
130	0.87700
131	0.87700
132	0.87700
133	0.87700
134	0.87700
135	0.87700
136	0.87700
137	0.87700
138	0.87700
139	0.87700
140	0.87700
141	0.87700
142	0.87700
143	0.87700
144	0.87700
145	0.87700
146	0.87700
147	0.87700
148	0.87700
149	0.87700
