0	0	0	0	0	0	
1	743	0	0	0	0	
2	716	0	0	0	0	
3	410	234	0	0	0	
4	0	306	189	0	0	
5	0	46	140	150	0	
6	0	25	75	97	70	
7	0	21	65	87	76	
8	0	18	64	87	76	
9	0	18	64	87	76	
10	0	18	64	87	76	
11	0	18	64	87	76	
12	0	18	64	87	76	
13	0	18	64	87	76	
14	0	18	64	87	76	
15	0	18	64	87	76	
16	0	18	64	87	76	
17	0	18	64	87	76	
18	0	18	64	87	76	
19	0	18	64	87	76	
20	0	18	64	87	76	
21	0	18	64	87	76	
22	0	18	64	87	76	
23	0	18	64	87	76	
24	0	18	64	87	76	
25	0	18	64	87	76	
26	0	18	64	87	76	
27	0	18	64	87	76	
28	0	18	64	87	76	
29	0	18	64	87	76	
30	0	18	64	87	76	
31	0	18	64	87	76	
32	0	18	64	87	76	
33	0	18	64	87	76	
34	0	18	64	87	76	
35	0	18	64	87	76	
36	0	18	64	87	76	
37	0	18	64	87	76	
38	0	18	64	87	76	
39	0	18	64	87	76	
40	0	18	64	87	76	
41	0	18	64	87	76	
42	0	18	64	87	76	
43	0	18	64	87	76	
44	0	18	64	87	76	
45	0	18	64	87	76	
46	0	18	64	87	76	
47	0	18	64	87	76	
48	0	18	64	87	76	
49	0	18	64	87	76	
50	0	18	64	87	76	
51	0	18	64	87	76	
52	0	18	64	87	76	
53	0	18	64	87	76	
54	0	18	64	87	76	
55	0	18	64	87	76	
56	0	18	64	87	76	
57	0	18	64	87	76	
58	0	18	64	87	76	
59	0	18	64	87	76	
60	0	18	64	87	76	
61	0	18	64	87	76	
62	0	18	64	87	76	
63	0	18	64	87	76	
64	0	18	64	87	76	
65	0	18	64	87	76	
66	0	18	64	87	76	
67	0	18	64	87	76	
68	0	18	64	87	76	
69	0	18	64	87	76	
70	0	18	64	87	76	
71	0	18	64	87	76	
72	0	18	64	87	76	
73	0	18	64	87	76	
74	0	18	64	87	76	
75	0	18	64	87	76	
76	0	18	64	87	76	
77	0	18	64	87	76	
78	0	18	64	87	76	
79	0	18	64	87	76	
80	0	18	64	87	76	
81	0	18	64	87	76	
82	0	18	64	87	76	
83	0	18	64	87	76	
84	0	18	64	87	76	
85	0	18	64	87	76	
86	0	18	64	87	76	
87	0	18	64	87	76	
88	0	18	64	87	76	
89	0	18	64	87	76	
90	0	18	64	87	76	
91	0	18	64	87	76	
92	0	18	64	87	76	
93	0	18	64	87	76	
94	0	18	64	87	76	
95	0	18	64	87	76	
96	0	18	64	87	76	
97	0	18	64	87	76	
98	0	18	64	87	76	
99	0	18	64	87	76	
100	0	18	64	87	76	
101	0	18	64	87	76	
102	0	18	64	87	76	
103	0	18	64	87	76	
104	0	18	64	87	76	
105	0	18	64	87	76	
106	0	18	64	87	76	
107	0	18	64	87	76	
108	0	18	64	87	76	
109	0	18	64	87	76	
110	0	18	64	87	76	
111	0	18	64	87	76	
112	0	18	64	87	76	
113	0	18	64	87	76	
114	0	18	64	87	76	
115	0	18	64	87	76	
116	0	18	64	87	76	
117	0	18	64	87	76	
118	0	18	64	87	76	
119	0	18	64	87	76	
120	0	18	64	87	76	
121	0	18	64	87	76	
122	0	18	64	87	76	
123	0	18	64	87	76	
124	0	18	64	87	76	
125	0	18	64	87	76	
126	0	18	64	87	76	
127	0	18	64	87	76	
128	0	18	64	87	76	
129	0	18	64	87	76	
130	0	18	64	87	76	
131	0	18	64	87	76	
132	0	18	64	87	76	
133	0	18	64	87	76	
134	0	18	64	87	76	
135	0	18	64	87	76	
136	0	18	64	87	76	
137	0	18	64	87	76	
138	0	18	64	87	76	
139	0	18	64	87	76	
140	0	18	64	87	76	
141	0	18	64	87	76	
142	0	18	64	87	76	
143	0	18	64	87	76	
144	0	18	64	87	76	
145	0	18	64	87	76	
146	0	18	64	87	76	
147	0	18	64	87	76	
148	0	18	64	87	76	
149	0	18	64	87	76	
