0	0	0	0	0	0	
1	748	0	0	0	0	
2	740	0	0	0	0	
3	672	62	0	0	0	
4	382	281	59	0	0	
5	144	229	270	58	0	
6	52	85	223	260	56	
7	28	18	82	214	309	
8	18	9	16	79	520	
9	13	4	8	16	594	
10	12	1	3	8	607	
11	10	1	0	3	612	
12	9	1	0	0	614	
13	7	0	0	0	613	
14	6	0	0	0	611	
15	5	0	0	0	610	
16	4	0	0	0	609	
17	4	0	0	0	608	
18	4	0	0	0	608	
19	2	0	0	0	608	
20	2	0	0	0	607	
21	1	0	0	0	607	
22	1	0	0	0	607	
23	1	0	0	0	607	
24	1	0	0	0	607	
25	1	0	0	0	607	
26	1	0	0	0	607	
27	1	0	0	0	607	
28	1	0	0	0	607	
29	1	0	0	0	607	
30	1	0	0	0	607	
31	1	0	0	0	607	
32	1	0	0	0	607	
33	1	0	0	0	607	
34	1	0	0	0	607	
35	1	0	0	0	607	
36	1	0	0	0	607	
37	1	0	0	0	607	
38	1	0	0	0	607	
39	1	0	0	0	607	
40	1	0	0	0	607	
41	1	0	0	0	607	
42	1	0	0	0	607	
43	1	0	0	0	607	
44	1	0	0	0	607	
45	1	0	0	0	607	
46	1	0	0	0	607	
47	1	0	0	0	607	
48	1	0	0	0	607	
49	1	0	0	0	607	
50	1	0	0	0	607	
51	1	0	0	0	607	
52	1	0	0	0	607	
53	1	0	0	0	607	
54	1	0	0	0	607	
55	0	0	0	0	607	
56	0	0	0	0	607	
57	0	0	0	0	607	
58	0	0	0	0	607	
59	0	0	0	0	607	
60	0	0	0	0	607	
61	0	0	0	0	607	
62	0	0	0	0	607	
63	0	0	0	0	607	
64	0	0	0	0	607	
65	0	0	0	0	607	
66	0	0	0	0	607	
67	0	0	0	0	607	
68	0	0	0	0	607	
69	0	0	0	0	607	
70	0	0	0	0	607	
71	0	0	0	0	607	
72	0	0	0	0	607	
73	0	0	0	0	607	
74	0	0	0	0	607	
75	0	0	0	0	607	
76	0	0	0	0	607	
77	0	0	0	0	607	
78	0	0	0	0	607	
79	0	0	0	0	607	
80	0	0	0	0	607	
81	0	0	0	0	607	
82	0	0	0	0	607	
83	0	0	0	0	607	
84	0	0	0	0	607	
85	0	0	0	0	607	
86	0	0	0	0	607	
87	0	0	0	0	607	
88	0	0	0	0	607	
89	0	0	0	0	607	
90	0	0	0	0	607	
91	0	0	0	0	607	
92	0	0	0	0	607	
93	0	0	0	0	607	
94	0	0	0	0	607	
95	0	0	0	0	607	
96	0	0	0	0	607	
97	0	0	0	0	607	
98	0	0	0	0	607	
99	0	0	0	0	607	
