0	0.00500
1	0.01450
2	0.03850
3	0.10700
4	0.25450
5	0.50900
6	0.71400
7	0.79950
8	0.82150
9	0.82800
10	0.82900
11	0.82950
12	0.82950
13	0.82950
14	0.82950
15	0.82950
16	0.82950
17	0.82950
18	0.82950
19	0.82950
20	0.82950
21	0.82950
22	0.82950
23	0.82950
24	0.82950
25	0.82950
26	0.82950
27	0.82950
28	0.82950
29	0.82950
30	0.82950
31	0.82950
32	0.82950
33	0.82950
34	0.82950
35	0.82950
36	0.82950
37	0.82950
38	0.82950
39	0.82950
40	0.82950
41	0.82950
42	0.82950
43	0.82950
44	0.82950
45	0.82950
46	0.82950
47	0.82950
48	0.82950
49	0.82950
50	0.82950
51	0.82950
52	0.82950
53	0.82950
54	0.82950
55	0.82950
56	0.82950
57	0.82950
58	0.82950
59	0.82950
60	0.82950
61	0.82950
62	0.82950
63	0.82950
64	0.82950
65	0.82950
66	0.82950
67	0.82950
68	0.82950
69	0.82950
70	0.82950
71	0.82950
72	0.82950
73	0.82950
74	0.82950
75	0.82950
76	0.82950
77	0.82950
78	0.82950
79	0.82950
80	0.82950
81	0.82950
82	0.82950
83	0.82950
84	0.82950
85	0.82950
86	0.82950
87	0.82950
88	0.82950
89	0.82950
90	0.82950
91	0.82950
92	0.82950
93	0.82950
94	0.82950
95	0.82950
96	0.82950
97	0.82950
98	0.82950
99	0.82950
100	0.82950
101	0.82950
102	0.82950
103	0.82950
104	0.82950
105	0.82950
106	0.82950
107	0.82950
108	0.82950
109	0.82950
110	0.82950
111	0.82950
112	0.82950
113	0.82950
114	0.82950
115	0.82950
116	0.82950
117	0.82950
118	0.82950
119	0.82950
120	0.82950
121	0.82950
122	0.82950
123	0.82950
124	0.82950
125	0.82950
126	0.82950
127	0.82950
128	0.82950
129	0.82950
130	0.82950
131	0.82950
132	0.82950
133	0.82950
134	0.82950
135	0.82950
136	0.82950
137	0.82950
138	0.82950
139	0.82950
140	0.82950
141	0.82950
142	0.82950
143	0.82950
144	0.82950
145	0.82950
146	0.82950
147	0.82950
148	0.82950
149	0.82950
