0	0.00000
1	0.00050
2	0.00050
3	0.00050
4	0.00000
5	0.00000
6	0.00000
7	0.00050
8	0.00050
9	0.00000
10	0.00000
11	0.00150
12	0.00000
13	0.00050
14	0.00050
15	0.00200
16	0.00100
17	0.00050
18	0.00000
19	0.00050
20	0.00100
21	0.00150
22	0.00050
23	0.00050
24	0.00150
25	0.00150
26	0.00100
27	0.00150
28	0.00300
29	0.00100
30	0.00250
31	0.00100
32	0.00350
33	0.00200
34	0.00050
35	0.00350
36	0.00300
37	0.00350
38	0.00350
39	0.00350
40	0.00350
41	0.00400
42	0.00250
43	0.00600
44	0.00550
45	0.00600
46	0.00700
47	0.00700
48	0.00450
49	0.00850
50	0.01100
51	0.00800
52	0.00800
53	0.00550
54	0.01100
55	0.01100
56	0.00600
57	0.01250
58	0.01350
59	0.01100
60	0.01200
61	0.01350
62	0.01800
63	0.01600
64	0.01650
65	0.01600
66	0.01200
67	0.01550
68	0.02500
69	0.02000
70	0.02300
71	0.02050
72	0.01700
73	0.02250
74	0.01550
75	0.01500
76	0.01650
77	0.01400
78	0.01850
79	0.01650
80	0.01450
81	0.01500
82	0.01600
83	0.01500
84	0.01350
85	0.01250
86	0.01700
87	0.01600
88	0.01000
89	0.00950
90	0.01100
91	0.00900
92	0.00850
93	0.01100
94	0.01700
95	0.00850
96	0.00900
97	0.00900
98	0.00700
99	0.01250
100	0.00650
101	0.00550
102	0.00900
103	0.01150
104	0.00700
105	0.00750
106	0.00500
107	0.00600
108	0.01000
109	0.00500
110	0.00250
111	0.00150
112	0.00650
113	0.00700
114	0.00300
115	0.00600
116	0.00450
117	0.00550
118	0.00700
119	0.00350
120	0.00300
121	0.00400
122	0.00350
123	0.00450
124	0.00400
125	0.00200
126	0.00250
127	0.00250
128	0.00200
129	0.00200
130	0.00300
131	0.00400
132	0.00300
133	0.00150
134	0.00400
135	0.00150
136	0.00100
137	0.00250
138	0.00150
139	0.00200
140	0.00100
141	0.00100
142	0.00100
143	0.00150
144	0.00100
145	0.00100
146	0.00050
147	0.00050
148	0.00150
149	0.00050
150	0.00150
151	0.00100
152	0.00150
153	0.00200
154	0.00100
155	0.00000
156	0.00100
157	0.00050
158	0.00000
159	0.00150
160	0.00100
161	0.00150
162	0.00050
163	0.00050
164	0.00000
165	0.00000
166	0.00050
167	0.00050
168	0.00050
169	0.00050
170	0.00000
171	0.00000
172	0.00050
173	0.00000
174	0.00000
175	0.00050
176	0.00000
177	0.00000
178	0.00050
179	0.00050
