0	0.00500
1	0.00550
2	0.00600
3	0.00650
4	0.00650
5	0.00650
6	0.00650
7	0.00700
8	0.00750
9	0.00750
10	0.00750
11	0.00900
12	0.00900
13	0.00950
14	0.01000
15	0.01200
16	0.01300
17	0.01350
18	0.01350
19	0.01400
20	0.01500
21	0.01650
22	0.01700
23	0.01750
24	0.01900
25	0.02050
26	0.02150
27	0.02300
28	0.02600
29	0.02700
30	0.02950
31	0.03050
32	0.03400
33	0.03600
34	0.03650
35	0.04000
36	0.04300
37	0.04650
38	0.05000
39	0.05350
40	0.05700
41	0.06100
42	0.06350
43	0.06950
44	0.07500
45	0.08100
46	0.08800
47	0.09500
48	0.09950
49	0.10800
50	0.11900
51	0.12700
52	0.13500
53	0.14050
54	0.15150
55	0.16250
56	0.16850
57	0.18100
58	0.19450
59	0.20550
60	0.21750
61	0.23100
62	0.24900
63	0.26500
64	0.28150
65	0.29750
66	0.30950
67	0.32500
68	0.35000
69	0.37000
70	0.39300
71	0.41350
72	0.43050
73	0.45300
74	0.46850
75	0.48350
76	0.50000
77	0.51400
78	0.53250
79	0.54900
80	0.56350
81	0.57850
82	0.59450
83	0.60950
84	0.62300
85	0.63550
86	0.65250
87	0.66850
88	0.67850
89	0.68800
90	0.69900
91	0.70800
92	0.71650
93	0.72750
94	0.74450
95	0.75300
96	0.76200
97	0.77100
98	0.77800
99	0.79050
100	0.79700
101	0.80250
102	0.81150
103	0.82300
104	0.83000
105	0.83750
106	0.84250
107	0.84850
108	0.85850
109	0.86350
110	0.86600
111	0.86750
112	0.87400
113	0.88100
114	0.88400
115	0.89000
116	0.89450
117	0.90000
118	0.90700
119	0.91050
120	0.91350
121	0.91750
122	0.92100
123	0.92550
124	0.92950
125	0.93150
126	0.93400
127	0.93650
128	0.93850
129	0.94050
130	0.94350
131	0.94750
132	0.95050
133	0.95200
134	0.95600
135	0.95750
136	0.95850
137	0.96100
138	0.96250
139	0.96450
140	0.96550
141	0.96650
142	0.96750
143	0.96900
144	0.97000
145	0.97100
146	0.97150
147	0.97200
148	0.97350
149	0.97400
150	0.97550
151	0.97650
152	0.97800
153	0.98000
154	0.98100
155	0.98100
156	0.98200
157	0.98250
158	0.98250
159	0.98400
160	0.98500
161	0.98650
162	0.98700
163	0.98750
164	0.98750
165	0.98750
166	0.98800
167	0.98850
168	0.98900
169	0.98950
170	0.98950
171	0.98950
172	0.99000
173	0.99000
174	0.99000
175	0.99050
176	0.99050
177	0.99050
178	0.99100
179	0.99150
