0	0.02000
1	0.02000
2	0.02000
3	0.02000
4	0.02000
5	0.02000
6	0.02000
7	0.02000
8	0.02000
9	0.02000
10	0.02000
11	0.02000
12	0.02000
13	0.02000
14	0.02000
15	0.02000
16	0.02000
17	0.02000
18	0.02000
19	0.02000
20	0.02000
21	0.02000
22	0.02000
23	0.02000
24	0.02000
25	0.02000
26	0.02500
27	0.02500
28	0.02500
29	0.02500
30	0.02500
31	0.02500
32	0.02500
33	0.02500
34	0.02500
35	0.02500
36	0.02500
37	0.03000
38	0.03000
39	0.03000
40	0.03000
41	0.03000
42	0.03000
43	0.03000
44	0.03000
45	0.03000
46	0.03000
47	0.03000
48	0.03500
49	0.03500
50	0.04000
51	0.04000
52	0.04000
53	0.04000
54	0.04000
55	0.04000
56	0.04000
57	0.04000
58	0.04000
59	0.04500
60	0.04500
61	0.04500
62	0.04500
63	0.05000
64	0.05000
65	0.05000
66	0.05000
67	0.05500
68	0.05500
69	0.06000
70	0.06000
71	0.06500
72	0.06500
73	0.06500
74	0.07000
75	0.07000
76	0.07000
77	0.07500
78	0.07500
79	0.07500
80	0.07500
81	0.07500
82	0.07500
83	0.07500
84	0.07500
85	0.07500
86	0.08000
87	0.08500
88	0.08500
89	0.08500
90	0.08500
91	0.08500
92	0.08500
93	0.09000
94	0.09000
95	0.09000
96	0.09000
97	0.09000
98	0.09000
99	0.09000
100	0.09000
101	0.09500
102	0.09500
103	0.09500
104	0.09500
105	0.09500
106	0.09500
107	0.09500
108	0.09500
109	0.09500
110	0.09500
111	0.09500
112	0.09500
113	0.09500
114	0.09500
115	0.10000
116	0.10000
117	0.10000
118	0.10000
119	0.10000
120	0.10000
121	0.10500
122	0.10500
123	0.11000
124	0.11000
125	0.11000
126	0.11500
127	0.12000
128	0.12000
129	0.12000
130	0.12000
131	0.12000
132	0.12500
133	0.12500
134	0.12500
135	0.13000
136	0.13000
137	0.13000
138	0.13000
139	0.14000
140	0.14000
141	0.14000
142	0.14000
143	0.14500
144	0.14500
145	0.14500
146	0.14500
147	0.14500
148	0.15000
149	0.15000
