0	0.00000
1	0.00000
2	0.00000
3	0.00000
4	0.00000
5	0.00000
6	0.00000
7	0.00000
8	0.00000
9	0.00000
10	0.00000
11	0.00000
12	0.00000
13	0.00000
14	0.00000
15	0.00000
16	0.00000
17	0.00000
18	0.00000
19	0.00000
20	0.00000
21	0.00000
22	0.00000
23	0.00000
24	0.00000
25	0.00000
26	0.00000
27	0.00000
28	0.01026
29	0.01026
30	0.01026
31	0.01026
32	0.01026
33	0.01026
34	0.01026
35	0.00000
36	0.00000
37	0.00000
38	0.00000
39	0.01289
40	0.01289
41	0.01289
42	0.01289
43	0.01289
44	0.01289
45	0.01289
46	0.00000
47	0.00000
48	0.00000
49	0.00000
50	0.01823
51	0.01823
52	0.06944
53	0.06944
54	0.06944
55	0.06944
56	0.06944
57	0.05122
58	0.05122
59	0.00000
60	0.00000
61	0.01571
62	0.01571
63	0.01579
64	0.01579
65	0.04474
66	0.04474
67	0.04497
68	0.02910
69	0.03989
70	0.03989
71	0.04011
72	0.01070
73	0.02406
74	0.02419
75	0.02419
76	0.04570
77	0.04054
78	0.04054
79	0.05946
80	0.04595
81	0.04595
82	0.04595
83	0.01892
84	0.01892
85	0.01892
86	0.00000
87	0.00000
88	0.03005
89	0.08743
90	0.08743
91	0.08743
92	0.08743
93	0.08516
94	0.08516
95	0.09799
96	0.04579
97	0.04579
98	0.04579
99	0.04579
100	0.04579
101	0.04604
102	0.00000
103	0.00000
104	0.00000
105	0.00000
106	0.00000
107	0.00000
108	0.00000
109	0.00000
110	0.00000
111	0.00000
112	0.00000
113	0.00000
114	0.00000
115	0.00000
116	0.00000
117	0.03796
118	0.03796
119	0.03796
120	0.03796
121	0.03818
122	0.03818
123	0.06180
124	0.02903
125	0.07116
126	0.07156
127	0.06818
128	0.11506
129	0.13258
130	0.10559
131	0.10559
132	0.06238
133	0.06238
134	0.10667
135	0.06370
136	0.04454
137	0.09531
138	0.09531
139	0.09060
140	0.09060
141	0.16609
142	0.14089
143	0.14172
144	0.11345
145	0.16608
146	0.14366
147	0.14366
148	0.04608
149	0.04608
