0	0.00000
1	0.00050
2	0.00000
3	0.00150
4	0.00000
5	0.00050
6	0.00150
7	0.00200
8	0.00150
9	0.00300
10	0.00400
11	0.00200
12	0.00350
13	0.00450
14	0.00400
15	0.00350
16	0.00600
17	0.00850
18	0.00600
19	0.00650
20	0.00750
21	0.00850
22	0.01100
23	0.01400
24	0.01150
25	0.01450
26	0.01250
27	0.01950
28	0.01650
29	0.01650
30	0.02300
31	0.02200
32	0.02850
33	0.02450
34	0.02300
35	0.03700
36	0.02800
37	0.03200
38	0.02850
39	0.02550
40	0.02750
41	0.02600
42	0.02550
43	0.02300
44	0.02300
45	0.01700
46	0.01850
47	0.01700
48	0.01600
49	0.01050
50	0.01400
51	0.00950
52	0.00800
53	0.00950
54	0.00700
55	0.00400
56	0.00350
57	0.00500
58	0.00400
59	0.00400
60	0.00350
61	0.00150
62	0.00200
63	0.00150
64	0.00300
65	0.00300
66	0.00200
67	0.00100
68	0.00200
69	0.00100
70	0.00000
71	0.00050
72	0.00100
73	0.00000
74	0.00050
75	0.00000
76	0.00100
77	0.00050
78	0.00050
79	0.00050
80	0.00050
81	0.00000
82	0.00000
83	0.00000
84	0.00000
85	0.00000
86	0.00050
87	0.00050
88	0.00000
89	0.00000
90	0.00000
91	0.00000
92	0.00000
93	0.00000
94	0.00000
95	0.00000
96	0.00000
97	0.00000
98	0.00000
99	0.00000
