0	0.00500
1	0.00550
2	0.00550
3	0.00700
4	0.00700
5	0.00750
6	0.00900
7	0.01100
8	0.01250
9	0.01550
10	0.01950
11	0.02150
12	0.02500
13	0.02950
14	0.03350
15	0.03700
16	0.04300
17	0.05150
18	0.05750
19	0.06400
20	0.07150
21	0.08000
22	0.09100
23	0.10500
24	0.11650
25	0.13100
26	0.14350
27	0.16300
28	0.17950
29	0.19600
30	0.21900
31	0.24100
32	0.26950
33	0.29400
34	0.31700
35	0.35400
36	0.38200
37	0.41400
38	0.44250
39	0.46800
40	0.49550
41	0.52150
42	0.54700
43	0.57000
44	0.59300
45	0.61000
46	0.62850
47	0.64550
48	0.66150
49	0.67200
50	0.68600
51	0.69550
52	0.70350
53	0.71300
54	0.72000
55	0.72400
56	0.72750
57	0.73250
58	0.73650
59	0.74050
60	0.74400
61	0.74550
62	0.74750
63	0.74900
64	0.75200
65	0.75500
66	0.75700
67	0.75800
68	0.76000
69	0.76100
70	0.76100
71	0.76150
72	0.76250
73	0.76250
74	0.76300
75	0.76300
76	0.76400
77	0.76450
78	0.76500
79	0.76550
80	0.76600
81	0.76600
82	0.76600
83	0.76600
84	0.76600
85	0.76600
86	0.76650
87	0.76700
88	0.76700
89	0.76700
90	0.76700
91	0.76700
92	0.76700
93	0.76700
94	0.76700
95	0.76700
96	0.76700
97	0.76700
98	0.76700
99	0.76700
