0	0.00500
1	0.01300
2	0.04050
3	0.10700
4	0.26350
5	0.52000
6	0.73600
7	0.81650
8	0.84900
9	0.86000
10	0.86400
11	0.86500
12	0.86500
13	0.86550
14	0.86550
15	0.86550
16	0.86550
17	0.86550
18	0.86550
19	0.86550
20	0.86550
21	0.86550
22	0.86550
23	0.86550
24	0.86550
25	0.86550
26	0.86550
27	0.86550
28	0.86550
29	0.86550
30	0.86550
31	0.86550
32	0.86550
33	0.86550
34	0.86550
35	0.86550
36	0.86550
37	0.86550
38	0.86550
39	0.86550
40	0.86550
41	0.86550
42	0.86550
43	0.86550
44	0.86550
45	0.86550
46	0.86550
47	0.86550
48	0.86550
49	0.86550
50	0.86550
51	0.86550
52	0.86550
53	0.86550
54	0.86550
55	0.86550
56	0.86550
57	0.86550
58	0.86550
59	0.86550
60	0.86550
61	0.86550
62	0.86550
63	0.86550
64	0.86550
65	0.86550
66	0.86550
67	0.86550
68	0.86550
69	0.86550
70	0.86550
71	0.86550
72	0.86550
73	0.86550
74	0.86550
75	0.86550
76	0.86550
77	0.86550
78	0.86550
79	0.86550
80	0.86550
81	0.86550
82	0.86550
83	0.86550
84	0.86550
85	0.86550
86	0.86550
87	0.86550
88	0.86550
89	0.86550
90	0.86550
91	0.86550
92	0.86550
93	0.86550
94	0.86550
95	0.86550
96	0.86550
97	0.86550
98	0.86550
99	0.86550
100	0.86550
101	0.86550
102	0.86550
103	0.86550
104	0.86550
105	0.86550
106	0.86550
107	0.86550
108	0.86550
109	0.86550
110	0.86550
111	0.86550
112	0.86550
113	0.86550
114	0.86550
115	0.86550
116	0.86550
117	0.86550
118	0.86550
119	0.86550
120	0.86550
121	0.86550
122	0.86550
123	0.86550
124	0.86550
125	0.86550
126	0.86550
127	0.86550
128	0.86550
129	0.86550
130	0.86550
131	0.86550
132	0.86550
133	0.86550
134	0.86550
135	0.86550
136	0.86550
137	0.86550
138	0.86550
139	0.86550
140	0.86550
141	0.86550
142	0.86550
143	0.86550
144	0.86550
145	0.86550
146	0.86550
147	0.86550
148	0.86550
149	0.86550
150	0.86550
