0	0	0	0	0	0	
1	745	0	0	0	0	
2	719	0	0	0	0	
3	655	17	0	0	0	
4	0	534	17	0	0	
5	0	0	373	16	0	
6	0	0	0	277	15	
7	0	0	0	0	273	
8	0	0	0	0	270	
9	0	0	0	0	269	
10	0	0	0	0	269	
11	0	0	0	0	269	
12	0	0	0	0	269	
13	0	0	0	0	269	
14	0	0	0	0	269	
15	0	0	0	0	269	
16	0	0	0	0	269	
17	0	0	0	0	269	
18	0	0	0	0	269	
19	0	0	0	0	269	
20	0	0	0	0	269	
21	0	0	0	0	269	
22	0	0	0	0	269	
23	0	0	0	0	269	
24	0	0	0	0	269	
25	0	0	0	0	269	
26	0	0	0	0	269	
27	0	0	0	0	269	
28	0	0	0	0	269	
29	0	0	0	0	269	
30	0	0	0	0	269	
31	0	0	0	0	269	
32	0	0	0	0	269	
33	0	0	0	0	269	
34	0	0	0	0	269	
35	0	0	0	0	269	
36	0	0	0	0	269	
37	0	0	0	0	269	
38	0	0	0	0	269	
39	0	0	0	0	269	
40	0	0	0	0	269	
41	0	0	0	0	269	
42	0	0	0	0	269	
43	0	0	0	0	269	
44	0	0	0	0	269	
45	0	0	0	0	269	
46	0	0	0	0	269	
47	0	0	0	0	269	
48	0	0	0	0	269	
49	0	0	0	0	269	
50	0	0	0	0	269	
51	0	0	0	0	269	
52	0	0	0	0	269	
53	0	0	0	0	269	
54	0	0	0	0	269	
55	0	0	0	0	269	
56	0	0	0	0	269	
57	0	0	0	0	269	
58	0	0	0	0	269	
59	0	0	0	0	269	
60	0	0	0	0	269	
61	0	0	0	0	269	
62	0	0	0	0	269	
63	0	0	0	0	269	
64	0	0	0	0	269	
65	0	0	0	0	269	
66	0	0	0	0	269	
67	0	0	0	0	269	
68	0	0	0	0	269	
69	0	0	0	0	269	
70	0	0	0	0	269	
71	0	0	0	0	269	
72	0	0	0	0	269	
73	0	0	0	0	269	
74	0	0	0	0	269	
75	0	0	0	0	269	
76	0	0	0	0	269	
77	0	0	0	0	269	
78	0	0	0	0	269	
79	0	0	0	0	269	
80	0	0	0	0	269	
81	0	0	0	0	269	
82	0	0	0	0	269	
83	0	0	0	0	269	
84	0	0	0	0	269	
85	0	0	0	0	269	
86	0	0	0	0	269	
87	0	0	0	0	269	
88	0	0	0	0	269	
89	0	0	0	0	269	
90	0	0	0	0	269	
91	0	0	0	0	269	
92	0	0	0	0	269	
93	0	0	0	0	269	
94	0	0	0	0	269	
95	0	0	0	0	269	
96	0	0	0	0	269	
97	0	0	0	0	269	
98	0	0	0	0	269	
99	0	0	0	0	269	
100	0	0	0	0	269	
101	0	0	0	0	269	
102	0	0	0	0	269	
103	0	0	0	0	269	
104	0	0	0	0	269	
105	0	0	0	0	269	
106	0	0	0	0	269	
107	0	0	0	0	269	
108	0	0	0	0	269	
109	0	0	0	0	269	
110	0	0	0	0	269	
111	0	0	0	0	269	
112	0	0	0	0	269	
113	0	0	0	0	269	
114	0	0	0	0	269	
115	0	0	0	0	269	
116	0	0	0	0	269	
117	0	0	0	0	269	
118	0	0	0	0	269	
119	0	0	0	0	269	
120	0	0	0	0	269	
121	0	0	0	0	269	
122	0	0	0	0	269	
123	0	0	0	0	269	
124	0	0	0	0	269	
125	0	0	0	0	269	
126	0	0	0	0	269	
127	0	0	0	0	269	
128	0	0	0	0	269	
129	0	0	0	0	269	
130	0	0	0	0	269	
131	0	0	0	0	269	
132	0	0	0	0	269	
133	0	0	0	0	269	
134	0	0	0	0	269	
135	0	0	0	0	269	
136	0	0	0	0	269	
137	0	0	0	0	269	
138	0	0	0	0	269	
139	0	0	0	0	269	
140	0	0	0	0	269	
141	0	0	0	0	269	
142	0	0	0	0	269	
143	0	0	0	0	269	
144	0	0	0	0	269	
145	0	0	0	0	269	
146	0	0	0	0	269	
147	0	0	0	0	269	
148	0	0	0	0	269	
149	0	0	0	0	269	
150	0	0	0	0	269	
