0	0.00500
1	0.00850
2	0.01250
3	0.02000
4	0.03750
5	0.06850
6	0.10700
7	0.16350
8	0.21800
9	0.28050
10	0.34250
11	0.40200
12	0.45300
13	0.50150
14	0.53900
15	0.57550
16	0.60250
17	0.63000
18	0.64550
19	0.65750
20	0.66850
21	0.67750
22	0.68450
23	0.68750
24	0.69000
25	0.69350
26	0.69550
27	0.69750
28	0.70050
29	0.70250
30	0.70400
31	0.70450
32	0.70500
33	0.70550
34	0.70550
35	0.70550
36	0.70550
37	0.70600
38	0.70650
39	0.70650
40	0.70650
41	0.70650
42	0.70700
43	0.70700
44	0.70700
45	0.70700
46	0.70700
47	0.70700
48	0.70700
49	0.70700
50	0.70700
51	0.70700
52	0.70700
53	0.70700
54	0.70700
55	0.70700
56	0.70700
57	0.70700
58	0.70700
59	0.70700
60	0.70700
61	0.70700
62	0.70700
63	0.70700
64	0.70700
65	0.70700
66	0.70700
67	0.70700
68	0.70700
69	0.70700
70	0.70700
71	0.70700
72	0.70700
73	0.70700
74	0.70700
75	0.70700
76	0.70700
77	0.70700
78	0.70700
79	0.70700
80	0.70700
81	0.70700
82	0.70700
83	0.70700
84	0.70700
85	0.70700
86	0.70700
87	0.70700
88	0.70700
89	0.70700
90	0.70700
91	0.70700
92	0.70700
93	0.70700
94	0.70700
95	0.70700
96	0.70700
97	0.70700
98	0.70700
99	0.70700
