0	0.00000
1	0.00000
2	0.00000
3	0.06328
4	0.15309
5	0.37847
6	0.70065
7	0.99279
8	1.12057
9	1.36495
10	1.32963
11	1.21442
12	1.13078
13	0.94218
14	0.74704
15	0.59490
16	0.44354
17	0.34021
18	0.25985
19	0.20878
20	0.15938
21	0.12439
22	0.09609
23	0.07734
24	0.06465
25	0.05058
26	0.03914
27	0.03302
28	0.02764
29	0.02195
30	0.01938
31	0.01574
32	0.01401
33	0.01270
34	0.01001
35	0.00880
36	0.00732
37	0.00474
38	0.00282
39	0.00194
40	0.00220
41	0.00195
42	0.00151
43	0.00150
44	0.00193
45	0.00186
46	0.00102
47	0.00043
48	0.00043
49	0.00043
50	0.00043
51	0.00000
52	0.00000
53	0.00000
54	0.00000
55	0.00000
56	0.00000
57	0.00000
58	0.00000
59	0.00000
60	0.00000
61	0.00000
62	0.00000
63	0.00000
64	0.00000
65	0.00000
66	0.00000
67	0.00000
68	0.00000
69	0.00000
70	0.00000
71	0.00000
72	0.00000
73	0.00000
74	0.00000
75	0.00000
76	0.00000
77	0.00000
78	0.00000
79	0.00000
80	0.00000
81	0.00000
82	0.00000
83	0.00000
84	0.00000
85	0.00000
86	0.00000
87	0.00000
88	0.00000
89	0.00000
90	0.00000
91	0.00000
92	0.00000
93	0.00000
94	0.00000
95	0.00000
96	0.00000
97	0.00000
98	0.00000
99	0.00000
