0	0.00000
1	0.00000
2	0.00000
3	0.25000
4	0.23077
5	0.40000
6	0.47059
7	0.63158
8	0.52381
9	0.69565
10	0.67857
11	0.69697
12	0.64103
13	0.60000
14	0.56604
15	0.67213
16	0.58333
17	0.52439
18	0.54737
19	0.60000
20	0.55556
21	0.47917
22	0.49390
23	0.44324
24	0.41827
25	0.42308
26	0.44487
27	0.43003
28	0.42025
29	0.38567
30	0.38557
31	0.37978
32	0.33673
33	0.32030
34	0.28767
35	0.27100
36	0.24853
37	0.23320
38	0.21107
39	0.20267
40	0.19702
41	0.19306
42	0.17611
43	0.15717
44	0.14568
45	0.13267
46	0.11295
47	0.09748
48	0.08883
49	0.08022
50	0.07215
51	0.06074
52	0.05742
53	0.04696
54	0.03977
55	0.03357
56	0.02756
57	0.02311
58	0.02293
59	0.01932
60	0.01784
61	0.01571
62	0.01156
63	0.01084
64	0.00945
65	0.00875
66	0.01074
67	0.01070
68	0.01001
69	0.00866
70	0.00664
71	0.00531
72	0.00331
73	0.00330
74	0.00396
75	0.00396
76	0.00395
77	0.00329
78	0.00263
79	0.00197
80	0.00131
81	0.00066
82	0.00066
83	0.00000
84	0.00066
85	0.00066
86	0.00066
87	0.00066
88	0.00066
89	0.00066
90	0.00066
91	0.00000
92	0.00000
93	0.00000
94	0.00000
95	0.00000
96	0.00000
97	0.00000
98	0.00000
99	0.00000
