0	0.00500
1	0.00750
2	0.00800
3	0.01050
4	0.01250
5	0.01550
6	0.01600
7	0.01950
8	0.02350
9	0.02800
10	0.03200
11	0.03600
12	0.04150
13	0.05100
14	0.05700
15	0.06250
16	0.07350
17	0.08800
18	0.09800
19	0.10650
20	0.12250
21	0.13350
22	0.14750
23	0.16650
24	0.19000
25	0.20950
26	0.23150
27	0.25150
28	0.27850
29	0.30700
30	0.32750
31	0.35450
32	0.37600
33	0.40100
34	0.42450
35	0.44950
36	0.47050
37	0.49550
38	0.52250
39	0.55000
40	0.57100
41	0.58900
42	0.60950
43	0.62750
44	0.64050
45	0.65300
46	0.66800
47	0.68000
48	0.69100
49	0.69850
50	0.70900
51	0.71350
52	0.71900
53	0.72350
54	0.72700
55	0.73050
56	0.73600
57	0.73850
58	0.74150
59	0.74350
60	0.74400
61	0.74600
62	0.74750
63	0.74950
64	0.75300
65	0.75550
66	0.75650
67	0.75750
68	0.75750
69	0.75800
70	0.75800
71	0.75900
72	0.76050
73	0.76150
74	0.76200
75	0.76200
76	0.76200
77	0.76200
78	0.76200
79	0.76200
80	0.76200
81	0.76200
82	0.76250
83	0.76250
84	0.76250
85	0.76250
86	0.76250
87	0.76250
88	0.76250
89	0.76250
90	0.76250
91	0.76250
92	0.76250
93	0.76250
94	0.76250
95	0.76250
96	0.76250
97	0.76250
98	0.76250
99	0.76250
