0	0.01000
1	0.01200
2	0.01800
3	0.02700
4	0.03500
5	0.04200
6	0.05600
7	0.09100
8	0.11600
9	0.16000
10	0.21600
11	0.28800
12	0.37700
13	0.46900
14	0.55400
15	0.63100
16	0.70100
17	0.75900
18	0.79800
19	0.82000
20	0.85500
21	0.87100
22	0.89000
23	0.89900
24	0.90600
25	0.91400
26	0.91700
27	0.92100
28	0.92400
29	0.92700
30	0.92700
31	0.92800
32	0.93000
33	0.93200
34	0.93200
35	0.93200
36	0.93200
37	0.93200
38	0.93200
39	0.93200
40	0.93300
41	0.93300
42	0.93300
43	0.93300
44	0.93300
45	0.93300
46	0.93300
47	0.93300
48	0.93300
49	0.93300
50	0.93300
51	0.93300
52	0.93300
53	0.93300
54	0.93300
55	0.93300
56	0.93300
57	0.93300
58	0.93300
59	0.93400
60	0.93400
61	0.93400
62	0.93500
63	0.93500
64	0.93600
65	0.93600
66	0.93600
67	0.93600
68	0.93600
69	0.93600
70	0.93600
71	0.93600
72	0.93600
73	0.93600
74	0.93600
75	0.93600
76	0.93700
77	0.93700
78	0.93700
79	0.93700
80	0.93700
81	0.93700
82	0.93700
83	0.93700
84	0.93700
85	0.93700
86	0.93700
87	0.93700
88	0.93700
89	0.93800
90	0.93800
91	0.93800
92	0.93800
93	0.93800
94	0.93800
95	0.93800
96	0.93800
97	0.93800
98	0.93800
99	0.93800
100	0.93800
101	0.93800
102	0.93800
103	0.93800
104	0.93800
105	0.93800
106	0.93800
107	0.93800
108	0.93800
109	0.93800
110	0.93800
111	0.93800
112	0.93800
113	0.93800
114	0.93800
115	0.93800
116	0.93800
117	0.93800
118	0.93800
119	0.93800
120	0.93800
121	0.93800
122	0.93900
123	0.93900
124	0.93900
125	0.93900
126	0.93900
127	0.93900
128	0.93900
129	0.93900
130	0.93900
131	0.93900
132	0.93900
133	0.93900
134	0.93900
135	0.93900
136	0.93900
137	0.93900
138	0.93900
139	0.93900
140	0.93900
141	0.93900
142	0.93900
143	0.93900
144	0.93900
145	0.93900
146	0.93900
147	0.93900
148	0.93900
149	0.93900
150	0.93900
151	0.93900
152	0.93900
153	0.93900
154	0.93900
155	0.93900
156	0.93900
157	0.93900
158	0.93900
159	0.93900
160	0.93900
161	0.93900
162	0.93900
163	0.93900
164	0.93900
165	0.93900
166	0.93900
167	0.93900
168	0.93900
169	0.93900
170	0.93900
171	0.93900
172	0.93900
173	0.93900
174	0.93900
175	0.93900
176	0.93900
177	0.93900
178	0.93900
179	0.93900
180	0.93900
181	0.93900
182	0.93900
183	0.93900
184	0.93900
185	0.93900
186	0.93900
187	0.93900
188	0.93900
189	0.93900
190	0.93900
191	0.93900
192	0.93900
193	0.93900
194	0.93900
195	0.93900
196	0.93900
197	0.93900
198	0.93900
199	0.93900
