0	0.00500
1	0.00600
2	0.01050
3	0.02200
4	0.04050
5	0.07950
6	0.13400
7	0.19650
8	0.26350
9	0.32000
10	0.38300
11	0.43900
12	0.48800
13	0.52700
14	0.55700
15	0.58400
16	0.61150
17	0.63200
18	0.64800
19	0.66100
20	0.67100
21	0.67800
22	0.68350
23	0.68700
24	0.69250
25	0.69500
26	0.69850
27	0.70000
28	0.70450
29	0.70600
30	0.70700
31	0.70750
32	0.70750
33	0.70750
34	0.70800
35	0.70850
36	0.70900
37	0.70950
38	0.70950
39	0.70950
40	0.71000
41	0.71000
42	0.71000
43	0.71000
44	0.71000
45	0.71000
46	0.71000
47	0.71000
48	0.71000
49	0.71050
50	0.71050
51	0.71050
52	0.71050
53	0.71050
54	0.71050
55	0.71050
56	0.71050
57	0.71050
58	0.71050
59	0.71050
60	0.71050
61	0.71050
62	0.71050
63	0.71050
64	0.71050
65	0.71050
66	0.71050
67	0.71050
68	0.71050
69	0.71050
70	0.71050
71	0.71050
72	0.71050
73	0.71050
74	0.71050
75	0.71050
76	0.71050
77	0.71050
78	0.71050
79	0.71050
80	0.71050
81	0.71050
82	0.71050
83	0.71050
84	0.71050
85	0.71050
86	0.71050
87	0.71050
88	0.71050
89	0.71050
90	0.71050
91	0.71050
92	0.71050
93	0.71050
94	0.71050
95	0.71050
96	0.71050
97	0.71050
98	0.71050
99	0.71050
