0	0.00500
1	0.01000
2	0.02750
3	0.07600
4	0.19150
5	0.36950
6	0.56250
7	0.67150
8	0.72350
9	0.74200
10	0.74950
11	0.75300
12	0.75450
13	0.75550
14	0.75550
15	0.75550
16	0.75550
17	0.75550
18	0.75550
19	0.75550
20	0.75550
21	0.75550
22	0.75550
23	0.75550
24	0.75550
25	0.75550
26	0.75550
27	0.75550
28	0.75550
29	0.75550
30	0.75550
31	0.75550
32	0.75550
33	0.75550
34	0.75550
35	0.75550
36	0.75550
37	0.75550
38	0.75550
39	0.75550
40	0.75550
41	0.75550
42	0.75550
43	0.75550
44	0.75550
45	0.75550
46	0.75550
47	0.75550
48	0.75550
49	0.75550
50	0.75550
51	0.75550
52	0.75550
53	0.75550
54	0.75550
55	0.75550
56	0.75550
57	0.75550
58	0.75550
59	0.75550
60	0.75550
61	0.75550
62	0.75550
63	0.75550
64	0.75550
65	0.75550
66	0.75550
67	0.75550
68	0.75550
69	0.75550
70	0.75550
71	0.75550
72	0.75550
73	0.75550
74	0.75550
75	0.75550
76	0.75550
77	0.75550
78	0.75550
79	0.75550
80	0.75550
81	0.75550
82	0.75550
83	0.75550
84	0.75550
85	0.75550
86	0.75550
87	0.75550
88	0.75550
89	0.75550
90	0.75550
91	0.75550
92	0.75550
93	0.75550
94	0.75550
95	0.75550
96	0.75550
97	0.75550
98	0.75550
99	0.75550
100	0.75550
101	0.75550
102	0.75550
103	0.75550
104	0.75550
105	0.75550
106	0.75550
107	0.75550
108	0.75550
109	0.75550
110	0.75550
111	0.75550
112	0.75550
113	0.75550
114	0.75550
115	0.75550
116	0.75550
117	0.75550
118	0.75550
119	0.75550
120	0.75550
121	0.75550
122	0.75550
123	0.75550
124	0.75550
125	0.75550
126	0.75550
127	0.75550
128	0.75550
129	0.75550
130	0.75550
131	0.75550
132	0.75550
133	0.75550
134	0.75550
135	0.75550
136	0.75550
137	0.75550
138	0.75550
139	0.75550
140	0.75550
141	0.75550
142	0.75550
143	0.75550
144	0.75550
145	0.75550
146	0.75550
147	0.75550
148	0.75550
149	0.75550
150	0.75550
