0	0	0	0	0	0	
1	748	0	0	0	0	
2	733	0	0	0	0	
3	1	696	0	0	0	
4	0	1	608	0	0	
5	0	0	0	541	0	
6	0	0	0	0	497	
7	0	0	0	0	492	
8	0	0	0	0	490	
9	0	0	0	0	490	
10	0	0	0	0	490	
11	0	0	0	0	489	
12	0	0	0	0	489	
13	0	0	0	0	489	
14	0	0	0	0	489	
15	0	0	0	0	489	
16	0	0	0	0	489	
17	0	0	0	0	489	
18	0	0	0	0	489	
19	0	0	0	0	489	
20	0	0	0	0	489	
21	0	0	0	0	489	
22	0	0	0	0	489	
23	0	0	0	0	489	
24	0	0	0	0	489	
25	0	0	0	0	489	
26	0	0	0	0	489	
27	0	0	0	0	489	
28	0	0	0	0	489	
29	0	0	0	0	489	
30	0	0	0	0	489	
31	0	0	0	0	489	
32	0	0	0	0	489	
33	0	0	0	0	489	
34	0	0	0	0	489	
35	0	0	0	0	489	
36	0	0	0	0	489	
37	0	0	0	0	489	
38	0	0	0	0	489	
39	0	0	0	0	489	
40	0	0	0	0	489	
41	0	0	0	0	489	
42	0	0	0	0	489	
43	0	0	0	0	489	
44	0	0	0	0	489	
45	0	0	0	0	489	
46	0	0	0	0	489	
47	0	0	0	0	489	
48	0	0	0	0	489	
49	0	0	0	0	489	
50	0	0	0	0	489	
51	0	0	0	0	489	
52	0	0	0	0	489	
53	0	0	0	0	489	
54	0	0	0	0	489	
55	0	0	0	0	489	
56	0	0	0	0	489	
57	0	0	0	0	489	
58	0	0	0	0	489	
59	0	0	0	0	489	
60	0	0	0	0	489	
61	0	0	0	0	489	
62	0	0	0	0	489	
63	0	0	0	0	489	
64	0	0	0	0	489	
65	0	0	0	0	489	
66	0	0	0	0	489	
67	0	0	0	0	489	
68	0	0	0	0	489	
69	0	0	0	0	489	
70	0	0	0	0	489	
71	0	0	0	0	489	
72	0	0	0	0	489	
73	0	0	0	0	489	
74	0	0	0	0	489	
75	0	0	0	0	489	
76	0	0	0	0	489	
77	0	0	0	0	489	
78	0	0	0	0	489	
79	0	0	0	0	489	
80	0	0	0	0	489	
81	0	0	0	0	489	
82	0	0	0	0	489	
83	0	0	0	0	489	
84	0	0	0	0	489	
85	0	0	0	0	489	
86	0	0	0	0	489	
87	0	0	0	0	489	
88	0	0	0	0	489	
89	0	0	0	0	489	
90	0	0	0	0	489	
91	0	0	0	0	489	
92	0	0	0	0	489	
93	0	0	0	0	489	
94	0	0	0	0	489	
95	0	0	0	0	489	
96	0	0	0	0	489	
97	0	0	0	0	489	
98	0	0	0	0	489	
99	0	0	0	0	489	
100	0	0	0	0	489	
101	0	0	0	0	489	
102	0	0	0	0	489	
103	0	0	0	0	489	
104	0	0	0	0	489	
105	0	0	0	0	489	
106	0	0	0	0	489	
107	0	0	0	0	489	
108	0	0	0	0	489	
109	0	0	0	0	489	
110	0	0	0	0	489	
111	0	0	0	0	489	
112	0	0	0	0	489	
113	0	0	0	0	489	
114	0	0	0	0	489	
115	0	0	0	0	489	
116	0	0	0	0	489	
117	0	0	0	0	489	
118	0	0	0	0	489	
119	0	0	0	0	489	
120	0	0	0	0	489	
121	0	0	0	0	489	
122	0	0	0	0	489	
123	0	0	0	0	489	
124	0	0	0	0	489	
125	0	0	0	0	489	
126	0	0	0	0	489	
127	0	0	0	0	489	
128	0	0	0	0	489	
129	0	0	0	0	489	
130	0	0	0	0	489	
131	0	0	0	0	489	
132	0	0	0	0	489	
133	0	0	0	0	489	
134	0	0	0	0	489	
135	0	0	0	0	489	
136	0	0	0	0	489	
137	0	0	0	0	489	
138	0	0	0	0	489	
139	0	0	0	0	489	
140	0	0	0	0	489	
141	0	0	0	0	489	
142	0	0	0	0	489	
143	0	0	0	0	489	
144	0	0	0	0	489	
145	0	0	0	0	489	
146	0	0	0	0	489	
147	0	0	0	0	489	
148	0	0	0	0	489	
149	0	0	0	0	489	
150	0	0	0	0	489	
