0	0.00000
1	0.00000
2	0.00000
3	0.00111
4	0.05097
5	0.19328
6	0.51173
7	1.18910
8	1.27316
9	1.46187
10	1.53107
11	1.46543
12	1.32741
13	1.14640
14	0.95578
15	0.76124
16	0.60773
17	0.46840
18	0.35722
19	0.27617
20	0.21185
21	0.16752
22	0.13489
23	0.10661
24	0.08374
25	0.06603
26	0.05557
27	0.05152
28	0.04141
29	0.03548
30	0.02809
31	0.02368
32	0.02236
33	0.01810
34	0.01070
35	0.00989
36	0.00657
37	0.00725
38	0.00744
39	0.00457
40	0.00411
41	0.00316
42	0.00146
43	0.00180
44	0.00093
45	0.00017
46	0.00000
47	0.00000
48	0.00005
49	0.00005
50	0.00000
51	0.00000
52	0.00000
53	0.00000
54	0.00000
55	0.00000
56	0.00000
57	0.00000
58	0.00000
59	0.00000
60	0.00000
61	0.00000
62	0.00000
63	0.00000
64	0.00000
65	0.00000
66	0.00000
67	0.00000
68	0.00000
69	0.00000
70	0.00000
71	0.00000
72	0.00000
73	0.00000
74	0.00000
75	0.00000
76	0.00000
77	0.00000
78	0.00000
79	0.00000
80	0.00000
81	0.00000
82	0.00000
83	0.00000
84	0.00000
85	0.00000
86	0.00000
87	0.00000
88	0.00000
89	0.00000
90	0.00000
91	0.00000
92	0.00000
93	0.00000
94	0.00000
95	0.00000
96	0.00000
97	0.00000
98	0.00000
99	0.00000
