0	0.00500
1	0.00650
2	0.00900
3	0.01200
4	0.01800
5	0.03250
6	0.05400
7	0.09100
8	0.14550
9	0.19700
10	0.26050
11	0.31250
12	0.36650
13	0.41700
14	0.47200
15	0.51650
16	0.55100
17	0.57750
18	0.59950
19	0.61900
20	0.63650
21	0.64850
22	0.65700
23	0.66200
24	0.67000
25	0.67900
26	0.68150
27	0.68450
28	0.68500
29	0.68600
30	0.68900
31	0.69000
32	0.69050
33	0.69150
34	0.69150
35	0.69250
36	0.69350
37	0.69400
38	0.69450
39	0.69450
40	0.69450
41	0.69500
42	0.69500
43	0.69500
44	0.69500
45	0.69500
46	0.69550
47	0.69550
48	0.69550
49	0.69550
50	0.69550
51	0.69550
52	0.69550
53	0.69550
54	0.69550
55	0.69550
56	0.69550
57	0.69550
58	0.69550
59	0.69550
60	0.69550
61	0.69550
62	0.69550
63	0.69550
64	0.69550
65	0.69550
66	0.69550
67	0.69550
68	0.69550
69	0.69550
70	0.69550
71	0.69550
72	0.69550
73	0.69550
74	0.69550
75	0.69550
76	0.69550
77	0.69550
78	0.69550
79	0.69550
80	0.69550
81	0.69550
82	0.69550
83	0.69550
84	0.69550
85	0.69550
86	0.69550
87	0.69550
88	0.69550
89	0.69550
90	0.69550
91	0.69550
92	0.69550
93	0.69550
94	0.69550
95	0.69550
96	0.69550
97	0.69550
98	0.69550
99	0.69550
