0	0.00000
1	0.00000
2	0.00000
3	0.02370
4	0.06331
5	0.12911
6	0.26233
7	0.64460
8	0.93245
9	1.23668
10	1.41245
11	1.39083
12	1.29851
13	1.15926
14	0.98893
15	0.79428
16	0.63502
17	0.49508
18	0.37773
19	0.29054
20	0.22156
21	0.17555
22	0.14253
23	0.11352
24	0.08857
25	0.06980
26	0.05872
27	0.05306
28	0.04166
29	0.03444
30	0.02600
31	0.02136
32	0.01992
33	0.01575
34	0.00947
35	0.00900
36	0.00664
37	0.00723
38	0.00720
39	0.00535
40	0.00475
41	0.00429
42	0.00277
43	0.00305
44	0.00230
45	0.00122
46	0.00072
47	0.00036
48	0.00087
49	0.00084
50	0.00051
51	0.00051
52	0.00051
53	0.00051
54	0.00051
55	0.00000
56	0.00000
57	0.00000
58	0.00000
59	0.00000
60	0.00000
61	0.00000
62	0.00000
63	0.00000
64	0.00000
65	0.00000
66	0.00000
67	0.00000
68	0.00000
69	0.00000
70	0.00000
71	0.00000
72	0.00000
73	0.00000
74	0.00000
75	0.00000
76	0.00000
77	0.00000
78	0.00000
79	0.00000
80	0.00000
81	0.00000
82	0.00000
83	0.00000
84	0.00000
85	0.00000
86	0.00000
87	0.00000
88	0.00000
89	0.00000
90	0.00000
91	0.00000
92	0.00000
93	0.00000
94	0.00000
95	0.00000
96	0.00000
97	0.00000
98	0.00000
99	0.00000
