0	0.00500
1	0.01400
2	0.04200
3	0.11050
4	0.26200
5	0.50150
6	0.68650
7	0.76550
8	0.78650
9	0.79500
10	0.79500
11	0.79550
12	0.79550
13	0.79550
14	0.79550
15	0.79550
16	0.79550
17	0.79550
18	0.79550
19	0.79550
20	0.79550
21	0.79550
22	0.79550
23	0.79550
24	0.79550
25	0.79550
26	0.79550
27	0.79550
28	0.79550
29	0.79550
30	0.79550
31	0.79550
32	0.79550
33	0.79550
34	0.79550
35	0.79550
36	0.79550
37	0.79550
38	0.79550
39	0.79550
40	0.79550
41	0.79550
42	0.79550
43	0.79550
44	0.79550
45	0.79550
46	0.79550
47	0.79550
48	0.79550
49	0.79550
50	0.79550
51	0.79550
52	0.79550
53	0.79550
54	0.79550
55	0.79550
56	0.79550
57	0.79550
58	0.79550
59	0.79550
60	0.79550
61	0.79550
62	0.79550
63	0.79550
64	0.79550
65	0.79550
66	0.79550
67	0.79550
68	0.79550
69	0.79550
70	0.79550
71	0.79550
72	0.79550
73	0.79550
74	0.79550
75	0.79550
76	0.79550
77	0.79550
78	0.79550
79	0.79550
80	0.79550
81	0.79550
82	0.79550
83	0.79550
84	0.79550
85	0.79550
86	0.79550
87	0.79550
88	0.79550
89	0.79550
90	0.79550
91	0.79550
92	0.79550
93	0.79550
94	0.79550
95	0.79550
96	0.79550
97	0.79550
98	0.79550
99	0.79550
100	0.79550
101	0.79550
102	0.79550
103	0.79550
104	0.79550
105	0.79550
106	0.79550
107	0.79550
108	0.79550
109	0.79550
110	0.79550
111	0.79550
112	0.79550
113	0.79550
114	0.79550
115	0.79550
116	0.79550
117	0.79550
118	0.79550
119	0.79550
120	0.79550
121	0.79550
122	0.79550
123	0.79550
124	0.79550
125	0.79550
126	0.79550
127	0.79550
128	0.79550
129	0.79550
130	0.79550
131	0.79550
132	0.79550
133	0.79550
134	0.79550
135	0.79550
136	0.79550
137	0.79550
138	0.79550
139	0.79550
140	0.79550
141	0.79550
142	0.79550
143	0.79550
144	0.79550
145	0.79550
146	0.79550
147	0.79550
148	0.79550
149	0.79550
