0	0	0	0	0	0	
1	501	0	0	0	0	
2	500	0	0	0	0	
3	446	46	0	0	0	
4	170	272	45	0	0	
5	9	159	259	42	0	
6	4	5	147	249	42	
7	4	0	4	141	287	
8	4	0	0	5	423	
9	3	0	0	1	426	
10	2	0	0	1	420	
11	2	0	0	1	417	
12	2	0	0	1	415	
13	2	0	0	1	411	
14	2	0	0	1	410	
15	1	0	0	1	409	
16	1	0	0	1	408	
17	1	0	0	1	408	
18	1	0	0	1	408	
19	1	0	0	1	408	
20	0	0	0	1	408	
21	0	0	0	1	408	
22	0	0	0	1	408	
23	0	0	0	1	408	
24	0	0	0	1	408	
25	0	0	0	1	408	
26	0	0	0	1	408	
27	0	0	0	1	408	
28	0	0	0	1	408	
29	0	0	0	1	408	
30	0	0	0	1	408	
31	0	0	0	1	408	
32	0	0	0	1	408	
33	0	0	0	1	408	
34	0	0	0	1	408	
35	0	0	0	1	408	
36	0	0	0	1	408	
37	0	0	0	1	408	
38	0	0	0	1	408	
39	0	0	0	1	408	
40	0	0	0	1	408	
41	0	0	0	1	408	
42	0	0	0	1	408	
43	0	0	0	1	408	
44	0	0	0	1	408	
45	0	0	0	1	408	
46	0	0	0	1	408	
47	0	0	0	1	408	
48	0	0	0	1	408	
49	0	0	0	1	408	
50	0	0	0	1	408	
51	0	0	0	1	408	
52	0	0	0	1	408	
53	0	0	0	1	408	
54	0	0	0	1	408	
55	0	0	0	1	408	
56	0	0	0	1	408	
57	0	0	0	1	408	
58	0	0	0	1	408	
59	0	0	0	1	408	
60	0	0	0	1	408	
61	0	0	0	1	408	
62	0	0	0	1	408	
63	0	0	0	1	408	
64	0	0	0	1	408	
65	0	0	0	1	408	
66	0	0	0	1	408	
67	0	0	0	1	408	
68	0	0	0	1	408	
69	0	0	0	1	408	
70	0	0	0	1	408	
71	0	0	0	1	408	
72	0	0	0	1	408	
73	0	0	0	1	408	
74	0	0	0	1	408	
75	0	0	0	1	408	
76	0	0	0	1	408	
77	0	0	0	1	408	
78	0	0	0	1	408	
79	0	0	0	1	408	
80	0	0	0	1	408	
81	0	0	0	1	408	
82	0	0	0	1	408	
83	0	0	0	1	408	
84	0	0	0	1	408	
85	0	0	0	1	408	
86	0	0	0	1	408	
87	0	0	0	1	408	
88	0	0	0	1	408	
89	0	0	0	1	408	
90	0	0	0	1	408	
91	0	0	0	1	408	
92	0	0	0	1	408	
93	0	0	0	1	408	
94	0	0	0	1	408	
95	0	0	0	1	408	
96	0	0	0	1	408	
97	0	0	0	1	408	
98	0	0	0	1	408	
99	0	0	0	1	408	
100	0	0	0	1	408	
101	0	0	0	1	408	
102	0	0	0	1	408	
103	0	0	0	1	408	
104	0	0	0	1	408	
105	0	0	0	1	408	
106	0	0	0	1	408	
107	0	0	0	1	408	
108	0	0	0	1	408	
109	0	0	0	1	408	
110	0	0	0	1	408	
111	0	0	0	1	408	
112	0	0	0	1	408	
113	0	0	0	1	408	
114	0	0	0	1	408	
115	0	0	0	1	408	
116	0	0	0	1	408	
117	0	0	0	1	408	
118	0	0	0	1	408	
119	0	0	0	1	408	
120	0	0	0	1	408	
121	0	0	0	1	408	
122	0	0	0	1	408	
123	0	0	0	1	408	
124	0	0	0	1	408	
125	0	0	0	1	408	
126	0	0	0	1	408	
127	0	0	0	1	408	
128	0	0	0	1	408	
129	0	0	0	1	408	
130	0	0	0	1	408	
131	0	0	0	1	408	
132	0	0	0	1	408	
133	0	0	0	1	408	
134	0	0	0	1	408	
135	0	0	0	1	408	
136	0	0	0	1	408	
137	0	0	0	1	408	
138	0	0	0	1	408	
139	0	0	0	1	408	
140	0	0	0	1	408	
141	0	0	0	1	408	
142	0	0	0	1	408	
143	0	0	0	1	408	
144	0	0	0	1	408	
145	0	0	0	1	408	
146	0	0	0	1	408	
147	0	0	0	1	408	
148	0	0	0	1	408	
149	0	0	0	1	408	
150	0	0	0	1	408	
151	0	0	0	1	408	
152	0	0	0	1	408	
153	0	0	0	1	408	
154	0	0	0	1	408	
155	0	0	0	1	408	
156	0	0	0	1	408	
157	0	0	0	1	408	
158	0	0	0	1	408	
159	0	0	0	1	408	
160	0	0	0	1	408	
161	0	0	0	1	408	
162	0	0	0	1	408	
163	0	0	0	1	408	
164	0	0	0	1	408	
165	0	0	0	1	408	
166	0	0	0	1	408	
167	0	0	0	1	408	
168	0	0	0	1	408	
169	0	0	0	1	408	
170	0	0	0	1	408	
171	0	0	0	1	408	
172	0	0	0	1	408	
173	0	0	0	1	408	
174	0	0	0	1	408	
175	0	0	0	1	408	
176	0	0	0	1	408	
177	0	0	0	1	408	
178	0	0	0	1	408	
179	0	0	0	1	408	
