0	0.01000
1	0.01500
2	0.02300
3	0.02900
4	0.04200
5	0.06100
6	0.08400
7	0.12300
8	0.16800
9	0.22100
10	0.28500
11	0.36000
12	0.44700
13	0.54400
14	0.62100
15	0.69300
16	0.75700
17	0.80300
18	0.83700
19	0.85800
20	0.87300
21	0.88800
22	0.90000
23	0.90400
24	0.90500
25	0.91000
26	0.91300
27	0.91300
28	0.91300
29	0.91300
30	0.91300
31	0.91400
32	0.91600
33	0.91600
34	0.91600
35	0.91700
36	0.91900
37	0.92000
38	0.92100
39	0.92200
40	0.92200
41	0.92300
42	0.92300
43	0.92300
44	0.92300
45	0.92400
46	0.92400
47	0.92400
48	0.92400
49	0.92400
50	0.92400
51	0.92400
52	0.92400
53	0.92400
54	0.92400
55	0.92400
56	0.92400
57	0.92400
58	0.92400
59	0.92500
60	0.92500
61	0.92500
62	0.92500
63	0.92500
64	0.92600
65	0.92600
66	0.92600
67	0.92700
68	0.92700
69	0.92700
70	0.92700
71	0.92800
72	0.92800
73	0.92800
74	0.92800
75	0.92800
76	0.92800
77	0.92800
78	0.92800
79	0.92800
80	0.92800
81	0.92900
82	0.92900
83	0.92900
84	0.92900
85	0.92900
86	0.92900
87	0.92900
88	0.92900
89	0.92900
90	0.92900
91	0.92900
92	0.92900
93	0.92900
94	0.92900
95	0.92900
96	0.92900
97	0.92900
98	0.92900
99	0.92900
100	0.92900
101	0.92900
102	0.92900
103	0.92900
104	0.92900
105	0.92900
106	0.92900
107	0.92900
108	0.92900
109	0.92900
110	0.92900
111	0.92900
112	0.92900
113	0.92900
114	0.92900
115	0.92900
116	0.92900
117	0.92900
118	0.92900
119	0.92900
120	0.93000
121	0.93000
122	0.93000
123	0.93000
124	0.93000
125	0.93000
126	0.93000
127	0.93000
128	0.93000
129	0.93000
130	0.93000
131	0.93000
132	0.93000
133	0.93000
134	0.93000
135	0.93000
136	0.93000
137	0.93000
138	0.93000
139	0.93000
140	0.93000
141	0.93000
142	0.93000
143	0.93000
144	0.93000
145	0.93000
146	0.93000
147	0.93000
148	0.93000
149	0.93000
150	0.93000
151	0.93000
152	0.93000
153	0.93000
154	0.93000
155	0.93000
156	0.93000
157	0.93000
158	0.93000
159	0.93000
160	0.93000
161	0.93000
162	0.93000
163	0.93000
164	0.93000
165	0.93000
166	0.93000
167	0.93000
168	0.93000
169	0.93000
170	0.93000
171	0.93000
172	0.93000
173	0.93000
174	0.93000
175	0.93000
176	0.93000
177	0.93000
178	0.93000
179	0.93000
180	0.93000
181	0.93000
182	0.93000
183	0.93000
184	0.93000
185	0.93100
186	0.93100
187	0.93100
188	0.93100
189	0.93100
190	0.93100
191	0.93100
192	0.93100
193	0.93100
194	0.93100
195	0.93100
196	0.93100
197	0.93100
198	0.93100
199	0.93100
