0	0.00000
1	0.00000
2	0.00000
3	0.20426
4	0.51515
5	0.65121
6	0.93198
7	1.25971
8	1.30975
9	1.63148
10	1.75932
11	1.80123
12	1.87560
13	1.91132
14	1.97102
15	1.99999
16	1.88238
17	1.78625
18	1.65332
19	1.50768
20	1.37906
21	1.26460
22	1.14945
23	1.06267
24	0.98907
25	0.89622
26	0.82106
27	0.77430
28	0.73844
29	0.69643
30	0.65269
31	0.62265
32	0.57551
33	0.54957
34	0.52548
35	0.50364
36	0.48209
37	0.46588
38	0.45236
39	0.43413
40	0.42001
41	0.40678
42	0.39472
43	0.38068
44	0.37076
45	0.36008
46	0.35032
47	0.34061
48	0.33160
49	0.32494
50	0.31677
51	0.30901
52	0.30239
53	0.29447
54	0.28920
55	0.28184
56	0.27713
57	0.27112
58	0.26738
59	0.26080
60	0.25621
61	0.25103
62	0.24630
63	0.24204
64	0.23396
65	0.23078
66	0.22655
67	0.22186
68	0.21846
69	0.21640
70	0.21311
71	0.20473
72	0.20131
73	0.19849
74	0.19751
75	0.19335
76	0.18924
77	0.18691
78	0.18539
79	0.18287
80	0.17960
81	0.17524
82	0.17312
83	0.17109
84	0.16931
85	0.16760
86	0.16449
87	0.16210
88	0.16068
89	0.15897
90	0.15777
91	0.15575
92	0.15438
93	0.15196
94	0.14997
95	0.14802
96	0.14586
97	0.14474
98	0.14361
99	0.14168
100	0.14014
101	0.13834
102	0.13772
103	0.13663
104	0.13497
105	0.13393
106	0.13241
107	0.13135
108	0.12996
109	0.12838
110	0.12690
111	0.12585
112	0.12496
113	0.12403
114	0.12347
115	0.12275
116	0.12155
117	0.12041
118	0.11916
119	0.11794
120	0.11533
121	0.11472
122	0.11430
123	0.11353
124	0.11235
125	0.11193
126	0.11087
127	0.10978
128	0.10937
129	0.10826
130	0.10741
131	0.10715
132	0.10558
133	0.10445
134	0.10324
135	0.10231
136	0.10184
137	0.10132
138	0.10092
139	0.09993
140	0.09928
141	0.09825
142	0.09807
143	0.09747
144	0.09656
145	0.09616
146	0.09591
147	0.09556
148	0.09523
149	0.09455
150	0.09361
151	0.09257
152	0.09196
153	0.09152
154	0.09097
155	0.09047
156	0.08980
157	0.08885
158	0.08800
159	0.08752
160	0.08734
161	0.08719
162	0.08637
163	0.08599
164	0.08530
165	0.08515
166	0.08472
167	0.08398
168	0.08384
169	0.08330
170	0.08274
171	0.08220
172	0.08207
173	0.08138
174	0.08138
175	0.08101
176	0.08071
177	0.08044
178	0.08025
179	0.07954
180	0.07910
181	0.07883
182	0.07865
183	0.07830
184	0.07767
185	0.07078
186	0.07035
187	0.06988
188	0.06902
189	0.06859
190	0.06773
191	0.06740
192	0.06740
193	0.06727
194	0.06712
195	0.06688
196	0.06647
197	0.06610
198	0.06580
199	0.06536
