0	0.00000
1	0.00000
2	0.00000
3	0.04026
4	0.30038
5	0.72180
6	0.83367
7	1.15819
8	1.44650
9	1.50277
10	1.45604
11	1.35592
12	1.17879
13	0.98352
14	0.77316
15	0.62638
16	0.49805
17	0.37334
18	0.28652
19	0.22141
20	0.16862
21	0.12798
22	0.09653
23	0.08032
24	0.06637
25	0.05755
26	0.04905
27	0.03928
28	0.03529
29	0.03165
30	0.02512
31	0.02052
32	0.01418
33	0.01029
34	0.00917
35	0.00617
36	0.00229
37	0.00145
38	0.00104
39	0.00054
40	0.00054
41	0.00054
42	0.00000
43	0.00000
44	0.00000
45	0.00000
46	0.00000
47	0.00000
48	0.00000
49	0.00000
50	0.00000
51	0.00000
52	0.00000
53	0.00000
54	0.00000
55	0.00000
56	0.00000
57	0.00000
58	0.00000
59	0.00000
60	0.00000
61	0.00000
62	0.00000
63	0.00000
64	0.00000
65	0.00000
66	0.00000
67	0.00000
68	0.00000
69	0.00000
70	0.00000
71	0.00000
72	0.00000
73	0.00000
74	0.00000
75	0.00000
76	0.00000
77	0.00000
78	0.00000
79	0.00000
80	0.00000
81	0.00000
82	0.00000
83	0.00000
84	0.00000
85	0.00000
86	0.00000
87	0.00000
88	0.00000
89	0.00000
90	0.00000
91	0.00000
92	0.00000
93	0.00000
94	0.00000
95	0.00000
96	0.00000
97	0.00000
98	0.00000
99	0.00000
