0	0	0	0	0	0	
1	748	0	0	0	0	
2	745	0	0	0	0	
3	738	0	0	0	0	
4	733	0	0	0	0	
5	716	0	0	0	0	
6	619	66	0	0	0	
7	454	164	25	0	0	
8	317	153	77	20	0	
9	134	169	114	59	15	
10	68	80	122	104	57	
11	52	50	63	105	120	
12	43	36	60	97	125	
13	33	30	54	95	123	
14	27	23	52	95	123	
15	22	21	50	93	123	
16	19	14	48	91	123	
17	14	12	46	91	123	
18	9	11	45	89	123	
19	5	11	44	89	123	
20	3	10	44	89	123	
21	2	10	43	89	123	
22	2	10	43	89	123	
23	2	9	43	89	123	
24	2	9	43	89	123	
25	1	9	43	89	123	
26	0	9	43	89	123	
27	0	9	43	89	123	
28	0	9	43	89	123	
29	0	9	43	89	123	
30	0	9	42	89	123	
31	0	9	42	89	123	
32	0	9	42	89	123	
33	0	9	42	89	123	
34	0	9	42	89	123	
35	0	9	42	89	123	
36	0	9	42	89	123	
37	0	9	42	89	123	
38	0	9	42	89	123	
39	0	9	42	89	123	
40	0	9	42	89	123	
41	0	9	42	89	123	
42	0	9	42	89	123	
43	0	9	42	89	123	
44	0	9	42	89	123	
45	0	9	42	89	123	
46	0	9	42	89	123	
47	0	9	42	89	123	
48	0	9	42	89	123	
49	0	9	42	89	123	
50	0	9	42	89	123	
51	0	9	42	89	123	
52	0	9	42	89	123	
53	0	9	42	89	123	
54	0	9	42	89	123	
55	0	9	42	89	123	
56	0	9	42	89	123	
57	0	9	42	89	123	
58	0	9	42	89	123	
59	0	9	42	89	123	
60	0	9	42	89	123	
61	0	9	42	89	123	
62	0	9	42	89	123	
63	0	9	42	89	123	
64	0	9	42	89	123	
65	0	9	42	89	123	
66	0	9	42	89	123	
67	0	9	42	89	123	
68	0	9	42	89	123	
69	0	9	42	89	123	
70	0	9	42	89	123	
71	0	9	42	89	123	
72	0	9	42	89	123	
73	0	9	42	89	123	
74	0	9	42	89	123	
75	0	9	42	89	123	
76	0	9	42	89	123	
77	0	9	42	89	123	
78	0	9	42	89	123	
79	0	9	42	89	123	
80	0	9	42	89	123	
81	0	9	42	89	123	
82	0	9	42	89	123	
83	0	9	42	89	123	
84	0	9	42	89	123	
85	0	9	42	89	123	
86	0	9	42	89	123	
87	0	9	42	89	123	
88	0	9	42	89	123	
89	0	9	42	89	123	
90	0	9	42	89	123	
91	0	9	42	89	123	
92	0	9	42	89	123	
93	0	9	42	89	123	
94	0	9	42	89	123	
95	0	9	42	89	123	
96	0	9	42	89	123	
97	0	9	42	89	123	
98	0	9	42	89	123	
99	0	9	42	89	123	
