0	0.00000
1	0.00000
2	0.00000
3	0.01970
4	0.03483
5	0.14401
6	0.42449
7	0.72046
8	1.13251
9	1.41330
10	1.51307
11	1.42889
12	1.44275
13	1.26014
14	1.01004
15	0.75343
16	0.55174
17	0.40272
18	0.28353
19	0.19802
20	0.13986
21	0.10528
22	0.07796
23	0.06527
24	0.05180
25	0.03852
26	0.03189
27	0.02406
28	0.01620
29	0.01314
30	0.00791
31	0.00608
32	0.00387
33	0.00191
34	0.00131
35	0.00121
36	0.00081
37	0.00081
38	0.00081
39	0.00081
40	0.00000
41	0.00000
42	0.00000
43	0.00000
44	0.00000
45	0.00000
46	0.00000
47	0.00000
48	0.00000
49	0.00000
50	0.00000
51	0.00000
52	0.00000
53	0.00000
54	0.00000
55	0.00000
56	0.00000
57	0.00000
58	0.00000
59	0.00000
60	0.00000
61	0.00000
62	0.00000
63	0.00000
64	0.00000
65	0.00000
66	0.00000
67	0.00000
68	0.00000
69	0.00000
70	0.00000
71	0.00000
72	0.00000
73	0.00000
74	0.00000
75	0.00000
76	0.00000
77	0.00000
78	0.00000
79	0.00000
80	0.00000
81	0.00000
82	0.00000
83	0.00000
84	0.00000
85	0.00000
86	0.00000
87	0.00000
88	0.00000
89	0.00000
90	0.00000
91	0.00000
92	0.00000
93	0.00000
94	0.00000
95	0.00000
96	0.00000
97	0.00000
98	0.00000
99	0.00000
