0	0	0	0	0	0	
1	749	0	0	0	0	
2	745	0	0	0	0	
3	741	0	0	0	0	
4	732	0	0	0	0	
5	715	2	0	0	0	
6	664	23	0	0	0	
7	591	52	3	0	0	
8	434	120	25	2	0	
9	301	134	71	15	1	
10	198	97	85	39	7	
11	150	77	76	40	15	
12	117	69	68	37	19	
13	84	60	65	35	19	
14	67	49	58	33	19	
15	54	46	52	33	19	
16	41	39	51	33	19	
17	27	33	51	32	19	
18	18	29	49	31	19	
19	10	27	47	30	19	
20	8	25	46	29	19	
21	6	23	45	29	19	
22	5	23	44	29	19	
23	4	23	44	29	19	
24	4	22	44	29	19	
25	2	22	44	29	19	
26	2	22	44	29	19	
27	1	22	44	29	19	
28	0	22	44	29	19	
29	0	22	44	29	19	
30	0	22	44	29	19	
31	0	20	44	29	19	
32	0	20	44	29	19	
33	0	20	44	29	19	
34	0	20	44	29	19	
35	0	20	44	29	19	
36	0	20	44	29	19	
37	0	20	44	29	19	
38	0	20	44	29	19	
39	0	20	44	29	19	
40	0	20	44	29	19	
41	0	20	44	29	19	
42	0	20	44	29	19	
43	0	20	44	29	19	
44	0	20	44	29	19	
45	0	20	44	29	19	
46	0	20	44	29	19	
47	0	20	44	29	19	
48	0	20	44	29	19	
49	0	20	44	29	19	
50	0	20	44	29	19	
51	0	20	44	29	19	
52	0	20	44	29	19	
53	0	20	44	29	19	
54	0	20	44	29	19	
55	0	20	44	29	19	
56	0	20	44	29	19	
57	0	20	44	29	19	
58	0	20	44	29	19	
59	0	20	44	29	19	
60	0	20	44	29	19	
61	0	20	44	29	19	
62	0	20	44	29	19	
63	0	20	44	29	19	
64	0	20	44	29	19	
65	0	20	44	29	19	
66	0	20	44	29	19	
67	0	20	44	29	19	
68	0	20	44	29	19	
69	0	20	44	29	19	
70	0	20	44	29	19	
71	0	20	44	29	19	
72	0	20	44	29	19	
73	0	20	44	29	19	
74	0	20	44	29	19	
75	0	20	44	29	19	
76	0	20	44	29	19	
77	0	20	44	29	19	
78	0	20	44	29	19	
79	0	20	44	29	19	
80	0	20	44	29	19	
81	0	20	44	29	19	
82	0	20	44	29	19	
83	0	20	44	29	19	
84	0	20	44	29	19	
85	0	20	44	29	19	
86	0	20	44	29	19	
87	0	20	44	29	19	
88	0	20	44	29	19	
89	0	20	44	29	19	
90	0	20	44	29	19	
91	0	20	44	29	19	
92	0	20	44	29	19	
93	0	20	44	29	19	
94	0	20	44	29	19	
95	0	20	44	29	19	
96	0	20	44	29	19	
97	0	20	44	29	19	
98	0	20	44	29	19	
99	0	20	44	29	19	
