0	0.00000
1	0.00100
2	0.00150
3	0.00000
4	0.00300
5	0.00100
6	0.00050
7	0.00300
8	0.00050
9	0.00200
10	0.00150
11	0.00150
12	0.00450
13	0.00450
14	0.00600
15	0.00700
16	0.00700
17	0.00800
18	0.00750
19	0.00850
20	0.01050
21	0.01150
22	0.01200
23	0.01750
24	0.01800
25	0.01700
26	0.02100
27	0.02600
28	0.02100
29	0.01850
30	0.02650
31	0.02600
32	0.02150
33	0.02650
34	0.02400
35	0.03050
36	0.02550
37	0.02600
38	0.02800
39	0.02600
40	0.02700
41	0.02500
42	0.01950
43	0.02200
44	0.01800
45	0.01400
46	0.01550
47	0.01450
48	0.01150
49	0.01300
50	0.01250
51	0.00800
52	0.00650
53	0.00700
54	0.00400
55	0.00450
56	0.00650
57	0.00300
58	0.00150
59	0.00200
60	0.00050
61	0.00150
62	0.00250
63	0.00050
64	0.00150
65	0.00200
66	0.00000
67	0.00100
68	0.00000
69	0.00050
70	0.00150
71	0.00000
72	0.00200
73	0.00100
74	0.00050
75	0.00100
76	0.00000
77	0.00000
78	0.00000
79	0.00000
80	0.00000
81	0.00000
82	0.00000
83	0.00000
84	0.00000
85	0.00050
86	0.00000
87	0.00000
88	0.00000
89	0.00000
90	0.00000
91	0.00000
92	0.00000
93	0.00000
94	0.00000
95	0.00000
96	0.00000
97	0.00000
98	0.00000
99	0.00000
