0	0.00500
1	0.00600
2	0.00750
3	0.00750
4	0.01050
5	0.01150
6	0.01200
7	0.01500
8	0.01550
9	0.01750
10	0.01900
11	0.02050
12	0.02500
13	0.02950
14	0.03550
15	0.04250
16	0.04950
17	0.05750
18	0.06500
19	0.07350
20	0.08400
21	0.09550
22	0.10750
23	0.12500
24	0.14300
25	0.16000
26	0.18100
27	0.20700
28	0.22800
29	0.24650
30	0.27300
31	0.29900
32	0.32050
33	0.34700
34	0.37100
35	0.40150
36	0.42700
37	0.45300
38	0.48100
39	0.50700
40	0.53400
41	0.55900
42	0.57850
43	0.60050
44	0.61850
45	0.63250
46	0.64800
47	0.66250
48	0.67400
49	0.68700
50	0.69950
51	0.70750
52	0.71400
53	0.72100
54	0.72500
55	0.72950
56	0.73600
57	0.73900
58	0.74050
59	0.74250
60	0.74300
61	0.74450
62	0.74700
63	0.74750
64	0.74900
65	0.75100
66	0.75100
67	0.75200
68	0.75200
69	0.75250
70	0.75400
71	0.75400
72	0.75600
73	0.75700
74	0.75750
75	0.75850
76	0.75850
77	0.75850
78	0.75850
79	0.75850
80	0.75850
81	0.75850
82	0.75850
83	0.75850
84	0.75850
85	0.75900
86	0.75900
87	0.75900
88	0.75900
89	0.75900
90	0.75900
91	0.75900
92	0.75900
93	0.75900
94	0.75900
95	0.75900
96	0.75900
97	0.75900
98	0.75900
99	0.75900
