0	0.00000
1	0.00000
2	0.00000
3	0.63857
4	0.83218
5	1.07090
6	0.99096
7	1.13920
8	1.32572
9	1.41640
10	1.52363
11	1.89867
12	2.12474
13	2.31739
14	2.27562
15	2.17364
16	2.16062
17	2.13288
18	2.00501
19	1.86773
20	1.67077
21	1.54329
22	1.40873
23	1.28682
24	1.19119
25	1.09006
26	1.00308
27	0.91661
28	0.86169
29	0.80840
30	0.76333
31	0.71593
32	0.67819
33	0.64082
34	0.61164
35	0.58274
36	0.55672
37	0.53280
38	0.50915
39	0.49035
40	0.46896
41	0.45222
42	0.43745
43	0.42192
44	0.40747
45	0.39455
46	0.38384
47	0.37287
48	0.36091
49	0.35179
50	0.34234
51	0.33258
52	0.32297
53	0.31545
54	0.30792
55	0.30115
56	0.29318
57	0.28583
58	0.28046
59	0.27348
60	0.26784
61	0.26341
62	0.25995
63	0.25604
64	0.25177
65	0.24644
66	0.24157
67	0.23764
68	0.23223
69	0.22916
70	0.22482
71	0.22081
72	0.21683
73	0.21438
74	0.21009
75	0.20633
76	0.20390
77	0.20031
78	0.19648
79	0.19336
80	0.19080
81	0.18863
82	0.18649
83	0.18341
84	0.18037
85	0.17733
86	0.17517
87	0.17301
88	0.17119
89	0.16852
90	0.16651
91	0.16471
92	0.16187
93	0.16055
94	0.15794
95	0.15665
96	0.15505
97	0.15254
98	0.15115
99	0.14953
100	0.14808
101	0.14547
102	0.14502
103	0.14227
104	0.14152
105	0.13975
106	0.13732
107	0.13633
108	0.13527
109	0.13488
110	0.13334
111	0.13203
112	0.13040
113	0.12777
114	0.12691
115	0.12633
116	0.12452
117	0.12356
118	0.12303
119	0.12236
120	0.12134
121	0.12049
122	0.11889
123	0.11668
124	0.11658
125	0.11536
126	0.11462
127	0.11343
128	0.11246
129	0.11137
130	0.11000
131	0.10916
132	0.10850
133	0.10772
134	0.10667
135	0.10586
136	0.10549
137	0.10469
138	0.10390
139	0.10288
140	0.10241
141	0.10123
142	0.10103
143	0.10007
144	0.09965
145	0.09890
146	0.09775
147	0.09646
148	0.09572
149	0.09497
150	0.09415
151	0.09393
152	0.09329
153	0.09231
154	0.09164
155	0.09139
156	0.09107
157	0.09061
158	0.09048
159	0.09019
160	0.08957
161	0.08869
162	0.08803
163	0.08801
164	0.08692
165	0.08642
166	0.08502
167	0.08411
168	0.08337
169	0.08232
170	0.08188
171	0.08168
172	0.08168
173	0.08102
174	0.08082
175	0.08082
176	0.08033
177	0.07977
178	0.07942
179	0.07942
180	0.07929
181	0.07929
182	0.07791
183	0.07719
184	0.07675
185	0.07661
186	0.07645
187	0.07516
188	0.07495
189	0.07422
190	0.07397
191	0.07340
192	0.07294
193	0.07242
194	0.07214
195	0.07184
196	0.07184
197	0.07183
198	0.07133
199	0.07112
