0	0.00000
1	0.00000
2	0.00000
3	0.11363
4	0.33626
5	0.74730
6	0.83466
7	1.01504
8	1.21655
9	1.31801
10	1.45894
11	1.82139
12	2.04618
13	2.24793
14	2.20929
15	2.13812
16	2.11262
17	2.08473
18	1.91645
19	1.78318
20	1.63192
21	1.49412
22	1.35400
23	1.21970
24	1.11443
25	1.02625
26	0.95185
27	0.88861
28	0.85051
29	0.79155
30	0.75850
31	0.71371
32	0.65857
33	0.62594
34	0.59878
35	0.57262
36	0.55207
37	0.53420
38	0.51092
39	0.48869
40	0.47381
41	0.45988
42	0.44714
43	0.43368
44	0.42134
45	0.41116
46	0.39602
47	0.38616
48	0.37580
49	0.36811
50	0.35892
51	0.35076
52	0.34244
53	0.33590
54	0.32835
55	0.32197
56	0.31450
57	0.30827
58	0.30320
59	0.29697
60	0.29186
61	0.28725
62	0.27904
63	0.27477
64	0.27160
65	0.26647
66	0.26075
67	0.25707
68	0.25295
69	0.24773
70	0.24285
71	0.23925
72	0.23595
73	0.23348
74	0.22861
75	0.22551
76	0.22266
77	0.21969
78	0.21620
79	0.21264
80	0.21026
81	0.20839
82	0.20594
83	0.20265
84	0.20003
85	0.19738
86	0.19484
87	0.19264
88	0.19120
89	0.18922
90	0.18667
91	0.18480
92	0.18256
93	0.18141
94	0.17872
95	0.17768
96	0.17591
97	0.17376
98	0.17228
99	0.17043
100	0.16887
101	0.16683
102	0.16640
103	0.16356
104	0.16263
105	0.16160
106	0.15931
107	0.15785
108	0.15719
109	0.15644
110	0.14010
111	0.13904
112	0.13750
113	0.13511
114	0.13399
115	0.13300
116	0.13145
117	0.13054
118	0.12994
119	0.12945
120	0.12842
121	0.12761
122	0.12614
123	0.12443
124	0.12418
125	0.12292
126	0.12215
127	0.12059
128	0.11927
129	0.11831
130	0.11735
131	0.11643
132	0.11592
133	0.11535
134	0.11464
135	0.11371
136	0.11342
137	0.11254
138	0.11174
139	0.11061
140	0.10997
141	0.10901
142	0.10837
143	0.10767
144	0.10732
145	0.10645
146	0.10539
147	0.10331
148	0.10277
149	0.10222
150	0.10151
151	0.10131
152	0.10045
153	0.09980
154	0.09914
155	0.09874
156	0.09824
157	0.09811
158	0.09798
159	0.09760
160	0.09706
161	0.09620
162	0.09563
163	0.09536
164	0.09441
165	0.09415
166	0.09297
167	0.09229
168	0.09125
169	0.09050
170	0.08982
171	0.08945
172	0.08945
173	0.08856
174	0.08841
175	0.08820
176	0.08769
177	0.08717
178	0.08682
179	0.08682
180	0.08668
181	0.08668
182	0.08552
183	0.08525
184	0.07739
185	0.07718
186	0.07726
187	0.07610
188	0.07552
189	0.07492
190	0.07460
191	0.07394
192	0.07361
193	0.07316
194	0.07265
195	0.07208
196	0.07208
197	0.07190
198	0.07145
199	0.07128
