0	0.00500
1	0.00500
2	0.00600
3	0.00800
4	0.00900
5	0.01050
6	0.01200
7	0.01250
8	0.01450
9	0.01800
10	0.02250
11	0.02800
12	0.03300
13	0.03700
14	0.04500
15	0.05350
16	0.06550
17	0.07550
18	0.09650
19	0.11350
20	0.13450
21	0.15650
22	0.18900
23	0.22200
24	0.25600
25	0.29200
26	0.33150
27	0.37400
28	0.41950
29	0.47400
30	0.51700
31	0.56700
32	0.61650
33	0.66150
34	0.69950
35	0.73700
36	0.77350
37	0.80700
38	0.83150
39	0.85600
40	0.87550
41	0.89100
42	0.90400
43	0.91400
44	0.92100
45	0.92850
46	0.93500
47	0.94000
48	0.94500
49	0.94800
50	0.95350
51	0.95400
52	0.95500
53	0.95700
54	0.95850
55	0.96050
56	0.96100
57	0.96150
58	0.96150
59	0.96250
60	0.96300
61	0.96300
62	0.96450
63	0.96450
64	0.96450
65	0.96500
66	0.96500
67	0.96500
68	0.96550
69	0.96550
70	0.96550
71	0.96550
72	0.96600
73	0.96600
74	0.96600
75	0.96600
76	0.96600
77	0.96600
78	0.96600
79	0.96600
80	0.96600
81	0.96600
82	0.96600
83	0.96600
84	0.96600
85	0.96600
86	0.96600
87	0.96600
88	0.96600
89	0.96600
90	0.96600
91	0.96600
92	0.96600
93	0.96600
94	0.96600
95	0.96600
96	0.96600
97	0.96600
98	0.96600
99	0.96600
100	0.96600
101	0.96600
102	0.96600
103	0.96600
104	0.96600
105	0.96600
106	0.96600
107	0.96600
108	0.96600
109	0.96600
110	0.96600
111	0.96600
112	0.96600
113	0.96600
114	0.96600
115	0.96600
116	0.96600
117	0.96600
118	0.96600
119	0.96600
120	0.96600
121	0.96600
122	0.96600
123	0.96600
124	0.96600
125	0.96600
126	0.96600
127	0.96600
128	0.96600
129	0.96600
130	0.96600
131	0.96600
132	0.96600
133	0.96600
134	0.96600
135	0.96600
136	0.96600
137	0.96600
138	0.96600
139	0.96600
140	0.96600
141	0.96600
142	0.96600
143	0.96600
144	0.96600
145	0.96600
146	0.96600
147	0.96600
148	0.96600
149	0.96600
150	0.96600
151	0.96600
152	0.96600
153	0.96600
154	0.96600
155	0.96600
156	0.96600
157	0.96600
158	0.96600
159	0.96600
160	0.96600
161	0.96600
162	0.96600
163	0.96600
164	0.96600
165	0.96600
166	0.96600
167	0.96600
168	0.96600
169	0.96600
170	0.96600
171	0.96600
172	0.96600
173	0.96600
174	0.96600
175	0.96600
176	0.96600
177	0.96600
178	0.96600
179	0.96600
180	0.96600
181	0.96600
182	0.96600
183	0.96600
184	0.96600
185	0.96600
186	0.96600
187	0.96600
188	0.96600
189	0.96600
190	0.96600
191	0.96600
192	0.96600
193	0.96600
194	0.96600
195	0.96600
196	0.96600
197	0.96600
198	0.96600
199	0.96600
