0	0.00000
1	0.00100
2	0.00200
3	0.00150
4	0.00150
5	0.00250
6	0.00250
7	0.00200
8	0.00250
9	0.00350
10	0.00500
11	0.00300
12	0.00550
13	0.00450
14	0.00450
15	0.00700
16	0.00300
17	0.00500
18	0.00650
19	0.00900
20	0.01300
21	0.01350
22	0.00900
23	0.01350
24	0.01500
25	0.01700
26	0.01900
27	0.02200
28	0.02800
29	0.02550
30	0.02700
31	0.02850
32	0.02450
33	0.02600
34	0.02350
35	0.02850
36	0.02800
37	0.02100
38	0.02400
39	0.02650
40	0.02400
41	0.02400
42	0.03050
43	0.02500
44	0.01700
45	0.00950
46	0.01650
47	0.01500
48	0.01050
49	0.01300
50	0.00850
51	0.00500
52	0.00850
53	0.00400
54	0.00850
55	0.00450
56	0.00500
57	0.00400
58	0.00050
59	0.00250
60	0.00200
61	0.00200
62	0.00000
63	0.00200
64	0.00100
65	0.00050
66	0.00050
67	0.00100
68	0.00100
69	0.00150
70	0.00100
71	0.00150
72	0.00050
73	0.00100
74	0.00050
75	0.00050
76	0.00000
77	0.00050
78	0.00000
79	0.00000
80	0.00000
81	0.00000
82	0.00000
83	0.00000
84	0.00000
85	0.00000
86	0.00000
87	0.00000
88	0.00000
89	0.00000
90	0.00000
91	0.00000
92	0.00000
93	0.00000
94	0.00000
95	0.00000
96	0.00000
97	0.00000
98	0.00000
99	0.00000
