0	0.00500
1	0.00600
2	0.00800
3	0.00950
4	0.01100
5	0.01350
6	0.01600
7	0.01800
8	0.02050
9	0.02400
10	0.02900
11	0.03200
12	0.03750
13	0.04200
14	0.04650
15	0.05350
16	0.05650
17	0.06150
18	0.06800
19	0.07700
20	0.09000
21	0.10350
22	0.11250
23	0.12600
24	0.14100
25	0.15800
26	0.17700
27	0.19900
28	0.22700
29	0.25250
30	0.27950
31	0.30800
32	0.33250
33	0.35850
34	0.38200
35	0.41050
36	0.43850
37	0.45950
38	0.48350
39	0.51000
40	0.53400
41	0.55800
42	0.58850
43	0.61350
44	0.63050
45	0.64000
46	0.65650
47	0.67150
48	0.68200
49	0.69500
50	0.70350
51	0.70850
52	0.71700
53	0.72100
54	0.72950
55	0.73400
56	0.73900
57	0.74300
58	0.74350
59	0.74600
60	0.74800
61	0.75000
62	0.75000
63	0.75200
64	0.75300
65	0.75350
66	0.75400
67	0.75500
68	0.75600
69	0.75750
70	0.75850
71	0.76000
72	0.76050
73	0.76150
74	0.76200
75	0.76250
76	0.76250
77	0.76300
78	0.76300
79	0.76300
80	0.76300
81	0.76300
82	0.76300
83	0.76300
84	0.76300
85	0.76300
86	0.76300
87	0.76300
88	0.76300
89	0.76300
90	0.76300
91	0.76300
92	0.76300
93	0.76300
94	0.76300
95	0.76300
96	0.76300
97	0.76300
98	0.76300
99	0.76300
