0	0.00000
1	0.00000
2	0.00000
3	0.22666
4	0.37168
5	0.32427
6	0.63824
7	0.61526
8	1.05859
9	0.74027
10	201.01996
11	0.97119
12	0.55423
13	1.05686
14	1.10188
15	0.86936
16	0.86714
17	0.91909
18	0.84446
19	0.74889
20	0.56369
21	0.82021
22	0.67205
23	0.58050
24	0.48888
25	0.52963
26	0.44271
27	0.38678
28	0.30540
29	0.35947
30	-0.34706
31	0.19502
32	0.18154
33	0.17723
34	0.09479
35	0.09385
36	0.08464
37	0.05632
38	0.09937
39	0.02601
40	-0.34224
41	0.03185
42	0.03827
43	0.00875
44	0.01076
45	0.00945
46	0.01913
47	0.04881
48	-0.01318
49	0.04054
50	-0.30446
51	-0.01027
52	-0.01750
53	-0.00491
54	0.01777
55	-0.00619
56	-0.01271
57	0.02895
58	0.02046
59	-0.00369
60	-0.29803
61	-0.00338
62	-0.01053
63	-0.00513
