0	0.00500
1	0.00600
2	0.00850
3	0.01000
4	0.01250
5	0.01500
6	0.01850
7	0.02300
8	0.03150
9	0.03950
10	0.04650
11	0.05750
12	0.07400
13	0.08850
14	0.10750
15	0.13500
16	0.16850
17	0.19800
18	0.22950
19	0.27750
20	0.31400
21	0.36150
22	0.41000
23	0.45700
24	0.50350
25	0.55950
26	0.60350
27	0.64000
28	0.67800
29	0.71400
30	0.75550
31	0.79150
32	0.81250
33	0.83500
34	0.85650
35	0.87700
36	0.89600
37	0.90300
38	0.91350
39	0.92400
40	0.93350
41	0.94050
42	0.94500
43	0.94950
44	0.95150
45	0.95700
46	0.96100
47	0.96200
48	0.96400
49	0.96500
50	0.96650
51	0.96750
52	0.96800
53	0.96900
54	0.96950
55	0.97000
56	0.97000
57	0.97000
58	0.97050
59	0.97050
60	0.97050
61	0.97050
62	0.97050
63	0.97150
