0	0.00000
1	0.00000
2	0.00000
3	0.18104
4	0.33467
5	0.34164
6	0.45424
7	0.57746
8	0.67576
9	0.91673
10	489.51336
11	0.90391
12	0.89447
13	0.94552
14	0.92554
15	0.81177
16	0.91316
17	0.90350
18	0.94189
19	0.78886
20	1.23709
21	0.73932
22	0.64638
23	0.62232
24	0.55619
25	0.49865
26	0.44662
27	0.42676
28	0.36716
29	0.35486
30	0.34192
31	0.22551
32	0.24360
33	0.20518
34	0.14902
35	0.10879
36	0.10296
37	0.11882
38	0.09602
39	0.05538
40	0.07424
41	0.06055
42	0.07022
43	0.01720
44	-0.01710
45	-0.02585
46	0.00086
47	0.07235
48	0.02657
49	0.04617
50	-0.02579
51	-0.04573
52	-0.00352
53	-0.01326
54	0.00372
55	-0.00928
56	-0.00934
57	0.03029
58	0.04249
59	-0.01245
60	0.00360
61	-0.00447
62	-0.02863
63	-0.00691
