0	0.00500
1	0.00550
2	0.00700
3	0.00800
4	0.01100
5	0.01750
6	0.03200
7	0.05200
8	0.08750
9	0.13700
10	0.20500
11	0.26950
12	0.33250
13	0.39750
14	0.45200
15	0.50200
16	0.54250
17	0.57950
18	0.60800
19	0.62850
20	0.64650
21	0.65850
22	0.67050
23	0.68000
24	0.68700
25	0.69200
26	0.69600
27	0.70000
28	0.70200
29	0.70550
30	0.70700
31	0.70900
32	0.71050
33	0.71050
34	0.71100
35	0.71100
36	0.71150
37	0.71200
38	0.71200
39	0.71200
40	0.71200
41	0.71200
42	0.71200
43	0.71200
44	0.71200
45	0.71300
46	0.71300
47	0.71300
48	0.71300
49	0.71300
50	0.71300
51	0.71300
52	0.71300
53	0.71300
54	0.71300
55	0.71300
56	0.71350
57	0.71350
58	0.71350
59	0.71350
60	0.71350
61	0.71350
62	0.71350
63	0.71350
64	0.71350
65	0.71350
66	0.71350
67	0.71350
68	0.71350
69	0.71350
70	0.71350
71	0.71350
72	0.71350
73	0.71350
74	0.71350
75	0.71350
76	0.71350
77	0.71350
78	0.71350
79	0.71350
80	0.71350
81	0.71350
82	0.71350
83	0.71350
84	0.71350
85	0.71350
86	0.71350
87	0.71350
88	0.71350
89	0.71350
90	0.71350
91	0.71350
92	0.71350
93	0.71350
94	0.71350
95	0.71350
96	0.71350
97	0.71350
98	0.71350
99	0.71350
