0	0.00200
1	0.00240
2	0.00380
3	0.00600
4	0.00860
5	0.01280
6	0.01720
7	0.02040
8	0.02380
9	0.02700
10	0.03060
11	0.03420
12	0.03880
13	0.04120
14	0.04580
15	0.05140
16	0.05740
17	0.06340
18	0.07120
19	0.07960
20	0.08460
21	0.09380
22	0.10340
23	0.11340
24	0.12340
25	0.13180
26	0.14200
27	0.15340
28	0.16420
29	0.17460
30	0.18380
31	0.19220
32	0.20020
33	0.20820
34	0.21760
35	0.22480
36	0.22980
37	0.23500
38	0.24000
39	0.24520
40	0.24820
41	0.25580
42	0.25860
43	0.26120
44	0.26420
45	0.26700
46	0.26980
47	0.27300
48	0.27520
49	0.27640
50	0.27840
51	0.28060
52	0.28280
53	0.28380
54	0.28400
55	0.28460
56	0.28520
57	0.28580
58	0.28660
59	0.28700
60	0.28780
61	0.28800
62	0.28820
63	0.28820
64	0.28820
65	0.28820
66	0.28840
67	0.28840
68	0.28860
69	0.28900
70	0.28900
71	0.28900
72	0.28900
73	0.28900
74	0.28900
75	0.28900
76	0.28920
77	0.28920
78	0.28920
79	0.28940
80	0.28940
81	0.28940
82	0.28960
83	0.28960
84	0.28960
85	0.28960
86	0.28960
87	0.28960
88	0.28960
89	0.28960
90	0.28960
91	0.28960
92	0.28960
93	0.28960
94	0.28960
95	0.28960
96	0.28960
97	0.28960
98	0.28960
99	0.28960
