0	0.02000
1	0.02000
2	0.02000
3	0.02000
4	0.02000
5	0.02000
6	0.02000
7	0.02000
8	0.02000
9	0.02000
10	0.02000
11	0.02000
12	0.02000
13	0.02000
14	0.02000
15	0.02000
16	0.02500
17	0.02500
18	0.02500
19	0.02500
20	0.02500
21	0.02500
22	0.02500
23	0.02500
24	0.02500
25	0.02500
26	0.02500
27	0.02500
28	0.02500
29	0.02500
30	0.02500
31	0.02500
32	0.02500
33	0.02500
34	0.02500
35	0.02500
36	0.02500
37	0.02500
38	0.02500
39	0.02500
40	0.02500
41	0.03000
42	0.03000
43	0.03000
44	0.03000
45	0.03000
46	0.03500
47	0.04000
48	0.04000
49	0.04500
50	0.04500
51	0.04500
52	0.05000
53	0.05000
54	0.05000
55	0.05000
56	0.05000
57	0.05000
58	0.05000
59	0.05000
60	0.05500
61	0.05500
62	0.06000
63	0.06000
64	0.06000
65	0.06000
66	0.06000
67	0.06000
68	0.06000
69	0.06000
70	0.06000
71	0.06000
72	0.06000
73	0.06000
74	0.06000
75	0.06000
76	0.06000
77	0.06000
78	0.06000
79	0.06500
80	0.06500
81	0.06500
82	0.07000
83	0.07000
84	0.07000
85	0.07000
86	0.07000
87	0.07000
88	0.07000
89	0.07500
90	0.08000
91	0.08500
92	0.08500
93	0.08500
94	0.08500
95	0.08500
96	0.08500
97	0.09000
98	0.10000
99	0.10000
100	0.10000
101	0.10500
102	0.10500
103	0.10500
104	0.11000
105	0.11000
106	0.11500
107	0.11500
108	0.12500
109	0.13000
110	0.13000
111	0.13000
112	0.13000
113	0.13000
114	0.14000
115	0.14000
116	0.14000
117	0.14000
118	0.14000
119	0.14500
120	0.14500
121	0.14500
122	0.15000
123	0.15000
124	0.15500
125	0.15500
126	0.16500
127	0.17000
128	0.17500
129	0.17500
130	0.17500
131	0.17500
132	0.17500
133	0.17500
134	0.18500
135	0.18500
136	0.19000
137	0.19000
138	0.19000
139	0.19000
140	0.19000
141	0.20000
142	0.21000
143	0.21000
144	0.21000
145	0.21500
146	0.21500
147	0.22000
148	0.22000
149	0.22000
