0	0.02000
1	0.02000
2	0.02000
3	0.02000
4	0.02000
5	0.02000
6	0.02500
7	0.02500
8	0.02500
9	0.02500
10	0.02500
11	0.02500
12	0.02500
13	0.03000
14	0.03000
15	0.03000
16	0.03000
17	0.03000
18	0.03000
19	0.03500
20	0.03500
21	0.03500
22	0.03500
23	0.03500
24	0.03500
25	0.03500
26	0.03500
27	0.03500
28	0.03500
29	0.03500
30	0.03500
31	0.03500
32	0.03500
33	0.03500
34	0.03500
35	0.03500
36	0.04000
37	0.04000
38	0.04000
39	0.04000
40	0.04000
41	0.04000
42	0.04000
43	0.04000
44	0.04000
45	0.04000
46	0.04000
47	0.04000
48	0.04000
49	0.04000
50	0.04500
51	0.04500
52	0.04500
53	0.04500
54	0.04500
55	0.04500
56	0.04500
57	0.05000
58	0.05000
59	0.05000
60	0.05000
61	0.05000
62	0.05000
63	0.05000
64	0.05000
65	0.05000
66	0.05500
67	0.05500
68	0.05500
69	0.06000
70	0.06000
71	0.06500
72	0.07500
73	0.08000
74	0.08500
75	0.08500
76	0.08500
77	0.08500
78	0.09000
79	0.09000
80	0.09000
81	0.09000
82	0.09500
83	0.09500
84	0.09500
85	0.09500
86	0.09500
87	0.09500
88	0.10000
89	0.10000
90	0.10500
91	0.10500
92	0.10500
93	0.10500
94	0.10500
95	0.10500
96	0.11500
97	0.12000
98	0.13000
99	0.13000
100	0.13500
101	0.14000
102	0.14500
103	0.14500
104	0.14500
105	0.15000
106	0.15000
107	0.15500
108	0.16000
109	0.16000
110	0.16500
111	0.16500
112	0.16500
113	0.17000
114	0.17500
115	0.17500
116	0.17500
117	0.17500
118	0.19000
119	0.19000
120	0.19000
121	0.19000
122	0.19000
123	0.19500
124	0.19500
125	0.19500
126	0.20000
127	0.20000
128	0.20000
129	0.21000
130	0.22500
131	0.22500
132	0.23500
133	0.24000
134	0.25500
135	0.25500
136	0.26000
137	0.26500
138	0.26500
139	0.27000
140	0.27500
141	0.27500
142	0.27500
143	0.28000
144	0.28000
145	0.28000
146	0.29000
147	0.29000
148	0.29500
149	0.29500
