0	0.00000
1	0.00000
2	0.00000
3	0.05405
4	0.26029
5	0.68966
6	0.98583
7	1.16328
8	1.37865
9	1.44200
10	1.32368
11	1.13159
12	0.94700
13	0.73547
14	0.55118
15	0.40286
16	0.29806
17	0.22447
18	0.17609
19	0.13227
20	0.10361
21	0.08422
22	0.06939
23	0.05721
24	0.04829
25	0.04569
26	0.03636
27	0.03084
28	0.02726
29	0.02297
30	0.01932
31	0.01526
32	0.00788
33	0.00646
34	0.00489
35	0.00216
36	0.00090
37	0.00038
38	0.00012
39	0.00000
40	0.00000
41	0.00000
42	0.00000
43	0.00000
44	0.00000
45	0.00000
46	0.00000
47	0.00000
48	0.00000
49	0.00000
50	0.00000
51	0.00000
52	0.00000
53	0.00000
54	0.00000
55	0.00000
56	0.00000
57	0.00000
58	0.00000
59	0.00000
60	0.00000
61	0.00000
62	0.00000
63	0.00000
64	0.00000
65	0.00000
66	0.00000
67	0.00000
68	0.00000
69	0.00000
70	0.00000
71	0.00000
72	0.00000
73	0.00000
74	0.00000
75	0.00000
76	0.00000
77	0.00000
78	0.00000
79	0.00000
80	0.00000
81	0.00000
82	0.00000
83	0.00000
84	0.00000
85	0.00000
86	0.00000
87	0.00000
88	0.00000
89	0.00000
90	0.00000
91	0.00000
92	0.00000
93	0.00000
94	0.00000
95	0.00000
96	0.00000
97	0.00000
98	0.00000
99	0.00000
