0	0.00000
1	0.00050
2	0.00050
3	0.00100
4	0.00100
5	0.00150
6	0.00050
7	0.00000
8	0.00000
9	0.00050
10	0.00100
11	0.00150
12	0.00250
13	0.00300
14	0.00200
15	0.00450
16	0.00050
17	0.00350
18	0.00350
19	0.00450
20	0.00350
21	0.00250
22	0.00550
23	0.00400
24	0.00800
25	0.00750
26	0.00650
27	0.01000
28	0.00900
29	0.01150
30	0.01000
31	0.01350
32	0.01550
33	0.01700
34	0.01850
35	0.02150
36	0.02150
37	0.02050
38	0.02650
39	0.02150
40	0.02600
41	0.02400
42	0.02350
43	0.02750
44	0.02600
45	0.01900
46	0.03000
47	0.02600
48	0.02850
49	0.02900
50	0.02900
51	0.03000
52	0.03050
53	0.02400
54	0.02100
55	0.02250
56	0.01750
57	0.01950
58	0.01900
59	0.02300
60	0.02100
61	0.01800
62	0.01800
63	0.01750
64	0.00900
65	0.00900
66	0.01350
67	0.00800
68	0.00800
69	0.00450
70	0.00500
71	0.00600
72	0.00300
73	0.00300
74	0.00400
75	0.00200
76	0.00350
77	0.00400
78	0.00250
79	0.00300
80	0.00300
81	0.00100
82	0.00100
83	0.00250
84	0.00100
85	0.00050
86	0.00100
87	0.00200
88	0.00000
89	0.00350
90	0.00100
91	0.00000
92	0.00050
93	0.00000
94	0.00000
95	0.00050
96	0.00000
97	0.00100
98	0.00100
99	0.00000
100	0.00000
101	0.00000
102	0.00000
103	0.00050
104	0.00000
105	0.00000
106	0.00000
107	0.00000
108	0.00000
109	0.00000
110	0.00000
111	0.00000
112	0.00000
113	0.00000
114	0.00000
115	0.00000
116	0.00000
117	0.00000
118	0.00000
119	0.00000
120	0.00000
121	0.00000
122	0.00000
123	0.00000
124	0.00000
125	0.00000
126	0.00000
127	0.00000
128	0.00000
129	0.00000
130	0.00000
131	0.00000
132	0.00000
133	0.00000
134	0.00000
135	0.00000
136	0.00000
137	0.00000
138	0.00000
139	0.00000
140	0.00000
141	0.00000
142	0.00000
143	0.00000
144	0.00000
145	0.00000
146	0.00000
147	0.00000
148	0.00000
149	0.00000
