0	0	0	0	0	0	
1	750	0	0	0	0	
2	749	0	0	0	0	
3	749	0	0	0	0	
4	749	0	0	0	0	
5	749	0	0	0	0	
6	745	4	0	0	0	
7	744	5	0	0	0	
8	744	5	0	0	0	
9	744	5	0	0	0	
10	742	5	0	0	0	
11	742	5	0	0	0	
12	739	7	0	0	0	
13	739	7	0	0	0	
14	689	56	1	0	0	
15	633	92	18	0	0	
16	630	93	20	0	0	
17	547	153	34	8	0	
18	544	153	34	8	0	
19	530	153	43	9	0	
20	524	154	43	10	0	
21	524	153	42	12	0	
22	522	152	43	12	0	
23	520	151	43	12	0	
24	516	151	43	12	0	
25	512	149	43	12	0	
26	510	148	43	12	0	
27	504	148	43	12	0	
28	500	147	43	12	0	
29	492	147	43	12	0	
30	487	147	43	12	0	
31	477	143	42	12	0	
32	466	143	42	12	0	
33	455	140	41	12	0	
34	448	136	40	12	0	
35	437	133	40	12	0	
36	424	130	39	12	0	
37	411	127	39	12	0	
38	401	120	38	12	0	
39	386	117	36	12	0	
40	376	113	34	12	0	
41	364	109	34	12	0	
42	352	106	34	12	0	
43	333	100	32	12	0	
44	320	94	31	12	0	
45	309	93	31	11	0	
46	299	88	30	10	0	
47	286	87	28	10	0	
48	268	87	28	10	0	
49	253	83	28	10	0	
50	237	80	28	9	0	
51	214	76	28	9	0	
52	199	75	28	9	0	
53	182	72	28	9	0	
54	168	71	28	9	0	
55	156	69	28	8	0	
56	144	69	27	8	0	
57	135	66	27	8	0	
58	124	65	26	8	0	
59	109	60	23	8	0	
60	92	58	22	8	0	
61	84	55	22	8	0	
62	71	53	22	8	0	
63	58	51	21	8	0	
64	51	50	21	8	0	
65	49	50	21	8	0	
66	42	46	20	8	0	
67	37	44	20	8	0	
68	33	43	20	8	0	
69	30	42	20	8	0	
70	28	42	20	8	0	
71	24	42	20	8	0	
72	21	42	20	8	0	
73	17	41	20	8	0	
74	15	41	20	8	0	
75	14	41	20	8	0	
76	13	41	19	7	0	
77	13	39	19	7	0	
78	13	39	19	7	0	
79	12	38	19	7	0	
80	11	38	19	7	0	
81	11	38	19	7	0	
82	10	38	19	7	0	
83	9	36	19	7	0	
84	9	35	19	7	0	
85	8	35	19	7	0	
86	7	35	19	7	0	
87	4	35	19	7	0	
88	4	35	19	7	0	
89	3	34	19	7	0	
90	3	34	19	7	0	
91	3	34	19	7	0	
92	3	34	19	7	0	
93	3	34	19	7	0	
94	3	34	19	7	0	
95	3	34	19	7	0	
96	3	34	19	7	0	
97	3	34	19	7	0	
98	1	34	19	7	0	
99	1	34	19	7	0	
100	1	34	19	7	0	
101	1	34	19	7	0	
102	1	34	19	7	0	
103	1	34	19	7	0	
104	1	34	19	7	0	
105	1	34	19	7	0	
106	1	34	19	7	0	
107	1	34	19	7	0	
108	1	34	19	7	0	
109	1	34	19	7	0	
110	1	34	19	7	0	
111	1	34	19	7	0	
112	1	34	19	7	0	
113	1	34	19	7	0	
114	1	34	19	7	0	
115	1	34	19	7	0	
116	1	34	19	7	0	
117	1	34	19	7	0	
118	1	34	19	7	0	
119	1	34	19	7	0	
120	1	34	19	7	0	
121	1	34	19	7	0	
122	1	34	19	7	0	
123	1	34	19	7	0	
124	1	34	19	7	0	
125	1	34	19	7	0	
126	1	34	19	7	0	
127	1	34	19	7	0	
128	1	34	19	7	0	
129	1	34	19	7	0	
130	1	34	19	7	0	
131	1	34	19	7	0	
132	1	34	19	7	0	
133	1	34	19	7	0	
134	1	34	19	7	0	
135	1	34	19	7	0	
136	1	34	19	7	0	
137	1	34	19	7	0	
138	1	34	19	7	0	
139	1	34	19	7	0	
140	1	34	19	7	0	
141	1	34	19	7	0	
142	1	34	19	7	0	
143	1	34	19	7	0	
144	1	34	19	7	0	
145	1	34	19	7	0	
146	1	34	19	7	0	
147	1	34	19	7	0	
148	1	34	19	7	0	
149	1	34	19	7	0	
