0	0.00000
1	0.00000
2	0.00000
3	0.55975
4	0.74816
5	0.82446
6	1.01151
7	1.19721
8	1.33442
9	1.45993
10	1.69013
11	1.90756
12	1.95326
13	2.10930
14	1.99115
15	1.92073
16	1.82402
17	1.69749
18	1.59008
19	1.44920
20	1.33031
21	1.22438
22	1.12380
23	1.02783
24	0.95629
25	0.88847
26	0.82935
27	0.77149
28	0.72562
29	0.68021
30	0.64655
31	0.60879
32	0.57741
33	0.55078
34	0.52680
35	0.50334
36	0.48045
37	0.46359
38	0.44518
39	0.42893
40	0.41309
41	0.39924
42	0.38703
43	0.37349
44	0.36068
45	0.34965
46	0.33852
47	0.33034
48	0.32120
49	0.31134
50	0.30407
51	0.29508
52	0.28768
53	0.28062
54	0.27428
55	0.26886
56	0.26155
57	0.25591
58	0.25092
59	0.24537
60	0.24005
61	0.24122
62	0.23647
63	0.23015
64	0.22813
65	0.22293
66	0.21759
67	0.21502
68	0.21130
69	0.20678
70	0.20377
71	0.19953
72	0.19752
73	0.19421
74	0.19078
75	0.18769
76	0.18415
77	0.18195
78	0.17899
79	0.17708
80	0.17424
81	0.17124
82	0.16889
83	0.16717
84	0.16374
85	0.16305
86	0.16108
87	0.15825
88	0.15668
89	0.15307
90	0.15156
91	0.15065
92	0.14917
93	0.14831
94	0.14467
95	0.14351
96	0.14014
97	0.13876
98	0.13821
99	0.13647
100	0.13550
101	0.13467
102	0.13266
103	0.13086
104	0.12908
105	0.12734
106	0.12565
107	0.12492
108	0.12383
109	0.12283
110	0.12234
111	0.12118
112	0.12013
113	0.11876
114	0.11828
115	0.11673
116	0.11443
117	0.11361
118	0.11256
119	0.11147
120	0.11064
121	0.10980
122	0.10898
123	0.10872
124	0.10762
125	0.10571
126	0.10571
127	0.10571
128	0.10416
129	0.10214
130	0.10201
131	0.10015
132	0.09962
133	0.09932
134	0.09822
135	0.09784
136	0.09663
137	0.09621
138	0.09527
139	0.09512
140	0.09362
141	0.09324
142	0.09282
143	0.09229
144	0.09102
145	0.09080
146	0.09044
147	0.08993
148	0.08955
149	0.08844
150	0.08792
151	0.08683
152	0.08577
153	0.08562
154	0.08493
155	0.08404
156	0.08375
157	0.08344
158	0.08283
159	0.08250
160	0.08173
161	0.08129
162	0.08089
163	0.08067
164	0.08028
165	0.07967
166	0.07899
167	0.07834
168	0.07819
169	0.07804
170	0.07759
171	0.07704
172	0.07639
173	0.07622
174	0.07540
175	0.07540
176	0.07462
177	0.07393
178	0.07393
179	0.07305
180	0.07305
181	0.07259
182	0.07224
183	0.07195
184	0.07159
185	0.07159
186	0.07061
187	0.06926
188	0.06926
189	0.06916
190	0.06862
191	0.06744
192	0.06685
193	0.06656
194	0.06656
195	0.06656
196	0.06627
197	0.06604
198	0.06604
199	0.06604
