0	0.00000
1	0.00000
2	0.00000
3	0.21612
4	0.59936
5	0.74950
6	0.97772
7	1.20742
8	1.33867
9	1.43670
10	1.63193
11	1.82897
12	1.88406
13	2.04722
14	1.93406
15	1.87360
16	1.76093
17	1.64210
18	1.52175
19	1.36513
20	1.25806
21	1.17031
22	1.09769
23	0.99142
24	0.93649
25	0.86866
26	0.81691
27	0.76256
28	0.72347
29	0.67992
30	0.63192
31	0.59676
32	0.57152
33	0.54242
34	0.52215
35	0.49340
36	0.46945
37	0.45453
38	0.43875
39	0.42129
40	0.40746
41	0.39620
42	0.38780
43	0.37736
44	0.36536
45	0.35291
46	0.34302
47	0.33543
48	0.32699
49	0.31763
50	0.31073
51	0.30274
52	0.29820
53	0.29187
54	0.28371
55	0.27904
56	0.27144
57	0.26679
58	0.26173
59	0.25879
60	0.25399
61	0.25555
62	0.25101
63	0.24488
64	0.23713
65	0.23201
66	0.22692
67	0.22436
68	0.22055
69	0.21658
70	0.21347
71	0.20937
72	0.20758
73	0.20393
74	0.20129
75	0.19797
76	0.19451
77	0.19211
78	0.18589
79	0.18377
80	0.18118
81	0.17854
82	0.17585
83	0.17408
84	0.17089
85	0.17020
86	0.16817
87	0.16522
88	0.16389
89	0.16090
90	0.15890
91	0.15795
92	0.15630
93	0.15529
94	0.15210
95	0.15085
96	0.14739
97	0.14598
98	0.14528
99	0.14341
100	0.14273
101	0.14161
102	0.13979
103	0.13809
104	0.13615
105	0.13461
106	0.13303
107	0.13237
108	0.13108
109	0.12996
110	0.12949
111	0.12836
112	0.12737
113	0.12619
114	0.12564
115	0.12408
116	0.12201
117	0.12124
118	0.12006
119	0.11911
120	0.11828
121	0.11733
122	0.11619
123	0.11573
124	0.11489
125	0.11327
126	0.11327
127	0.11327
128	0.11123
129	0.10965
130	0.10936
131	0.10753
132	0.10689
133	0.10660
134	0.10538
135	0.10494
136	0.10389
137	0.10350
138	0.10249
139	0.10221
140	0.10106
141	0.10070
142	0.10027
143	0.09973
144	0.09844
145	0.09819
146	0.09786
147	0.09747
148	0.09664
149	0.09582
150	0.09541
151	0.09421
152	0.09339
153	0.09317
154	0.09250
155	0.09155
156	0.09107
157	0.09085
158	0.09023
159	0.08997
160	0.08930
161	0.08878
162	0.08854
163	0.08829
164	0.08774
165	0.08731
166	0.08669
167	0.08604
168	0.08574
169	0.08563
170	0.08513
171	0.08460
172	0.08364
173	0.08350
174	0.08292
175	0.08292
176	0.08208
177	0.08160
178	0.08160
179	0.08071
180	0.08071
181	0.08033
182	0.08001
183	0.07977
184	0.07928
185	0.07928
186	0.07846
187	0.07719
188	0.07719
189	0.07700
190	0.07630
191	0.07471
192	0.07434
193	0.07387
194	0.07387
195	0.07387
196	0.07337
197	0.07322
198	0.07322
199	0.07322
