0	0.01000
1	0.01200
2	0.01700
3	0.02700
4	0.04400
5	0.06700
6	0.09800
7	0.13700
8	0.19500
9	0.27200
10	0.33600
11	0.42100
12	0.50800
13	0.60600
14	0.67400
15	0.73800
16	0.79400
17	0.83200
18	0.85600
19	0.87400
20	0.88300
21	0.89400
22	0.90000
23	0.90600
24	0.91000
25	0.91700
26	0.91900
27	0.91900
28	0.92200
29	0.92400
30	0.92400
31	0.92700
32	0.92700
33	0.92700
34	0.92700
35	0.92700
36	0.92700
37	0.92800
38	0.92800
39	0.92800
40	0.93000
41	0.93000
42	0.93000
43	0.93000
44	0.93000
45	0.93000
46	0.93000
47	0.93000
48	0.93000
49	0.93000
50	0.93100
51	0.93100
52	0.93100
53	0.93200
54	0.93200
55	0.93300
56	0.93300
57	0.93300
58	0.93300
59	0.93400
60	0.93400
61	0.93400
62	0.93400
63	0.93400
64	0.93400
65	0.93400
66	0.93400
67	0.93400
68	0.93400
69	0.93400
70	0.93400
71	0.93400
72	0.93400
73	0.93400
74	0.93400
75	0.93400
76	0.93400
77	0.93400
78	0.93500
79	0.93500
80	0.93500
81	0.93500
82	0.93500
83	0.93500
84	0.93500
85	0.93500
86	0.93500
87	0.93500
88	0.93500
89	0.93500
90	0.93500
91	0.93500
92	0.93500
93	0.93500
94	0.93500
95	0.93500
96	0.93500
97	0.93500
98	0.93500
99	0.93500
100	0.93500
101	0.93500
102	0.93500
103	0.93500
104	0.93500
105	0.93500
106	0.93500
107	0.93500
108	0.93500
109	0.93500
110	0.93500
111	0.93500
112	0.93500
113	0.93500
114	0.93500
115	0.93500
116	0.93500
117	0.93500
118	0.93500
119	0.93500
120	0.93500
121	0.93500
122	0.93500
123	0.93500
124	0.93500
125	0.93500
126	0.93500
127	0.93500
128	0.93500
129	0.93500
130	0.93500
131	0.93500
132	0.93500
133	0.93500
134	0.93500
135	0.93500
136	0.93500
137	0.93500
138	0.93500
139	0.93500
140	0.93500
141	0.93500
142	0.93500
143	0.93500
144	0.93500
145	0.93500
146	0.93500
147	0.93500
148	0.93500
149	0.93500
150	0.93500
151	0.93500
152	0.93500
153	0.93500
154	0.93500
155	0.93500
156	0.93500
157	0.93500
158	0.93500
159	0.93500
160	0.93500
161	0.93500
162	0.93500
163	0.93500
164	0.93500
165	0.93500
166	0.93500
167	0.93500
168	0.93500
169	0.93500
170	0.93500
171	0.93500
172	0.93500
173	0.93500
174	0.93500
175	0.93500
176	0.93500
177	0.93500
178	0.93500
179	0.93500
180	0.93500
181	0.93500
182	0.93500
183	0.93500
184	0.93500
185	0.93500
186	0.93500
187	0.93500
188	0.93500
189	0.93500
190	0.93500
191	0.93500
192	0.93500
193	0.93500
194	0.93500
195	0.93500
196	0.93500
197	0.93500
198	0.93500
199	0.93500
