0	0.00200
1	0.00300
2	0.00500
3	0.00820
4	0.01220
5	0.01540
6	0.02020
7	0.02280
8	0.02520
9	0.02640
10	0.02960
11	0.03200
12	0.03320
13	0.03660
14	0.03920
15	0.04240
16	0.04580
17	0.04780
18	0.05220
19	0.05520
20	0.06020
21	0.06500
22	0.06820
23	0.07160
24	0.07600
25	0.07900
26	0.08280
27	0.08700
28	0.09280
29	0.09720
30	0.10060
31	0.10480
32	0.11000
33	0.11400
34	0.11960
35	0.12420
36	0.12840
37	0.13320
38	0.13840
39	0.14180
40	0.14560
41	0.14820
42	0.15040
43	0.15400
44	0.15560
45	0.15880
46	0.16160
47	0.16360
48	0.16560
49	0.16760
50	0.16900
51	0.17180
52	0.17360
53	0.17620
54	0.17720
55	0.17860
56	0.18100
57	0.18240
58	0.18340
59	0.18400
60	0.18480
61	0.18600
62	0.18660
63	0.18740
64	0.18820
65	0.18840
66	0.18920
67	0.18960
68	0.19000
69	0.19080
70	0.19100
71	0.19180
72	0.19200
73	0.19200
74	0.19220
75	0.19220
76	0.19240
77	0.19260
78	0.19280
79	0.19320
80	0.19360
81	0.19360
82	0.19420
83	0.19440
84	0.19440
85	0.19480
86	0.19500
87	0.19520
88	0.19520
89	0.19520
90	0.19520
91	0.19540
92	0.19540
93	0.19540
94	0.19540
95	0.19540
96	0.19540
97	0.19540
98	0.19560
99	0.19560
