0	0.00000
1	0.00000
2	0.00000
3	0.00000
4	0.00000
5	0.00000
6	0.00050
7	0.00100
8	0.00100
9	0.00050
10	0.00150
11	0.00000
12	0.00200
13	0.00200
14	0.00050
15	0.00150
16	0.00150
17	0.00100
18	0.00100
19	0.00250
20	0.00050
21	0.00200
22	0.00250
23	0.00250
24	0.00250
25	0.00300
26	0.00400
27	0.00550
28	0.00700
29	0.00450
30	0.00300
31	0.00300
32	0.00400
33	0.00550
34	0.00500
35	0.00900
36	0.00900
37	0.00800
38	0.00800
39	0.00950
40	0.00850
41	0.01000
42	0.01450
43	0.00950
44	0.01250
45	0.01400
46	0.01400
47	0.01350
48	0.01250
49	0.01450
50	0.01050
51	0.01500
52	0.01050
53	0.01750
54	0.01650
55	0.01900
56	0.01700
57	0.01600
58	0.01550
59	0.02000
60	0.01400
61	0.02200
62	0.01800
63	0.01450
64	0.01650
65	0.01400
66	0.01500
67	0.01950
68	0.01400
69	0.01550
70	0.01650
71	0.01200
72	0.01500
73	0.01450
74	0.01650
75	0.01050
76	0.01000
77	0.01350
78	0.01350
79	0.00750
80	0.01000
81	0.01350
82	0.01500
83	0.01100
84	0.01350
85	0.01400
86	0.00700
87	0.01000
88	0.01400
89	0.00700
90	0.00550
91	0.00850
92	0.01000
93	0.00700
94	0.00600
95	0.00400
96	0.00700
97	0.00350
98	0.00700
99	0.00400
100	0.00500
101	0.00250
102	0.00400
103	0.00450
104	0.00550
105	0.00300
106	0.00400
107	0.00450
108	0.00500
109	0.00300
110	0.00250
111	0.00450
112	0.00250
113	0.00300
114	0.00200
115	0.00550
116	0.00350
117	0.00100
118	0.00250
119	0.00400
120	0.00250
121	0.00350
122	0.00250
123	0.00350
124	0.00200
125	0.00050
126	0.00250
127	0.00100
128	0.00100
129	0.00150
130	0.00100
131	0.00050
132	0.00150
133	0.00100
134	0.00150
135	0.00050
136	0.00150
137	0.00000
138	0.00150
139	0.00050
140	0.00150
141	0.00100
142	0.00050
143	0.00100
144	0.00050
145	0.00150
146	0.00100
147	0.00050
148	0.00050
149	0.00000
150	0.00000
151	0.00000
152	0.00100
153	0.00050
154	0.00100
155	0.00100
156	0.00100
157	0.00050
158	0.00050
159	0.00050
160	0.00100
161	0.00050
162	0.00000
163	0.00100
164	0.00000
165	0.00000
166	0.00000
167	0.00050
168	0.00050
169	0.00000
170	0.00150
171	0.00000
172	0.00000
173	0.00050
174	0.00050
175	0.00000
176	0.00000
177	0.00000
178	0.00000
179	0.00000
