0	0.00000
1	0.00000
2	0.00000
3	0.00000
4	0.00000
5	0.00000
6	0.00000
7	0.00000
8	0.02259
9	0.06712
10	0.08935
11	0.08497
12	0.13396
13	0.11653
14	0.15665
15	0.18055
16	0.16079
17	0.22074
18	0.22003
19	0.18898
20	0.18926
21	0.25703
22	0.23085
23	0.28105
24	0.32990
25	0.39847
26	0.43007
27	0.45642
28	0.48558
29	0.61503
30	0.65272
31	0.64316
32	0.52978
33	0.53254
34	0.52070
35	0.47502
36	0.46407
37	0.50323
38	0.53574
39	0.52298
40	0.48923
41	0.48438
42	0.43294
43	0.40760
44	0.42201
45	0.37755
46	0.37176
47	0.37793
48	0.36597
49	0.33923
50	0.30353
51	0.29438
52	0.27730
53	0.27193
54	0.24656
55	0.25834
56	0.24613
57	0.24561
58	0.22750
59	0.21773
60	0.20050
61	0.18866
62	0.16457
63	0.17309
64	0.16240
65	0.15317
66	0.14745
67	0.13311
68	0.12881
69	0.12224
70	0.11059
71	0.10747
72	0.10746
73	0.09659
74	0.09552
75	0.09544
76	0.09386
77	0.08637
78	0.07926
79	0.07408
80	0.07190
81	0.06563
82	0.06152
83	0.06271
84	0.06500
85	0.06299
86	0.06560
87	0.06389
88	0.05688
89	0.05160
90	0.05502
91	0.05090
92	0.04467
93	0.04130
94	0.04077
95	0.04212
96	0.03967
97	0.03638
98	0.03468
99	0.03217
100	0.03257
101	0.02861
102	0.02514
103	0.02202
104	0.01939
105	0.01959
106	0.02011
107	0.01856
108	0.02170
109	0.02231
110	0.02279
111	0.02223
112	0.02033
113	0.01841
114	0.01920
115	0.02080
116	0.01918
117	0.02085
118	0.01996
119	0.01648
120	0.01600
121	0.01720
122	0.01233
123	0.01266
124	0.01244
125	0.01202
126	0.01444
127	0.01215
128	0.01180
129	0.01192
130	0.01032
131	0.00998
132	0.01383
133	0.01163
134	0.01136
135	0.01100
136	0.01172
137	0.01188
138	0.01185
139	0.00469
140	0.00496
141	0.00397
142	0.00459
143	0.00242
144	0.00221
145	0.00236
146	0.00256
147	0.00433
148	0.00619
149	0.00460
150	0.00460
151	0.00368
152	0.00304
153	0.00302
154	0.00211
155	0.00000
156	0.00012
157	0.00275
158	0.00421
159	0.00574
160	0.00472
161	0.00509
162	0.00524
163	0.00349
164	0.00349
165	0.00355
166	0.00355
167	0.00372
168	0.00190
169	0.00172
170	0.00224
171	0.00224
172	0.00042
173	0.00045
174	0.00048
175	0.00286
176	0.00286
177	0.00263
178	0.00263
179	0.00238
