0	0	0	0	0	0	
1	500	0	0	0	0	
2	500	0	0	0	0	
3	500	0	0	0	0	
4	500	0	0	0	0	
5	500	0	0	0	0	
6	500	0	0	0	0	
7	498	0	0	0	0	
8	496	0	0	0	0	
9	495	0	0	0	0	
10	494	0	0	0	0	
11	494	0	0	0	0	
12	494	0	0	0	0	
13	493	0	0	0	0	
14	492	0	0	0	0	
15	491	0	0	0	0	
16	491	0	0	0	0	
17	490	0	0	0	0	
18	490	0	0	0	0	
19	488	0	0	0	0	
20	488	0	0	0	0	
21	488	0	0	0	0	
22	485	0	0	0	0	
23	483	0	0	0	0	
24	482	0	0	0	0	
25	479	1	0	0	0	
26	477	0	1	0	0	
27	475	0	0	1	0	
28	473	0	0	0	1	
29	469	1	0	0	1	
30	469	0	1	0	1	
31	468	0	0	1	1	
32	468	0	0	0	2	
33	463	0	0	0	2	
34	458	0	0	0	2	
35	453	0	0	0	2	
36	451	0	0	0	2	
37	448	0	0	0	2	
38	445	0	0	0	2	
39	439	0	0	0	2	
40	435	0	0	0	2	
41	431	0	0	0	2	
42	426	1	0	0	2	
43	416	1	0	0	2	
44	409	1	0	0	2	
45	404	1	0	0	2	
46	394	0	0	0	2	
47	386	0	0	0	2	
48	378	0	0	0	2	
49	374	0	0	0	2	
50	369	0	0	0	2	
51	364	0	0	0	2	
52	358	0	0	0	2	
53	349	0	0	0	2	
54	342	0	0	0	2	
55	336	0	0	0	2	
56	329	0	0	0	2	
57	320	0	0	0	2	
58	313	0	0	0	2	
59	303	0	0	0	2	
60	294	0	0	0	2	
61	284	0	0	0	2	
62	273	0	0	0	2	
63	262	0	0	0	2	
64	258	0	0	0	2	
65	252	0	0	0	2	
66	246	0	0	0	2	
67	229	0	0	0	2	
68	222	0	0	0	2	
69	216	0	0	0	2	
70	205	0	0	0	2	
71	199	0	0	0	2	
72	191	0	0	0	2	
73	181	0	0	0	2	
74	172	0	0	0	2	
75	170	0	0	0	2	
76	164	0	0	0	2	
77	155	0	0	0	2	
78	147	0	0	0	2	
79	145	0	0	0	2	
80	139	0	0	0	2	
81	132	0	0	0	2	
82	124	0	0	0	2	
83	118	0	0	0	2	
84	108	0	0	0	2	
85	101	0	0	0	2	
86	99	0	0	0	2	
87	94	0	0	0	2	
88	88	0	0	0	2	
89	85	0	0	0	2	
90	84	0	0	0	2	
91	82	0	0	0	2	
92	80	0	0	0	2	
93	78	0	0	0	2	
94	75	0	0	0	2	
95	72	0	0	0	2	
96	67	0	0	0	2	
97	66	0	0	0	2	
98	63	0	0	0	2	
99	61	0	0	0	2	
100	59	0	0	0	2	
101	59	0	0	0	2	
102	57	0	0	0	2	
103	55	0	0	0	2	
104	51	0	0	0	2	
105	50	0	0	0	2	
106	50	0	0	0	2	
107	48	0	0	0	2	
108	44	0	0	0	2	
109	43	0	0	0	2	
110	41	0	0	0	2	
111	39	0	0	0	2	
112	39	0	0	0	2	
113	39	0	0	0	2	
114	38	0	0	0	2	
115	35	0	0	0	2	
116	34	0	0	0	2	
117	34	0	0	0	2	
118	31	0	0	0	2	
119	29	0	0	0	2	
120	27	0	0	0	2	
121	25	0	0	0	2	
122	24	0	0	0	2	
123	24	0	0	0	2	
124	24	0	0	0	2	
125	24	0	0	0	2	
126	24	0	0	0	2	
127	24	0	0	0	2	
128	22	0	0	0	2	
129	21	0	0	0	2	
130	21	0	0	0	2	
131	21	0	0	0	2	
132	20	0	0	0	2	
133	20	0	0	0	2	
134	19	0	0	0	2	
135	19	0	0	0	2	
136	18	0	0	0	2	
137	18	0	0	0	2	
138	16	0	0	0	2	
139	16	0	0	0	2	
140	15	0	0	0	2	
141	15	0	0	0	2	
142	15	0	0	0	2	
143	14	0	0	0	2	
144	14	0	0	0	2	
145	14	0	0	0	2	
146	13	0	0	0	2	
147	12	0	0	0	2	
148	12	0	0	0	2	
149	12	0	0	0	2	
150	12	0	0	0	2	
151	12	0	0	0	2	
152	12	0	0	0	2	
153	12	0	0	0	2	
154	12	0	0	0	2	
155	11	0	0	0	2	
156	10	0	0	0	2	
157	10	0	0	0	2	
158	10	0	0	0	2	
159	10	0	0	0	2	
160	9	0	0	0	2	
161	9	0	0	0	2	
162	9	0	0	0	2	
163	8	0	0	0	2	
164	8	0	0	0	2	
165	8	0	0	0	2	
166	8	0	0	0	2	
167	8	0	0	0	2	
168	8	0	0	0	2	
169	8	0	0	0	2	
170	6	0	0	0	2	
171	6	0	0	0	2	
172	6	0	0	0	2	
173	6	0	0	0	2	
174	5	0	0	0	2	
175	5	0	0	0	2	
176	5	0	0	0	2	
177	5	0	0	0	2	
178	5	0	0	0	2	
179	5	0	0	0	2	
