0	0.00000
1	0.00000
2	0.00000
3	0.00000
4	0.00000
5	0.63515
6	0.63325
7	0.63133
8	0.79254
9	0.96285
10	0.98724
11	0.82879
12	0.82063
13	0.91452
14	1.15997
15	1.27743
16	1.23034
17	1.23510
18	1.04081
19	0.98362
20	1.08699
21	1.06044
22	1.03132
23	1.06371
24	1.19835
25	1.31218
26	1.27544
27	1.25866
28	1.24782
29	1.16429
30	1.17445
31	1.11012
32	1.12553
33	1.13615
34	1.12496
35	1.14341
36	1.17844
37	1.14271
38	1.10446
39	1.10914
40	1.10705
41	1.27156
42	1.28425
43	1.39283
44	1.35524
45	1.42001
46	1.32449
47	1.32685
48	1.37483
49	1.35380
50	1.24768
51	1.30710
52	1.29729
53	1.30559
54	1.21457
55	1.22839
56	1.22187
57	1.20890
58	1.25998
59	1.36904
60	1.23986
61	1.31708
62	1.30931
63	1.26333
64	1.23172
65	1.34239
66	1.29355
67	1.26080
68	1.22500
69	1.22349
70	1.16254
71	1.18952
72	1.17338
73	1.20811
74	1.19318
75	1.18363
76	1.18240
77	1.14979
78	1.15346
79	1.19957
80	1.23464
81	1.22449
82	1.23929
83	1.21783
84	1.24184
85	1.21801
86	1.19621
87	1.18966
88	1.19393
89	1.19018
90	1.12112
91	1.17578
92	1.18071
93	1.14559
94	1.10207
95	1.06802
96	1.09615
97	1.10771
98	1.07110
99	1.03518
100	1.02666
101	0.97493
102	0.95804
103	0.94854
104	0.92901
105	0.88077
106	0.84822
107	0.85754
108	0.84738
109	0.83076
110	0.83928
111	0.83406
112	0.80546
113	0.76632
114	0.75311
115	0.73831
116	0.71969
117	0.69814
118	0.68656
119	0.64664
120	0.62489
121	0.60992
122	0.61274
123	0.60438
124	0.59624
125	0.58650
126	0.57501
127	0.58508
128	0.59392
129	0.56698
130	0.54076
131	0.51779
132	0.50718
133	0.50286
134	0.48951
135	0.48597
136	0.46473
137	0.44612
138	0.42587
139	0.42530
140	0.40598
141	0.40175
142	0.39702
143	0.39047
144	0.40712
145	0.38097
146	0.36711
147	0.37025
148	0.37176
149	0.35124
150	0.34746
151	0.33330
152	0.32697
153	0.30499
154	0.30265
155	0.30514
156	0.30514
157	0.29179
158	0.26747
159	0.25632
160	0.24504
161	0.24068
162	0.22248
163	0.23051
164	0.22637
165	0.22017
166	0.22542
167	0.21655
168	0.20462
169	0.21305
170	0.20389
171	0.20432
172	0.20174
173	0.20014
174	0.19809
175	0.19391
176	0.19630
177	0.19565
178	0.19230
179	0.18139
180	0.17574
181	0.17348
182	0.16790
183	0.19334
184	0.19417
185	0.18795
186	0.18034
187	0.17654
188	0.16915
189	0.16915
190	0.16915
191	0.16915
192	0.16779
193	0.16104
194	0.15767
195	0.15658
196	0.15250
197	0.15250
198	0.14814
199	0.14814
