0	0.02000
1	0.02000
2	0.02000
3	0.03000
4	0.03000
5	0.03000
6	0.03500
7	0.04000
8	0.04500
9	0.04500
10	0.04500
11	0.05000
12	0.06000
13	0.07000
14	0.07500
15	0.08500
16	0.08500
17	0.08500
18	0.10000
19	0.10000
20	0.10500
21	0.11000
22	0.12000
23	0.13500
24	0.13500
25	0.14000
26	0.14500
27	0.15000
28	0.15500
29	0.15500
30	0.16000
31	0.16500
32	0.17000
33	0.18000
34	0.19000
35	0.19500
36	0.20000
37	0.20500
38	0.21000
39	0.23000
40	0.23500
41	0.25500
42	0.26500
43	0.27500
44	0.27500
45	0.28500
46	0.30000
47	0.30000
48	0.30000
49	0.31500
50	0.31500
51	0.32500
52	0.32500
53	0.33000
54	0.33500
55	0.34500
56	0.35500
57	0.37000
58	0.37000
59	0.39000
60	0.40000
61	0.40000
62	0.40500
63	0.42000
64	0.42000
65	0.42000
66	0.42500
67	0.43000
68	0.43000
69	0.44000
70	0.44500
71	0.45000
72	0.46000
73	0.46500
74	0.47000
75	0.47000
76	0.47500
77	0.48500
78	0.49500
79	0.50000
80	0.50500
81	0.51500
82	0.52000
83	0.52500
84	0.52500
85	0.53000
86	0.53500
87	0.54000
88	0.54000
89	0.55000
90	0.55500
91	0.56000
92	0.57000
93	0.57000
94	0.58000
95	0.59000
96	0.59000
97	0.59000
98	0.59500
99	0.59500
100	0.59500
101	0.59500
102	0.59500
103	0.59500
104	0.59500
105	0.60500
106	0.61000
107	0.61000
108	0.61500
109	0.61500
110	0.61500
111	0.61500
112	0.61500
113	0.62000
114	0.62000
115	0.62000
116	0.62000
117	0.62500
118	0.63000
119	0.63500
120	0.64000
121	0.64500
122	0.64500
123	0.64500
124	0.64500
125	0.65500
126	0.66500
127	0.67500
128	0.67500
129	0.67500
130	0.67500
131	0.68000
132	0.68000
133	0.68000
134	0.68000
135	0.68000
136	0.68000
137	0.68000
138	0.68000
139	0.68000
140	0.68000
141	0.68000
142	0.68500
143	0.68500
144	0.68500
145	0.69000
146	0.69500
147	0.69500
148	0.70000
149	0.70000
150	0.70000
151	0.70000
152	0.70000
153	0.70500
154	0.70500
155	0.70500
156	0.70500
157	0.70500
158	0.70500
159	0.70500
160	0.70500
161	0.71000
162	0.71000
163	0.71000
164	0.71500
165	0.71500
166	0.71500
167	0.72000
168	0.72000
169	0.72000
170	0.72000
171	0.72000
172	0.72000
173	0.72000
174	0.72500
175	0.72500
176	0.72500
177	0.72500
178	0.72500
179	0.72500
180	0.72500
181	0.73000
182	0.73000
183	0.73000
184	0.73000
185	0.73000
186	0.73000
187	0.73000
188	0.73000
189	0.73000
190	0.73000
191	0.73000
192	0.73000
193	0.73000
194	0.73000
195	0.73000
196	0.73000
197	0.73000
198	0.73000
199	0.73000
