0	0.00500
1	0.00550
2	0.00650
3	0.00900
4	0.00950
5	0.01150
6	0.01300
7	0.01550
8	0.02100
9	0.02700
10	0.03450
11	0.04050
12	0.04750
13	0.06050
14	0.07000
15	0.08200
16	0.09700
17	0.11250
18	0.13250
19	0.15550
20	0.18150
21	0.21050
22	0.23300
23	0.26800
24	0.30000
25	0.33750
26	0.37550
27	0.41350
28	0.45450
29	0.49200
30	0.52550
31	0.55650
32	0.59200
33	0.62300
34	0.65000
35	0.68000
36	0.69600
37	0.71750
38	0.73400
39	0.75050
40	0.76300
41	0.77800
42	0.79150
43	0.80450
44	0.81300
45	0.81850
46	0.82400
47	0.83050
48	0.83350
49	0.83650
50	0.83900
51	0.84100
52	0.84550
53	0.84850
54	0.85100
55	0.85150
56	0.85250
57	0.85350
58	0.85350
59	0.85350
60	0.85450
61	0.85700
62	0.85750
63	0.85800
64	0.85800
65	0.85800
66	0.85800
67	0.85800
68	0.85850
69	0.85850
70	0.85950
71	0.85950
72	0.85950
73	0.85950
74	0.86000
75	0.86000
76	0.86000
77	0.86000
78	0.86000
79	0.86050
80	0.86050
81	0.86050
82	0.86100
83	0.86100
84	0.86100
85	0.86100
86	0.86100
87	0.86100
88	0.86100
89	0.86100
90	0.86100
91	0.86100
92	0.86150
93	0.86150
94	0.86150
95	0.86150
96	0.86150
97	0.86150
98	0.86150
99	0.86150
100	0.86150
101	0.86150
102	0.86150
103	0.86150
104	0.86150
105	0.86150
106	0.86150
107	0.86150
108	0.86150
109	0.86150
110	0.86150
111	0.86200
112	0.86200
113	0.86200
114	0.86200
115	0.86200
116	0.86200
117	0.86200
118	0.86200
119	0.86200
120	0.86200
121	0.86200
122	0.86200
123	0.86200
124	0.86200
125	0.86200
126	0.86200
127	0.86200
128	0.86200
129	0.86200
130	0.86200
131	0.86200
132	0.86200
133	0.86200
134	0.86200
135	0.86200
136	0.86200
137	0.86200
138	0.86200
139	0.86200
140	0.86200
141	0.86200
142	0.86200
143	0.86200
144	0.86200
145	0.86200
146	0.86200
147	0.86200
148	0.86200
149	0.86200
150	0.86200
151	0.86200
152	0.86200
153	0.86200
154	0.86200
155	0.86200
156	0.86200
157	0.86200
158	0.86200
159	0.86200
160	0.86200
161	0.86200
162	0.86200
163	0.86200
164	0.86200
165	0.86200
166	0.86200
167	0.86200
168	0.86200
169	0.86200
170	0.86200
171	0.86200
172	0.86200
173	0.86200
174	0.86200
175	0.86200
176	0.86200
177	0.86200
178	0.86200
179	0.86200
