0	0.00500
1	0.00900
2	0.01500
3	0.02550
4	0.04850
5	0.08050
6	0.13250
7	0.21000
8	0.31450
9	0.42600
10	0.56700
11	0.68200
12	0.78200
13	0.85400
14	0.89850
15	0.92600
16	0.94150
17	0.95650
18	0.96300
19	0.96750
20	0.97050
21	0.97150
22	0.97150
23	0.97150
24	0.97200
25	0.97200
26	0.97200
27	0.97200
28	0.97200
29	0.97200
30	0.97200
31	0.97200
32	0.97200
33	0.97200
34	0.97200
35	0.97200
36	0.97200
37	0.97200
38	0.97200
39	0.97200
40	0.97200
41	0.97200
42	0.97200
43	0.97200
44	0.97200
45	0.97200
46	0.97200
47	0.97200
48	0.97200
49	0.97200
50	0.97200
51	0.97200
52	0.97200
53	0.97200
54	0.97200
55	0.97200
56	0.97200
57	0.97200
58	0.97200
59	0.97200
60	0.97200
61	0.97200
62	0.97200
63	0.97200
64	0.97200
65	0.97200
66	0.97200
67	0.97200
68	0.97200
69	0.97200
70	0.97200
71	0.97200
72	0.97200
73	0.97200
74	0.97200
75	0.97200
76	0.97200
77	0.97200
78	0.97200
79	0.97200
80	0.97200
81	0.97200
82	0.97200
83	0.97200
84	0.97200
85	0.97200
86	0.97200
87	0.97200
88	0.97200
89	0.97200
90	0.97200
91	0.97200
92	0.97200
93	0.97200
94	0.97200
95	0.97200
96	0.97200
97	0.97200
98	0.97200
99	0.97200
100	0.97200
101	0.97200
102	0.97200
103	0.97200
104	0.97200
105	0.97200
106	0.97200
107	0.97200
108	0.97200
109	0.97200
110	0.97200
111	0.97200
112	0.97200
113	0.97200
114	0.97200
115	0.97200
116	0.97200
117	0.97200
118	0.97200
119	0.97200
120	0.97200
121	0.97200
122	0.97200
123	0.97200
124	0.97200
125	0.97200
126	0.97200
127	0.97200
128	0.97200
129	0.97200
130	0.97200
131	0.97200
132	0.97200
133	0.97200
134	0.97200
135	0.97200
136	0.97200
137	0.97200
138	0.97200
139	0.97200
140	0.97200
141	0.97200
142	0.97200
143	0.97200
144	0.97200
145	0.97200
146	0.97200
