0	0.00500
1	0.00500
2	0.00600
3	0.00650
4	0.00750
5	0.00750
6	0.00850
7	0.00850
8	0.00950
9	0.01050
10	0.01200
11	0.01250
12	0.01400
13	0.01450
14	0.01600
15	0.01650
16	0.01700
17	0.01700
18	0.01750
19	0.01800
20	0.02050
21	0.02300
22	0.02350
23	0.02450
24	0.02950
25	0.03200
26	0.03700
27	0.03900
28	0.04100
29	0.04600
30	0.05050
31	0.05300
32	0.05800
33	0.06400
34	0.06900
35	0.07500
36	0.08450
37	0.09100
38	0.09950
39	0.10450
40	0.11600
41	0.12400
42	0.13450
43	0.14950
44	0.16500
45	0.17900
46	0.19200
47	0.20500
48	0.22250
49	0.23450
50	0.25050
51	0.26400
52	0.27450
53	0.28850
54	0.30250
55	0.31900
56	0.33150
57	0.34700
58	0.35950
59	0.37750
60	0.39750
61	0.41600
62	0.42850
63	0.44300
64	0.45750
65	0.47950
66	0.49500
67	0.51650
68	0.52950
69	0.54500
70	0.56150
71	0.57250
72	0.59000
73	0.60400
74	0.61950
75	0.62950
76	0.64250
77	0.65000
78	0.66350
79	0.67500
80	0.68800
81	0.69700
82	0.71150
83	0.72400
84	0.73500
85	0.74400
86	0.75450
87	0.76500
88	0.77200
89	0.78100
90	0.78850
91	0.79650
92	0.80350
93	0.81100
94	0.82050
95	0.82950
96	0.83950
97	0.84650
98	0.85250
99	0.85850
100	0.86200
101	0.86850
102	0.87400
103	0.87950
104	0.88400
105	0.88900
106	0.89450
107	0.89950
108	0.90300
109	0.90550
110	0.90950
111	0.91400
112	0.91600
113	0.91900
114	0.92250
115	0.92650
116	0.92850
117	0.93050
118	0.93350
119	0.93700
120	0.93850
121	0.94150
122	0.94250
123	0.94550
124	0.94850
125	0.95000
126	0.95350
127	0.95450
128	0.95800
129	0.95950
130	0.96100
131	0.96150
132	0.96200
133	0.96350
134	0.96450
135	0.96600
136	0.96600
137	0.96750
138	0.96850
139	0.96900
140	0.97000
141	0.97050
142	0.97050
143	0.97150
144	0.97150
145	0.97150
146	0.97300
147	0.97350
148	0.97350
149	0.97400
150	0.97450
151	0.97450
152	0.97500
153	0.97600
154	0.97700
155	0.97800
156	0.97950
157	0.98000
158	0.98000
159	0.98000
160	0.98100
161	0.98100
162	0.98100
163	0.98100
164	0.98200
165	0.98200
166	0.98250
167	0.98250
168	0.98300
169	0.98350
170	0.98350
171	0.98450
172	0.98450
173	0.98550
174	0.98550
175	0.98600
176	0.98600
177	0.98650
178	0.98650
179	0.98700
