0	0.00000
1	0.00000
2	0.00000
3	0.00000
4	0.01872
5	0.03132
6	0.05156
7	0.04753
8	0.09372
9	0.08851
10	0.11104
11	0.14688
12	0.17134
13	0.14932
14	0.18321
15	0.19185
16	0.23544
17	0.23069
18	0.18879
19	0.15346
20	0.14657
21	0.15261
22	0.18719
23	0.27538
24	0.24823
25	0.25211
26	0.43206
27	0.46496
28	0.52059
29	0.44495
30	0.40987
31	0.42419
32	0.44114
33	0.39230
34	0.42662
35	0.51725
36	0.54701
37	0.54008
38	0.62356
39	0.60575
40	0.55315
41	0.48759
42	0.50417
43	0.44756
44	0.43002
45	0.44788
46	0.50542
47	0.47879
48	0.44126
49	0.39032
50	0.36319
51	0.32796
52	0.31970
53	0.27891
54	0.25391
55	0.23343
56	0.21867
57	0.20794
58	0.18386
59	0.17980
60	0.16356
61	0.16376
62	0.16578
63	0.16499
64	0.15336
65	0.14925
66	0.14424
67	0.14915
68	0.13977
69	0.14150
70	0.12787
71	0.12229
72	0.12121
73	0.10717
74	0.10574
75	0.10012
76	0.09440
77	0.08622
78	0.08370
79	0.07280
80	0.06954
81	0.06711
82	0.06395
83	0.06043
84	0.06477
85	0.06361
86	0.06605
87	0.06024
88	0.05776
89	0.05598
90	0.05276
91	0.04794
92	0.04569
93	0.04435
94	0.03979
95	0.03792
96	0.04197
97	0.04220
98	0.04279
99	0.03957
100	0.03820
101	0.03879
102	0.03600
103	0.03255
104	0.03031
105	0.02921
106	0.02708
107	0.02632
108	0.02464
109	0.02350
110	0.02145
111	0.02082
112	0.02037
113	0.02129
114	0.01912
115	0.01992
116	0.01796
117	0.01705
118	0.01574
119	0.01591
120	0.01274
121	0.01350
122	0.01178
123	0.01213
124	0.01026
125	0.01175
126	0.01355
127	0.01436
128	0.01245
129	0.01141
130	0.01395
131	0.01469
132	0.01482
133	0.01122
134	0.00919
135	0.00958
136	0.00880
137	0.00648
138	0.00327
139	0.00418
140	0.00554
141	0.00620
142	0.00476
143	0.00497
144	0.00396
145	0.00396
146	0.00283
147	0.00150
148	0.00091
149	0.00089
150	0.00018
151	0.00074
152	0.00086
153	0.00090
154	0.00094
155	0.00180
156	0.00291
157	0.00298
158	0.00227
159	0.00300
160	0.00211
161	0.00201
162	0.00092
163	0.00092
164	0.00097
165	0.00097
166	0.00030
167	0.00030
168	0.00031
169	0.00032
170	0.00032
171	0.00034
172	0.00034
173	0.00000
174	0.00000
175	0.00020
176	0.00020
177	0.00034
178	0.00034
179	0.00035
