0	0.00000
1	0.00060
2	0.00100
3	0.00180
4	0.00280
5	0.00480
6	0.00580
7	0.00640
8	0.00940
9	0.01240
10	0.01500
11	0.02240
12	0.03580
13	0.03920
14	0.04860
15	0.06320
16	0.06520
17	0.07320
18	0.08040
19	0.06840
20	0.06300
21	0.05320
22	0.03700
23	0.03060
24	0.02120
25	0.01560
26	0.01020
27	0.00680
28	0.00420
29	0.00480
30	0.00180
31	0.00100
32	0.00060
33	0.00080
34	0.00060
35	0.00040
36	0.00080
37	0.00000
38	0.00000
39	0.00000
40	0.00020
41	0.00000
42	0.00020
43	0.00000
44	0.00020
45	0.00000
46	0.00000
47	0.00000
48	0.00000
49	0.00000
50	0.00000
51	0.00000
52	0.00000
53	0.00000
54	0.00000
55	0.00000
56	0.00000
57	0.00000
58	0.00000
59	0.00000
60	0.00000
61	0.00000
62	0.00000
63	0.00000
64	0.00000
65	0.00000
66	0.00000
67	0.00000
68	0.00000
69	0.00000
70	0.00000
71	0.00000
72	0.00000
73	0.00000
74	0.00000
75	0.00000
76	0.00000
77	0.00000
78	0.00000
79	0.00000
80	0.00000
81	0.00000
82	0.00000
83	0.00000
84	0.00000
85	0.00000
86	0.00000
87	0.00000
88	0.00000
89	0.00000
90	0.00000
91	0.00000
92	0.00000
93	0.00000
94	0.00000
95	0.00000
96	0.00000
97	0.00000
98	0.00000
99	0.00000
