0	0.00000
1	0.00000
2	0.00000
3	0.18182
4	0.38462
5	0.58824
6	0.95238
7	1.24138
8	1.47368
9	1.57143
10	1.74603
11	1.93750
12	2.06931
13	2.32283
14	2.66463
15	2.81340
16	2.93939
17	3.07207
18	3.08252
19	3.07157
20	3.04959
21	2.90490
22	2.75242
23	2.57309
24	2.36295
25	2.17723
26	1.99608
27	1.83273
28	1.68435
29	1.55128
30	1.43370
31	1.33604
32	1.24360
33	1.16221
34	1.08997
35	1.02705
36	0.97128
37	0.91991
38	0.87558
39	0.83318
40	0.79504
41	0.75998
42	0.72816
43	0.69849
44	0.67161
45	0.64651
46	0.62385
47	0.60205
48	0.58207
49	0.56317
50	0.54532
51	0.52844
52	0.51305
53	0.49797
54	0.48427
55	0.47082
56	0.45866
57	0.44670
58	0.43544
59	0.42486
60	0.41443
61	0.40464
62	0.39546
63	0.38688
64	0.37840
65	0.37002
66	0.36220
67	0.35492
68	0.34773
69	0.34104
70	0.33443
71	0.32788
72	0.32182
73	0.31625
74	0.31030
75	0.30482
76	0.29981
77	0.29442
78	0.28948
79	0.28499
80	0.28013
81	0.27570
82	0.27130
83	0.26733
84	0.26299
85	0.25908
86	0.25557
87	0.25170
88	0.24823
89	0.24440
90	0.24098
91	0.23795
92	0.23456
93	0.23156
94	0.22858
95	0.22561
96	0.22266
97	0.21972
98	0.21716
99	0.21424
