0	0.00000
1	0.00000
2	0.00000
3	0.12084
4	0.34968
5	0.74555
6	0.86415
7	1.12609
8	1.20262
9	1.40944
10	1.39377
11	1.35335
12	1.24140
13	1.06418
14	0.84709
15	0.69009
16	0.50959
17	0.41651
18	0.31660
19	0.24099
20	0.18602
21	0.15490
22	0.12264
23	0.10134
24	0.08046
25	0.06438
26	0.05020
27	0.04148
28	0.03583
29	0.03391
30	0.02800
31	0.02140
32	0.01781
33	0.01693
34	0.01373
35	0.00983
36	0.00275
37	0.00152
38	0.00399
39	0.00294
40	0.00164
41	0.00208
42	0.00085
43	0.00083
44	0.00044
45	0.00000
46	0.00000
47	0.00000
48	0.00000
49	0.00000
50	0.00000
51	0.00000
52	0.00000
53	0.00000
54	0.00000
55	0.00000
56	0.00000
57	0.00000
58	0.00000
59	0.00000
60	0.00000
61	0.00000
62	0.00000
63	0.00000
64	0.00000
65	0.00000
66	0.00000
67	0.00000
68	0.00000
69	0.00000
70	0.00000
71	0.00000
72	0.00000
73	0.00000
74	0.00000
75	0.00000
76	0.00000
77	0.00000
78	0.00000
79	0.00000
80	0.00000
81	0.00000
82	0.00000
83	0.00000
84	0.00000
85	0.00000
86	0.00000
87	0.00000
88	0.00000
89	0.00000
90	0.00000
91	0.00000
92	0.00000
93	0.00000
94	0.00000
95	0.00000
96	0.00000
97	0.00000
98	0.00000
99	0.00000
