0	0.00000
1	0.00000
2	0.00000
3	0.07109
4	0.19143
5	0.41087
6	0.55173
7	0.84676
8	1.03475
9	1.30869
10	1.35443
11	1.33357
12	1.26602
13	1.09996
14	0.88354
15	0.71278
16	0.52813
17	0.43231
18	0.33007
19	0.25243
20	0.19440
21	0.16347
22	0.12927
23	0.10709
24	0.08539
25	0.06868
26	0.05216
27	0.04187
28	0.03386
29	0.03063
30	0.02338
31	0.01722
32	0.01417
33	0.01346
34	0.01108
35	0.00884
36	0.00451
37	0.00347
38	0.00513
39	0.00436
40	0.00341
41	0.00371
42	0.00252
43	0.00249
44	0.00218
45	0.00040
46	0.00040
47	0.00040
48	0.00000
49	0.00000
50	0.00000
51	0.00000
52	0.00000
53	0.00000
54	0.00000
55	0.00009
56	0.00009
57	0.00009
58	0.00009
59	0.00009
60	0.00009
61	0.00009
62	0.00000
63	0.00000
64	0.00000
65	0.00000
66	0.00000
67	0.00000
68	0.00000
69	0.00000
70	0.00000
71	0.00000
72	0.00000
73	0.00000
74	0.00000
75	0.00000
76	0.00000
77	0.00000
78	0.00000
79	0.00000
80	0.00000
81	0.00000
82	0.00000
83	0.00000
84	0.00000
85	0.00000
86	0.00000
87	0.00000
88	0.00000
89	0.00000
90	0.00000
91	0.00000
92	0.00000
93	0.00000
94	0.00000
95	0.00000
96	0.00000
97	0.00000
98	0.00000
99	0.00000
