0	0.00000
1	0.00000
2	0.00000
3	0.00475
4	0.06504
5	0.33361
6	0.83458
7	1.17593
8	1.36680
9	1.42470
10	1.44375
11	1.32719
12	1.24928
13	1.06898
14	0.87277
15	0.68087
16	0.50441
17	0.38326
18	0.28711
19	0.22103
20	0.16814
21	0.12751
22	0.09859
23	0.07609
24	0.05977
25	0.04811
26	0.04067
27	0.03347
28	0.02770
29	0.02178
30	0.01779
31	0.01460
32	0.01120
33	0.00568
34	0.00340
35	0.00247
36	0.00358
37	0.00282
38	0.00220
39	0.00196
40	0.00174
41	0.00180
42	0.00169
43	0.00058
44	0.00049
45	0.00007
46	0.00000
47	0.00000
48	0.00000
49	0.00000
50	0.00000
51	0.00000
52	0.00000
53	0.00000
54	0.00000
55	0.00000
56	0.00000
57	0.00000
58	0.00000
59	0.00000
60	0.00000
61	0.00000
62	0.00000
63	0.00000
64	0.00000
65	0.00000
66	0.00000
67	0.00000
68	0.00000
69	0.00000
70	0.00000
71	0.00000
72	0.00000
73	0.00000
74	0.00000
75	0.00000
76	0.00000
77	0.00000
78	0.00000
79	0.00000
80	0.00000
81	0.00000
82	0.00000
83	0.00000
84	0.00000
85	0.00000
86	0.00000
87	0.00000
88	0.00000
89	0.00000
90	0.00000
91	0.00000
92	0.00000
93	0.00000
94	0.00000
95	0.00000
96	0.00000
97	0.00000
98	0.00000
99	0.00000
