0	0.00000
1	0.00000
2	0.00000
3	0.63219
4	0.78460
5	1.04765
6	1.11576
7	1.37406
8	1.40852
9	1.63413
10	1.72977
11	1.82612
12	1.86418
13	1.90070
14	1.83816
15	1.72692
16	1.60194
17	1.47815
18	1.34542
19	1.22990
20	1.10887
21	1.01453
22	0.92632
23	0.85518
24	0.79146
25	0.73463
26	0.69067
27	0.64917
28	0.61365
29	0.58260
30	0.54833
31	0.52175
32	0.49751
33	0.47607
34	0.45262
35	0.43314
36	0.41504
37	0.39985
38	0.38447
39	0.37039
40	0.35694
41	0.34632
42	0.33397
43	0.32381
44	0.31457
45	0.30435
46	0.29486
47	0.28750
48	0.27944
49	0.27211
50	0.26668
51	0.25847
52	0.25279
53	0.24643
54	0.24153
55	0.23592
56	0.23079
57	0.22667
58	0.22045
59	0.21586
60	0.21252
61	0.20751
62	0.20443
63	0.20034
64	0.19601
65	0.19260
66	0.18916
67	0.18601
68	0.18256
69	0.17944
70	0.17708
71	0.17403
72	0.17099
73	0.16745
74	0.16498
75	0.16380
76	0.16093
77	0.15895
78	0.15634
79	0.15314
80	0.15170
81	0.14959
82	0.14668
83	0.14547
84	0.14405
85	0.14449
86	0.14250
87	0.13865
88	0.13651
89	0.13452
90	0.13351
91	0.13266
92	0.13190
93	0.13053
94	0.12880
95	0.12644
96	0.12380
97	0.12275
98	0.12162
99	0.12034
100	0.11928
101	0.11791
102	0.11745
103	0.11652
104	0.11468
105	0.11366
106	0.11169
107	0.10933
108	0.10908
109	0.10869
110	0.10697
111	0.10645
112	0.10581
113	0.10519
114	0.10338
115	0.10258
116	0.10199
117	0.10121
118	0.10060
119	0.10003
120	0.09879
121	0.09771
122	0.09576
123	0.09503
124	0.09391
125	0.09379
126	0.09270
127	0.09215
128	0.09136
129	0.09079
130	0.09061
131	0.09018
132	0.08956
133	0.08899
134	0.08770
135	0.08690
136	0.08672
137	0.08593
138	0.08489
139	0.08398
140	0.08376
141	0.08255
142	0.08088
143	0.08058
144	0.08025
145	0.08016
146	0.07958
147	0.07925
148	0.07907
149	0.07873
150	0.07782
151	0.07746
152	0.07692
153	0.07677
154	0.07622
155	0.07561
156	0.07468
157	0.07406
158	0.07348
159	0.07325
160	0.07297
161	0.07288
162	0.07192
163	0.07154
164	0.07079
165	0.07062
166	0.07062
167	0.07039
168	0.07025
169	0.06952
170	0.06855
171	0.06802
172	0.06780
173	0.06745
174	0.06712
175	0.06669
176	0.06635
177	0.06620
178	0.06584
179	0.06564
180	0.06542
181	0.06520
182	0.06478
183	0.06444
184	0.06408
185	0.06392
186	0.06356
187	0.06335
188	0.06272
189	0.06193
190	0.06152
191	0.06141
192	0.06070
193	0.06070
194	0.06035
195	0.06011
196	0.05972
197	0.05944
198	0.05930
199	0.05876
