0	0.01000
1	0.01300
2	0.02000
3	0.03300
4	0.04900
5	0.08300
6	0.11100
7	0.16100
8	0.22200
9	0.30200
10	0.38600
11	0.48800
12	0.57700
13	0.65000
14	0.72400
15	0.77900
16	0.82300
17	0.85600
18	0.86700
19	0.88500
20	0.89100
21	0.89800
22	0.90200
23	0.90400
24	0.90900
25	0.91300
26	0.91600
27	0.91900
28	0.92100
29	0.92100
30	0.92100
31	0.92200
32	0.92200
33	0.92200
34	0.92200
35	0.92200
36	0.92200
37	0.92200
38	0.92300
39	0.92300
40	0.92400
41	0.92400
42	0.92400
43	0.92400
44	0.92400
45	0.92400
46	0.92500
47	0.92500
48	0.92500
49	0.92600
50	0.92600
51	0.92600
52	0.92700
53	0.92700
54	0.92800
55	0.92800
56	0.92900
57	0.92900
58	0.92900
59	0.92900
60	0.92900
61	0.92900
62	0.92900
63	0.92900
64	0.92900
65	0.92900
66	0.92900
67	0.93000
68	0.93000
69	0.93000
70	0.93000
71	0.93000
72	0.93000
73	0.93000
74	0.93000
75	0.93000
76	0.93000
77	0.93000
78	0.93000
79	0.93000
80	0.93000
81	0.93000
82	0.93000
83	0.93000
84	0.93000
85	0.93100
86	0.93200
87	0.93200
88	0.93200
89	0.93200
90	0.93200
91	0.93200
92	0.93200
93	0.93200
94	0.93200
95	0.93200
96	0.93200
97	0.93200
98	0.93200
99	0.93200
100	0.93200
101	0.93200
102	0.93200
103	0.93200
104	0.93200
105	0.93200
106	0.93200
107	0.93200
108	0.93200
109	0.93200
110	0.93200
111	0.93200
112	0.93200
113	0.93200
114	0.93200
115	0.93200
116	0.93200
117	0.93200
118	0.93200
119	0.93200
120	0.93200
121	0.93200
122	0.93200
123	0.93200
124	0.93200
125	0.93200
126	0.93200
127	0.93200
128	0.93200
129	0.93200
130	0.93200
131	0.93200
132	0.93200
133	0.93200
134	0.93200
135	0.93200
136	0.93200
137	0.93200
138	0.93200
139	0.93200
140	0.93200
141	0.93200
142	0.93200
143	0.93200
144	0.93200
145	0.93200
146	0.93200
147	0.93200
148	0.93200
149	0.93200
150	0.93200
151	0.93200
152	0.93200
153	0.93200
154	0.93200
155	0.93200
156	0.93200
157	0.93200
158	0.93200
159	0.93200
160	0.93200
161	0.93200
162	0.93200
163	0.93200
164	0.93200
165	0.93200
166	0.93200
167	0.93200
168	0.93200
169	0.93300
170	0.93300
171	0.93300
172	0.93300
173	0.93300
174	0.93300
175	0.93300
176	0.93300
177	0.93300
178	0.93400
179	0.93400
180	0.93400
181	0.93400
182	0.93400
183	0.93400
184	0.93400
185	0.93400
186	0.93400
187	0.93400
188	0.93400
189	0.93400
190	0.93400
191	0.93400
192	0.93400
193	0.93400
194	0.93400
195	0.93400
196	0.93400
197	0.93400
198	0.93400
199	0.93400
