0	0.00000
1	0.00000
2	0.00000
3	0.16639
4	0.49401
5	0.88303
6	1.07714
7	1.34836
8	1.38873
9	1.60714
10	1.72918
11	1.83428
12	1.86218
13	1.87420
14	1.80576
15	1.68906
16	1.60580
17	1.46064
18	1.32923
19	1.21240
20	1.10336
21	0.99321
22	0.91556
23	0.84460
24	0.79751
25	0.75000
26	0.70077
27	0.66747
28	0.63220
29	0.60807
30	0.57945
31	0.54830
32	0.52502
33	0.50706
34	0.47684
35	0.45952
36	0.43930
37	0.41676
38	0.40441
39	0.39209
40	0.38330
41	0.36931
42	0.35846
43	0.34906
44	0.33881
45	0.32901
46	0.32342
47	0.31586
48	0.30456
49	0.29930
50	0.29446
51	0.28780
52	0.28262
53	0.27698
54	0.27133
55	0.26592
56	0.25991
57	0.25702
58	0.25054
59	0.24629
60	0.24337
61	0.23866
62	0.23533
63	0.23159
64	0.22813
65	0.22227
66	0.21838
67	0.21372
68	0.21091
69	0.20862
70	0.20544
71	0.20224
72	0.19929
73	0.19632
74	0.19393
75	0.19270
76	0.19038
77	0.18841
78	0.18552
79	0.18296
80	0.18129
81	0.17944
82	0.17686
83	0.17557
84	0.17411
85	0.16991
86	0.15536
87	0.15370
88	0.15173
89	0.14932
90	0.14839
91	0.14761
92	0.14656
93	0.14491
94	0.14361
95	0.14163
96	0.13957
97	0.13844
98	0.13730
99	0.13585
100	0.13478
101	0.13344
102	0.13300
103	0.13200
104	0.13019
105	0.12910
106	0.12744
107	0.12537
108	0.12496
109	0.12454
110	0.12320
111	0.12231
112	0.12176
113	0.12107
114	0.11937
115	0.11828
116	0.11762
117	0.11702
118	0.11652
119	0.11611
120	0.11525
121	0.11439
122	0.11272
123	0.11161
124	0.11055
125	0.11039
126	0.10933
127	0.10851
128	0.10767
129	0.10725
130	0.10703
131	0.10659
132	0.10596
133	0.10538
134	0.10452
135	0.10398
136	0.10384
137	0.10293
138	0.10166
139	0.10067
140	0.10020
141	0.09934
142	0.09777
143	0.09742
144	0.09711
145	0.09698
146	0.09634
147	0.09607
148	0.09600
149	0.09573
150	0.09527
151	0.09499
152	0.09417
153	0.09398
154	0.09345
155	0.09305
156	0.09197
157	0.09149
158	0.09041
159	0.09023
160	0.08992
161	0.08979
162	0.08873
163	0.08846
164	0.08765
165	0.08746
166	0.08746
167	0.08727
168	0.08719
169	0.08512
170	0.08420
171	0.08382
172	0.08360
173	0.08339
174	0.08305
175	0.08274
176	0.08247
177	0.08230
178	0.06795
179	0.06785
180	0.06766
181	0.06745
182	0.06695
183	0.06656
184	0.06596
185	0.06575
186	0.06539
187	0.06518
188	0.06481
189	0.06382
190	0.06347
191	0.06329
192	0.06256
193	0.06256
194	0.06202
195	0.06183
196	0.06149
197	0.06109
198	0.06097
199	0.06074
