0	0.00500
1	0.02050
2	0.08100
3	0.28900
4	0.65850
5	0.84900
6	0.87000
7	0.87050
8	0.87050
9	0.87050
10	0.87050
11	0.87050
12	0.87050
13	0.87050
14	0.87050
15	0.87050
16	0.87050
17	0.87050
18	0.87050
19	0.87050
20	0.87050
21	0.87050
22	0.87050
23	0.87050
24	0.87050
25	0.87050
26	0.87050
27	0.87050
28	0.87050
29	0.87050
30	0.87050
31	0.87050
32	0.87050
33	0.87050
34	0.87050
35	0.87050
36	0.87050
37	0.87050
38	0.87050
39	0.87050
40	0.87050
41	0.87050
42	0.87050
43	0.87050
44	0.87050
45	0.87050
46	0.87050
47	0.87050
48	0.87050
49	0.87050
50	0.87050
51	0.87050
52	0.87050
53	0.87050
54	0.87050
55	0.87050
56	0.87050
57	0.87050
58	0.87050
59	0.87050
60	0.87050
61	0.87050
62	0.87050
63	0.87050
64	0.87050
65	0.87050
66	0.87050
67	0.87050
68	0.87050
69	0.87050
70	0.87050
71	0.87050
72	0.87050
73	0.87050
74	0.87050
75	0.87050
76	0.87050
77	0.87050
78	0.87050
79	0.87050
80	0.87050
81	0.87050
82	0.87050
83	0.87050
84	0.87050
85	0.87050
86	0.87050
87	0.87050
88	0.87050
89	0.87050
90	0.87050
91	0.87050
92	0.87050
93	0.87050
94	0.87050
95	0.87050
96	0.87050
97	0.87050
98	0.87050
99	0.87050
