0	0	0	0	0	0	
1	501	0	0	0	0	
2	501	0	0	0	0	
3	501	0	0	0	0	
4	501	0	0	0	0	
5	501	0	0	0	0	
6	500	0	0	0	0	
7	500	0	0	0	0	
8	500	0	0	0	0	
9	500	0	0	0	0	
10	499	0	0	0	0	
11	499	0	0	0	0	
12	499	0	0	0	0	
13	499	0	0	0	0	
14	498	0	0	0	0	
15	497	0	0	0	0	
16	496	0	0	0	0	
17	496	0	0	0	0	
18	495	0	0	0	0	
19	495	0	0	0	0	
20	495	0	0	0	0	
21	494	0	0	0	0	
22	493	0	0	0	0	
23	493	0	0	0	0	
24	492	0	0	0	0	
25	492	0	0	0	0	
26	489	1	0	0	0	
27	489	0	1	0	0	
28	487	0	0	1	0	
29	484	1	0	0	1	
30	481	1	1	0	1	
31	480	0	1	1	1	
32	479	0	0	1	2	
33	478	0	0	0	3	
34	475	0	0	0	3	
35	472	1	0	0	3	
36	467	2	1	0	3	
37	462	3	2	1	3	
38	458	1	3	2	4	
39	454	1	0	3	6	
40	452	1	0	0	9	
41	448	1	0	0	9	
42	443	0	0	0	9	
43	440	0	0	0	9	
44	435	0	0	0	9	
45	430	0	0	0	9	
46	421	1	0	0	9	
47	416	0	1	0	9	
48	408	0	0	1	9	
49	407	0	0	0	10	
50	401	0	0	0	10	
51	395	0	0	0	10	
52	390	0	0	0	10	
53	380	0	0	0	10	
54	377	0	0	0	10	
55	369	0	0	0	10	
56	365	0	0	0	9	
57	357	0	0	0	9	
58	352	0	0	0	9	
59	341	0	0	0	9	
60	324	0	0	0	9	
61	315	0	0	0	9	
62	311	0	0	0	9	
63	303	0	0	0	9	
64	296	0	0	0	9	
65	290	0	0	0	9	
66	287	0	0	0	9	
67	277	0	0	0	9	
68	272	0	0	0	9	
69	264	0	0	0	9	
70	253	0	0	0	9	
71	246	0	0	0	9	
72	235	0	0	0	9	
73	230	0	0	0	9	
74	224	0	0	0	9	
75	221	0	0	0	9	
76	216	0	0	0	9	
77	211	0	0	0	9	
78	204	0	0	0	9	
79	196	0	0	0	9	
80	186	0	0	0	9	
81	179	0	0	0	9	
82	174	0	0	0	9	
83	169	0	0	0	9	
84	160	0	0	0	9	
85	150	0	0	0	9	
86	141	0	0	0	9	
87	131	0	0	0	9	
88	128	0	0	0	9	
89	126	0	0	0	9	
90	122	0	0	0	9	
91	116	0	0	0	9	
92	108	0	0	0	9	
93	105	0	0	0	9	
94	102	0	0	0	9	
95	96	0	0	0	9	
96	91	0	0	0	9	
97	89	0	0	0	9	
98	86	0	0	0	9	
99	81	0	0	0	9	
100	79	0	0	0	9	
101	72	0	0	0	9	
102	70	0	0	0	9	
103	70	0	0	0	9	
104	66	0	0	0	9	
105	66	0	0	0	9	
106	61	0	0	0	9	
107	56	0	0	0	9	
108	53	0	0	0	9	
109	52	0	0	0	9	
110	48	0	0	0	9	
111	48	0	0	0	9	
112	48	0	0	0	9	
113	46	0	0	0	9	
114	45	0	0	0	9	
115	45	0	0	0	9	
116	44	0	0	0	9	
117	43	0	0	0	9	
118	43	0	0	0	9	
119	42	0	0	0	9	
120	41	0	0	0	9	
121	36	0	0	0	9	
122	33	0	0	0	9	
123	32	0	0	0	9	
124	31	0	0	0	9	
125	31	0	0	0	9	
126	29	0	0	0	9	
127	29	0	0	0	9	
128	28	0	0	0	9	
129	27	0	0	0	9	
130	25	0	0	0	9	
131	21	0	0	0	9	
132	19	0	0	0	9	
133	18	0	0	0	9	
134	17	0	0	0	9	
135	17	0	0	0	9	
136	17	0	0	0	9	
137	16	0	0	0	9	
138	16	0	0	0	9	
139	15	0	0	0	9	
140	15	0	0	0	9	
141	14	0	0	0	9	
142	14	0	0	0	9	
143	12	0	0	0	9	
144	12	0	0	0	9	
145	12	0	0	0	9	
146	12	0	0	0	9	
147	12	0	0	0	9	
148	11	0	0	0	9	
149	10	0	0	0	9	
150	10	0	0	0	9	
151	10	0	0	0	9	
152	10	0	0	0	9	
153	9	0	0	0	9	
154	9	0	0	0	9	
155	9	0	0	0	9	
156	9	0	0	0	9	
157	9	0	0	0	9	
158	9	0	0	0	9	
159	8	0	0	0	9	
160	7	0	0	0	9	
161	7	0	0	0	9	
162	7	0	0	0	9	
163	7	0	0	0	9	
164	7	0	0	0	9	
165	7	0	0	0	9	
166	7	0	0	0	9	
167	7	0	0	0	9	
168	7	0	0	0	9	
169	7	0	0	0	9	
170	7	0	0	0	9	
171	7	0	0	0	9	
172	7	0	0	0	9	
173	7	0	0	0	9	
174	7	0	0	0	9	
175	5	0	0	0	9	
176	4	0	0	0	9	
177	4	0	0	0	9	
178	4	0	0	0	9	
179	4	0	0	0	9	
