0	0.00000
1	0.00000
2	0.00000
3	0.00000
4	0.02351
5	0.06125
6	0.06124
7	0.11062
8	0.17722
9	0.21545
10	0.24987
11	0.29664
12	0.31631
13	0.29914
14	0.41406
15	0.36251
16	0.39397
17	0.37140
18	0.38582
19	0.32699
20	0.36501
21	0.46942
22	0.52731
23	0.52602
24	0.49857
25	0.53068
26	0.51848
27	0.50401
28	0.47453
29	0.46959
30	0.47463
31	0.48859
32	0.47836
33	0.46820
34	0.45406
35	0.45205
36	0.44845
37	0.38585
38	0.37865
39	0.38221
40	0.39433
41	0.40660
42	0.40593
43	0.36696
44	0.36313
45	0.32172
46	0.28955
47	0.25391
48	0.22295
49	0.20492
50	0.18687
51	0.17675
52	0.17272
53	0.17403
54	0.17550
55	0.16764
56	0.17036
57	0.17426
58	0.16585
59	0.15460
60	0.15529
61	0.14147
62	0.13254
63	0.12451
64	0.12289
65	0.11908
66	0.10616
67	0.09627
68	0.09535
69	0.08827
70	0.08209
71	0.07846
72	0.07855
73	0.07480
74	0.07270
75	0.06891
76	0.06487
77	0.06006
78	0.05316
79	0.04861
80	0.04438
81	0.04753
82	0.04387
83	0.04461
84	0.04040
85	0.03606
86	0.03648
87	0.03528
88	0.03049
89	0.03051
90	0.03012
91	0.03257
92	0.03327
93	0.03535
94	0.03383
95	0.03341
96	0.02941
97	0.02691
98	0.02341
99	0.01963
100	0.01691
101	0.01526
102	0.01435
103	0.01637
104	0.01620
105	0.01763
106	0.01738
107	0.01513
108	0.01365
109	0.01191
110	0.01317
111	0.01230
112	0.01119
113	0.01300
114	0.01222
115	0.01160
116	0.01161
117	0.00937
118	0.01232
119	0.01285
120	0.01292
121	0.01326
122	0.01222
123	0.01171
124	0.01115
125	0.00913
126	0.00793
127	0.00819
128	0.00646
129	0.00499
130	0.00585
131	0.00585
132	0.00640
133	0.00471
134	0.00378
135	0.00404
136	0.00602
137	0.00662
138	0.00705
139	0.00597
140	0.00550
141	0.00723
142	0.00670
143	0.00585
144	0.00534
145	0.00519
146	0.00448
147	0.00393
148	0.00326
149	0.00326
150	0.00314
151	0.00232
152	0.00194
153	0.00328
154	0.00328
155	0.00285
156	0.00293
157	0.00184
158	0.00197
159	0.00192
160	0.00174
161	0.00181
162	0.00132
163	0.00132
164	0.00132
165	0.00142
166	0.00000
167	0.00000
168	0.00000
169	0.00000
170	0.00000
171	0.00022
172	0.00022
173	0.00024
174	0.00024
175	0.00065
176	0.00065
177	0.00065
178	0.00041
179	0.00041
