0	0.00000
1	0.00160
2	0.00220
3	0.00340
4	0.00520
5	0.00660
6	0.00640
7	0.00340
8	0.00320
9	0.00280
10	0.00560
11	0.00360
12	0.00560
13	0.00540
14	0.00700
15	0.00740
16	0.00560
17	0.00480
18	0.00500
19	0.00920
20	0.00700
21	0.00660
22	0.00720
23	0.00840
24	0.00720
25	0.00780
26	0.00740
27	0.00740
28	0.00580
29	0.00600
30	0.00580
31	0.00480
32	0.00500
33	0.00560
34	0.00620
35	0.00420
36	0.00300
37	0.00400
38	0.00640
39	0.00360
40	0.00460
41	0.00340
42	0.00220
43	0.00340
44	0.00260
45	0.00240
46	0.00140
47	0.00100
48	0.00120
49	0.00160
50	0.00120
51	0.00080
52	0.00080
53	0.00020
54	0.00060
55	0.00080
56	0.00100
57	0.00160
58	0.00060
59	0.00020
60	0.00020
61	0.00020
62	0.00000
63	0.00020
64	0.00040
65	0.00020
66	0.00040
67	0.00000
68	0.00000
69	0.00020
70	0.00000
71	0.00000
72	0.00020
73	0.00000
74	0.00020
75	0.00000
76	0.00000
77	0.00000
78	0.00000
79	0.00020
80	0.00000
81	0.00000
82	0.00000
83	0.00000
84	0.00000
85	0.00000
86	0.00000
87	0.00000
88	0.00000
89	0.00000
90	0.00000
91	0.00000
92	0.00000
93	0.00000
94	0.00000
95	0.00000
96	0.00000
97	0.00020
98	0.00000
99	0.00000
100	0.00000
101	0.00000
102	0.00000
103	0.00000
104	0.00000
105	0.00000
106	0.00000
107	0.00000
108	0.00000
109	0.00000
110	0.00000
111	0.00000
112	0.00000
113	0.00000
114	0.00000
115	0.00000
116	0.00000
117	0.00000
118	0.00000
119	0.00000
120	0.00000
121	0.00000
122	0.00000
123	0.00000
124	0.00000
125	0.00000
126	0.00000
127	0.00000
128	0.00000
129	0.00000
130	0.00000
131	0.00000
132	0.00000
133	0.00000
134	0.00000
135	0.00000
136	0.00000
137	0.00000
138	0.00000
139	0.00000
140	0.00000
141	0.00000
142	0.00000
143	0.00000
144	0.00000
145	0.00000
146	0.00000
147	0.00000
148	0.00000
149	0.00000
