0	0.00000
1	0.00000
2	0.00000
3	0.10000
4	0.27273
5	0.38462
6	0.46667
7	0.62500
8	0.61111
9	0.80000
10	0.75000
11	0.76667
12	0.60000
13	0.50000
14	0.45652
15	0.54717
16	0.51667
17	0.46377
18	0.42857
19	0.45349
20	0.51546
21	0.46364
22	0.47200
23	0.47143
24	0.50314
25	0.48603
26	0.48276
27	0.46288
28	0.43191
29	0.41667
30	0.42724
31	0.43646
32	0.41191
33	0.38926
34	0.37778
35	0.35046
36	0.32274
37	0.29403
38	0.25779
39	0.24638
40	0.22509
41	0.20670
42	0.19411
43	0.18079
44	0.16519
45	0.14930
46	0.12432
47	0.11709
48	0.10478
49	0.09106
50	0.07991
51	0.07264
52	0.06132
53	0.05279
54	0.04605
55	0.03821
56	0.03276
57	0.02680
58	0.02168
59	0.01944
60	0.01725
61	0.01783
62	0.01570
63	0.01428
64	0.01354
65	0.01147
66	0.00941
67	0.00871
68	0.00602
69	0.00400
70	0.00466
71	0.00333
72	0.00332
73	0.00398
74	0.00332
75	0.00265
76	0.00199
77	0.00132
78	0.00132
79	0.00132
80	0.00066
81	0.00066
82	0.00066
83	0.00132
84	0.00066
85	0.00066
86	0.00066
87	0.00066
88	0.00066
89	0.00066
90	0.00000
91	0.00000
92	0.00000
93	0.00000
94	0.00000
95	0.00066
96	0.00066
97	0.00066
98	0.00066
99	0.00066
