0	0	0	0	0	0	
1	501	0	0	0	0	
2	501	0	0	0	0	
3	501	0	0	0	0	
4	501	0	0	0	0	
5	500	0	0	0	0	
6	0	499	0	0	0	
7	0	0	499	0	0	
8	0	0	0	498	0	
9	0	0	0	0	498	
10	0	0	0	0	498	
11	0	0	0	0	498	
12	0	0	0	0	498	
13	0	0	0	0	498	
14	0	0	0	0	498	
15	0	0	0	0	498	
16	0	0	0	0	498	
17	0	0	0	0	498	
18	0	0	0	0	498	
19	0	0	0	0	498	
20	0	0	0	0	498	
21	0	0	0	0	498	
22	0	0	0	0	498	
23	0	0	0	0	497	
24	0	0	0	0	497	
25	0	0	0	0	497	
26	0	0	0	0	497	
27	0	0	0	0	497	
28	0	0	0	0	496	
29	0	0	0	0	494	
30	0	0	0	0	494	
31	0	0	0	0	494	
32	0	0	0	0	492	
33	0	0	0	0	492	
34	0	0	0	0	491	
35	0	0	0	0	490	
36	0	0	0	0	490	
37	0	0	0	0	488	
38	0	0	0	0	486	
39	0	0	0	0	486	
40	0	0	0	0	486	
41	0	0	0	0	486	
42	0	0	0	0	485	
43	0	0	0	0	484	
44	0	0	0	0	484	
45	0	0	0	0	484	
46	0	0	0	0	484	
47	0	0	0	0	483	
48	0	0	0	0	483	
49	0	0	0	0	483	
50	0	0	0	0	483	
51	0	0	0	0	483	
52	0	0	0	0	483	
53	0	0	0	0	483	
54	0	0	0	0	483	
55	0	0	0	0	483	
56	0	0	0	0	483	
57	0	0	0	0	483	
58	0	0	0	0	483	
59	0	0	0	0	483	
60	0	0	0	0	483	
61	0	0	0	0	483	
62	0	0	0	0	483	
63	0	0	0	0	483	
64	0	0	0	0	483	
65	0	0	0	0	483	
66	0	0	0	0	483	
67	0	0	0	0	483	
68	0	0	0	0	483	
69	0	0	0	0	483	
70	0	0	0	0	483	
71	0	0	0	0	483	
72	0	0	0	0	483	
73	0	0	0	0	483	
74	0	0	0	0	483	
75	0	0	0	0	483	
76	0	0	0	0	483	
77	0	0	0	0	483	
78	0	0	0	0	483	
79	0	0	0	0	483	
80	0	0	0	0	483	
81	0	0	0	0	483	
82	0	0	0	0	483	
83	0	0	0	0	483	
84	0	0	0	0	483	
85	0	0	0	0	483	
86	0	0	0	0	483	
87	0	0	0	0	483	
88	0	0	0	0	483	
89	0	0	0	0	483	
90	0	0	0	0	483	
91	0	0	0	0	483	
92	0	0	0	0	483	
93	0	0	0	0	483	
94	0	0	0	0	483	
95	0	0	0	0	483	
96	0	0	0	0	483	
97	0	0	0	0	483	
98	0	0	0	0	483	
99	0	0	0	0	483	
