0	0.00000
1	0.00000
2	0.00000
3	0.00000
4	0.00100
5	0.00100
6	0.00100
7	0.00100
8	0.00000
9	0.00050
10	0.00000
11	0.00050
12	0.00150
13	0.00050
14	0.00000
15	0.00100
16	0.00150
17	0.00100
18	0.00000
19	0.00100
20	0.00100
21	0.00050
22	0.00050
23	0.00000
24	0.00250
25	0.00050
26	0.00150
27	0.00000
28	0.00200
29	0.00200
30	0.00100
31	0.00200
32	0.00150
33	0.00200
34	0.00400
35	0.00200
36	0.00250
37	0.00150
38	0.00400
39	0.00400
40	0.00300
41	0.00300
42	0.00250
43	0.00250
44	0.00350
45	0.00600
46	0.00300
47	0.00800
48	0.00600
49	0.00700
50	0.00500
51	0.00650
52	0.00650
53	0.00600
54	0.00950
55	0.00700
56	0.00500
57	0.01050
58	0.00800
59	0.01150
60	0.01100
61	0.01450
62	0.01350
63	0.00950
64	0.01200
65	0.01050
66	0.01150
67	0.01400
68	0.01350
69	0.01600
70	0.01400
71	0.01100
72	0.01650
73	0.01650
74	0.01300
75	0.01600
76	0.01650
77	0.01100
78	0.01300
79	0.01450
80	0.01350
81	0.01450
82	0.00950
83	0.01250
84	0.01250
85	0.01050
86	0.01550
87	0.01400
88	0.01350
89	0.01300
90	0.01150
91	0.01050
92	0.01600
93	0.01100
94	0.01150
95	0.01450
96	0.01250
97	0.00700
98	0.00850
99	0.00750
100	0.01000
101	0.00900
102	0.01000
103	0.01000
104	0.00900
105	0.00600
106	0.00700
107	0.00700
108	0.00800
109	0.00600
110	0.00700
111	0.00800
112	0.00400
113	0.01000
114	0.00400
115	0.00650
116	0.00450
117	0.00550
118	0.00250
119	0.00500
120	0.00500
121	0.00300
122	0.00550
123	0.00350
124	0.00250
125	0.00350
126	0.00200
127	0.00200
128	0.00150
129	0.00200
130	0.00200
131	0.00300
132	0.00350
133	0.00400
134	0.00500
135	0.00250
136	0.00100
137	0.00250
138	0.00200
139	0.00350
140	0.00150
141	0.00250
142	0.00200
143	0.00050
144	0.00400
145	0.00150
146	0.00150
147	0.00400
148	0.00100
149	0.00150
150	0.00150
151	0.00100
152	0.00050
153	0.00300
154	0.00050
155	0.00200
156	0.00200
157	0.00200
158	0.00200
159	0.00200
160	0.00050
161	0.00050
162	0.00000
163	0.00050
164	0.00100
165	0.00100
166	0.00150
167	0.00150
168	0.00050
169	0.00050
170	0.00150
171	0.00000
172	0.00050
173	0.00150
174	0.00000
175	0.00050
176	0.00200
177	0.00050
178	0.00150
179	0.00000
