0	0.00000
1	0.00000
2	0.00000
3	0.00000
4	0.00000
5	0.00000
6	0.02453
7	0.03565
8	0.04305
9	0.06979
10	0.06432
11	0.07222
12	0.06470
13	0.05183
14	0.07207
15	0.07400
16	0.04806
17	0.06734
18	0.07765
19	0.08808
20	0.07902
21	0.06677
22	0.11050
23	0.10902
24	0.09959
25	0.08182
26	0.12491
27	0.13557
28	0.14275
29	0.10348
30	0.12660
31	0.17853
32	0.18121
33	0.20685
34	0.21029
35	0.21651
36	0.25459
37	0.26044
38	0.26135
39	0.26935
40	0.30117
41	0.34839
42	0.37126
43	0.37649
44	0.41706
45	0.41337
46	0.43373
47	0.47227
48	0.42712
49	0.48592
50	0.50204
51	0.59961
52	0.53394
53	0.55353
54	0.53082
55	0.49325
56	0.49556
57	0.44964
58	0.39104
59	0.38576
60	0.36168
61	0.36127
62	0.35442
63	0.37098
64	0.34298
65	0.30942
66	0.29624
67	0.26058
68	0.24554
69	0.23038
70	0.21927
71	0.22484
72	0.22316
73	0.19758
74	0.20259
75	0.19708
76	0.18945
77	0.18332
78	0.17710
79	0.15239
80	0.14536
81	0.13358
82	0.13024
83	0.12599
84	0.11508
85	0.11383
86	0.11233
87	0.10903
88	0.11097
89	0.10768
90	0.10418
91	0.10429
92	0.09586
93	0.08848
94	0.09053
95	0.08512
96	0.08091
97	0.07963
98	0.07833
99	0.06820
100	0.06181
101	0.05832
102	0.05641
103	0.05578
104	0.05334
105	0.05106
106	0.05296
107	0.04983
108	0.04724
109	0.04509
110	0.04334
111	0.04071
112	0.03960
113	0.03942
114	0.03589
115	0.03625
116	0.03462
117	0.03415
118	0.03154
119	0.02949
120	0.02564
121	0.02461
122	0.02198
123	0.02055
124	0.02224
125	0.02048
126	0.01834
127	0.01861
128	0.01728
129	0.01609
130	0.01503
131	0.01186
132	0.01061
133	0.01064
134	0.01096
135	0.01217
136	0.01601
137	0.01586
138	0.01488
139	0.01434
140	0.01380
141	0.01395
142	0.01184
143	0.01096
144	0.01022
145	0.00911
146	0.01103
147	0.01068
148	0.00876
149	0.01042
150	0.00857
151	0.00951
152	0.01060
153	0.00785
154	0.00777
155	0.00878
156	0.00722
157	0.00797
158	0.00902
159	0.00874
160	0.00972
161	0.01050
162	0.00897
163	0.00817
164	0.00657
165	0.00538
166	0.00420
167	0.00272
168	0.00271
169	0.00376
170	0.00375
171	0.00413
172	0.00482
173	0.00440
174	0.00393
175	0.00377
176	0.00288
177	0.00319
178	0.00491
179	0.00473
