0	0	0	0	0	0	
1	501	0	0	0	0	
2	501	0	0	0	0	
3	501	0	0	0	0	
4	501	0	0	0	0	
5	499	0	0	0	0	
6	499	0	0	0	0	
7	498	0	0	0	0	
8	498	0	0	0	0	
9	498	0	0	0	0	
10	498	0	0	0	0	
11	498	0	0	0	0	
12	497	0	0	0	0	
13	497	0	0	0	0	
14	497	0	0	0	0	
15	496	0	0	0	0	
16	496	0	0	0	0	
17	495	0	0	0	0	
18	495	0	0	0	0	
19	495	0	0	0	0	
20	495	0	0	0	0	
21	494	0	0	0	0	
22	492	2	0	0	0	
23	491	1	2	0	0	
24	490	0	2	1	0	
25	490	0	2	1	0	
26	484	6	0	2	1	
27	481	3	6	0	3	
28	477	3	3	6	3	
29	477	2	2	4	7	
30	475	2	2	1	11	
31	466	10	1	2	12	
32	462	2	10	1	14	
33	455	5	2	10	15	
34	453	3	4	2	25	
35	451	1	3	4	27	
36	445	5	1	3	31	
37	444	1	5	1	34	
38	441	1	2	5	34	
39	439	1	2	3	37	
40	434	3	2	2	39	
41	432	3	2	3	40	
42	430	3	2	1	43	
43	423	9	1	2	44	
44	420	3	8	1	46	
45	413	6	4	6	47	
46	408	8	3	4	53	
47	399	8	6	2	57	
48	394	9	4	5	59	
49	380	14	7	5	63	
50	369	7	14	8	66	
51	360	9	6	14	74	
52	356	3	8	5	87	
53	352	5	3	6	92	
54	345	6	6	1	97	
55	339	6	6	3	98	
56	333	5	7	3	101	
57	328	2	9	2	103	
58	326	2	8	3	103	
59	324	2	7	3	103	
60	320	2	6	4	103	
61	314	2	6	4	103	
62	309	2	6	4	103	
63	306	2	6	4	103	
64	301	2	6	4	103	
65	296	2	6	4	103	
66	294	2	6	4	103	
67	287	2	6	4	103	
68	282	2	6	4	102	
69	277	2	6	4	102	
70	271	2	6	4	102	
71	267	2	6	4	102	
72	261	1	5	4	102	
73	256	1	5	4	102	
74	250	1	5	4	102	
75	242	1	5	4	102	
76	236	1	5	4	102	
77	231	1	5	4	102	
78	227	1	5	4	101	
79	221	1	5	4	101	
80	213	1	5	4	101	
81	210	1	5	4	101	
82	209	1	5	4	101	
83	202	1	5	4	101	
84	198	1	5	4	101	
85	194	1	4	4	101	
86	189	0	4	4	101	
87	183	0	4	4	101	
88	173	0	4	4	101	
89	166	0	4	4	101	
90	161	0	4	4	101	
91	154	0	4	4	101	
92	147	0	4	4	101	
93	147	0	4	4	101	
94	143	0	4	4	101	
95	138	0	4	4	101	
96	132	0	4	4	101	
97	126	0	4	4	101	
98	123	0	4	4	101	
99	122	0	4	4	101	
100	118	0	4	4	101	
101	112	0	4	4	101	
102	107	0	4	4	101	
103	102	0	4	4	101	
104	99	0	4	4	101	
105	97	0	4	4	101	
106	94	0	4	4	101	
107	93	0	4	4	101	
108	91	0	4	4	101	
109	87	0	4	4	101	
110	85	0	4	4	101	
111	80	0	4	4	101	
112	79	0	4	4	101	
113	78	0	4	4	101	
114	76	0	4	4	101	
115	71	0	4	4	101	
116	70	0	4	4	101	
117	67	0	4	4	101	
118	65	0	4	4	101	
119	63	0	4	4	101	
120	61	0	4	4	101	
121	60	0	4	4	101	
122	60	0	4	4	101	
123	60	0	4	4	101	
124	59	0	4	4	101	
125	58	0	4	4	101	
126	57	0	4	4	101	
127	56	0	4	4	101	
128	55	0	4	4	101	
129	54	0	4	4	101	
130	54	0	4	4	101	
131	51	0	4	4	101	
132	50	0	4	4	101	
133	50	0	4	4	101	
134	48	0	4	4	101	
135	46	0	4	4	101	
136	46	0	4	4	101	
137	44	0	4	4	101	
138	43	0	4	4	101	
139	43	0	4	4	101	
140	42	0	4	4	101	
141	42	0	4	4	101	
142	40	0	4	4	101	
143	39	0	4	4	101	
144	34	0	4	4	101	
145	34	0	4	4	101	
146	34	0	4	4	101	
147	29	0	4	4	101	
148	28	0	4	4	101	
149	27	0	4	4	101	
150	26	0	4	4	101	
151	26	0	4	4	101	
152	26	0	4	4	101	
153	23	0	4	4	101	
154	23	0	4	4	101	
155	22	0	4	4	101	
156	22	0	4	4	101	
157	22	0	4	4	101	
158	22	0	4	4	101	
159	21	0	4	4	101	
160	21	0	4	4	101	
161	21	0	4	4	101	
162	21	0	4	4	101	
163	20	0	4	4	101	
164	20	0	4	4	101	
165	20	0	4	4	101	
166	20	0	4	4	101	
167	18	0	4	4	101	
168	17	0	4	4	101	
169	17	0	4	4	101	
170	17	0	4	4	101	
171	17	0	4	4	101	
172	17	0	4	4	101	
173	16	0	4	4	101	
174	16	0	4	4	101	
175	15	0	4	4	101	
176	14	0	4	4	101	
177	13	0	4	4	101	
178	12	0	4	4	101	
179	12	0	4	4	101	
