0	0.00000
1	0.00000
2	0.00000
3	0.15716
4	0.39512
5	0.47867
6	0.78100
7	0.74123
8	1.02858
9	0.98744
10	0.90260
11	0.88155
12	0.81251
13	0.80419
14	0.78770
15	0.84837
16	0.78820
17	0.76624
18	0.83500
19	0.83885
20	0.78328
21	0.70532
22	0.66263
23	0.62308
24	0.59756
25	0.55759
26	0.55775
27	0.55280
28	0.50239
29	0.45857
30	0.41016
31	0.37400
32	0.34734
33	0.30892
34	0.26658
35	0.25713
36	0.24501
37	0.22628
38	0.20024
39	0.17126
40	0.14782
41	0.13859
42	0.12810
43	0.11838
44	0.11200
45	0.10240
46	0.08501
47	0.07215
48	0.06493
49	0.06130
50	0.05504
51	0.04913
52	0.04312
53	0.03711
54	0.03027
55	0.02651
56	0.02084
57	0.02001
58	0.01997
59	0.01737
60	0.01888
61	0.01705
62	0.01726
63	0.01600
64	0.01508
65	0.01307
66	0.01095
67	0.00975
68	0.00853
69	0.00810
70	0.00545
71	0.00099
72	0.00111
73	0.00363
74	0.00279
75	0.00274
76	0.00009
77	0.00009
78	0.00009
79	0.00023
80	0.00000
81	0.00000
82	0.00005
83	0.00005
84	0.00005
85	0.00005
86	0.00000
87	0.00000
88	0.00000
89	0.00000
90	0.00000
91	0.00000
92	0.00000
93	0.00000
94	0.00000
95	0.00000
96	0.00000
97	0.00000
98	0.00000
99	0.00000
100	0.00000
101	0.00000
102	0.00000
103	0.00000
104	0.00000
105	0.00000
106	0.00000
107	0.00000
108	0.00000
109	0.00000
110	0.00000
111	0.00000
112	0.00000
113	0.00000
114	0.00000
115	0.00000
116	0.00000
117	0.00000
118	0.00000
119	0.00000
120	0.00000
121	0.00000
122	0.00000
123	0.00000
124	0.00000
125	0.00000
126	0.00000
127	0.00000
128	0.00000
129	0.00000
130	0.00000
131	0.00000
132	0.00000
133	0.00000
134	0.00000
135	0.00000
136	0.00000
137	0.00000
138	0.00000
139	0.00000
140	0.00000
141	0.00000
142	0.00000
143	0.00000
144	0.00000
145	0.00000
146	0.00000
147	0.00000
148	0.00000
149	0.00000
150	0.00000
151	0.00000
152	0.00000
153	0.00000
154	0.00000
155	0.00000
156	0.00000
157	0.00000
158	0.00000
159	0.00000
160	0.00000
161	0.00000
162	0.00000
163	0.00000
164	0.00000
165	0.00000
166	0.00000
167	0.00000
168	0.00000
169	0.00000
170	0.00000
171	0.00000
172	0.00000
173	0.00000
174	0.00000
175	0.00000
176	0.00000
177	0.00000
178	0.00000
179	0.00000
