0	0.00500
1	0.00800
2	0.00900
3	0.01000
4	0.01200
5	0.01300
6	0.01800
7	0.01950
8	0.02150
9	0.02450
10	0.02750
11	0.03200
12	0.03650
13	0.04200
14	0.04850
15	0.05600
16	0.06700
17	0.08050
18	0.09250
19	0.10550
20	0.12250
21	0.13900
22	0.16150
23	0.18250
24	0.21000
25	0.23900
26	0.26600
27	0.29300
28	0.31900
29	0.34750
30	0.37600
31	0.40150
32	0.42300
33	0.45450
34	0.48450
35	0.50950
36	0.52950
37	0.54550
38	0.56350
39	0.58550
40	0.60550
41	0.62450
42	0.64300
43	0.65750
44	0.66550
45	0.67350
46	0.68600
47	0.69900
48	0.70750
49	0.71600
50	0.72100
51	0.72500
52	0.72800
53	0.73300
54	0.73500
55	0.74000
56	0.74400
57	0.74550
58	0.75000
59	0.75150
60	0.75500
61	0.75650
62	0.75850
63	0.75900
64	0.75900
65	0.75950
66	0.75950
67	0.76150
68	0.76150
69	0.76150
70	0.76200
71	0.76300
72	0.76300
73	0.76300
74	0.76300
75	0.76300
76	0.76300
77	0.76350
78	0.76350
79	0.76350
80	0.76400
81	0.76400
82	0.76400
83	0.76400
84	0.76400
85	0.76400
86	0.76400
87	0.76400
88	0.76400
89	0.76400
90	0.76450
91	0.76450
92	0.76450
93	0.76450
94	0.76450
95	0.76450
96	0.76450
97	0.76450
98	0.76450
99	0.76450
100	0.76450
101	0.76450
102	0.76450
103	0.76450
104	0.76450
105	0.76450
106	0.76450
107	0.76450
108	0.76450
109	0.76450
110	0.76450
111	0.76450
112	0.76450
113	0.76450
114	0.76450
115	0.76450
116	0.76450
117	0.76450
118	0.76450
119	0.76450
120	0.76450
121	0.76450
122	0.76450
123	0.76450
124	0.76450
125	0.76450
126	0.76450
127	0.76450
128	0.76450
129	0.76450
130	0.76450
131	0.76450
132	0.76450
133	0.76450
134	0.76450
135	0.76450
136	0.76450
137	0.76450
138	0.76450
139	0.76450
140	0.76450
141	0.76450
142	0.76450
143	0.76450
144	0.76450
145	0.76450
146	0.76450
147	0.76450
148	0.76450
149	0.76450
150	0.76450
151	0.76450
152	0.76450
153	0.76450
154	0.76450
155	0.76450
156	0.76450
157	0.76450
158	0.76450
159	0.76450
160	0.76450
161	0.76450
162	0.76450
163	0.76450
164	0.76450
165	0.76450
166	0.76450
167	0.76450
168	0.76450
169	0.76450
170	0.76450
171	0.76450
172	0.76450
173	0.76450
174	0.76450
175	0.76450
176	0.76450
177	0.76450
178	0.76450
179	0.76450
