0	0.00000
1	0.00000
2	0.00000
3	0.00000
4	0.00000
5	0.00000
6	0.01795
7	0.01795
8	0.01795
9	0.01795
10	0.01804
11	0.01804
12	0.04897
13	0.03093
14	0.03093
15	0.03093
16	0.03093
17	0.03093
18	0.03093
19	0.00000
20	0.00000
21	0.00000
22	0.00000
23	0.00000
24	0.00000
25	0.00000
26	0.00000
27	0.00000
28	0.00000
29	0.00000
30	0.00000
31	0.00000
32	0.00000
33	0.00000
34	0.01295
35	0.01295
36	0.01302
37	0.01309
38	0.06021
39	0.10471
40	0.10471
41	0.09162
42	0.09162
43	0.09162
44	0.09162
45	0.04450
46	0.00000
47	0.00000
48	0.00000
49	0.00000
50	0.00000
51	0.02895
52	0.02895
53	0.02895
54	0.02895
55	0.02895
56	0.02895
57	0.02910
58	0.00000
59	0.04145
60	0.04145
61	0.04145
62	0.04145
63	0.04145
64	0.04145
65	0.04011
66	0.00000
67	0.06952
68	0.06952
69	0.06952
70	0.06952
71	0.07027
72	0.07065
73	0.11775
74	0.08967
75	0.08967
76	0.08152
77	0.07926
78	0.07926
79	0.07926
80	0.03668
81	0.00000
82	0.00000
83	0.00000
84	0.00000
85	0.00000
86	0.00000
87	0.05282
88	0.05282
89	0.05311
90	0.05311
91	0.10897
92	0.09576
93	0.09576
94	0.11510
95	0.11510
96	0.11266
97	0.11330
98	0.15871
99	0.19492
100	0.18466
101	0.16856
102	0.18390
103	0.15691
104	0.14924
105	0.09590
106	0.09095
107	0.08869
108	0.04825
109	0.17209
110	0.17312
111	0.23653
112	0.24307
113	0.26235
114	0.27631
115	0.25673
116	0.12570
117	0.12570
118	0.07879
119	0.06101
120	0.07063
121	0.04014
122	0.07510
123	0.07556
124	0.07301
125	0.09218
126	0.09218
127	0.06389
128	0.06429
129	0.03230
130	0.09337
131	0.09151
132	0.07526
133	0.07573
134	0.06115
135	0.10177
136	0.09822
137	0.04008
138	0.06276
139	0.08639
140	0.07352
141	0.07399
142	0.07399
143	0.10780
144	0.08437
145	0.09222
146	0.12002
147	0.13855
148	0.17206
149	0.15410
