0	0.02000
1	0.02000
2	0.02000
3	0.02000
4	0.02000
5	0.02000
6	0.02000
7	0.02500
8	0.02500
9	0.02500
10	0.02500
11	0.02500
12	0.02500
13	0.02500
14	0.02500
15	0.02500
16	0.02500
17	0.02500
18	0.02500
19	0.02500
20	0.02500
21	0.02500
22	0.03000
23	0.03500
24	0.03500
25	0.03500
26	0.03500
27	0.03500
28	0.03500
29	0.03500
30	0.03500
31	0.03500
32	0.03500
33	0.03500
34	0.03500
35	0.04500
36	0.04500
37	0.04500
38	0.04500
39	0.04500
40	0.04500
41	0.05500
42	0.06500
43	0.06500
44	0.06500
45	0.07000
46	0.08000
47	0.08000
48	0.08000
49	0.08000
50	0.08000
51	0.08000
52	0.08000
53	0.08000
54	0.08500
55	0.08500
56	0.08500
57	0.08500
58	0.08500
59	0.08500
60	0.08500
61	0.08500
62	0.08500
63	0.09000
64	0.09000
65	0.09000
66	0.09000
67	0.09000
68	0.09000
69	0.09000
70	0.09000
71	0.09000
72	0.09000
73	0.09000
74	0.09500
75	0.09500
76	0.10000
77	0.10000
78	0.10000
79	0.10500
80	0.11000
81	0.11500
82	0.11500
83	0.11500
84	0.11500
85	0.12000
86	0.12000
87	0.12000
88	0.12000
89	0.12500
90	0.12500
91	0.12500
92	0.12500
93	0.13000
94	0.13500
95	0.13500
96	0.14000
97	0.14000
98	0.14500
99	0.14500
100	0.14500
101	0.14500
102	0.14500
103	0.14500
104	0.14500
105	0.15000
106	0.15000
107	0.16000
108	0.16000
109	0.16000
110	0.16500
111	0.16500
112	0.16500
113	0.16500
114	0.16500
115	0.16500
116	0.17000
117	0.17000
118	0.17000
119	0.17000
120	0.17500
121	0.18000
122	0.18500
123	0.19000
124	0.20000
125	0.20000
126	0.20500
127	0.20500
128	0.20500
129	0.20500
130	0.20500
131	0.21500
132	0.22000
133	0.23500
134	0.23500
135	0.23500
136	0.23500
137	0.23500
138	0.23500
139	0.23500
140	0.24000
141	0.26000
142	0.26000
143	0.26500
144	0.26500
145	0.26500
146	0.27000
147	0.27500
148	0.29000
149	0.29500
150	0.30000
151	0.30500
152	0.31500
153	0.31500
154	0.32000
155	0.32500
156	0.32500
157	0.33000
158	0.34000
159	0.34000
160	0.34000
161	0.34500
162	0.35500
163	0.35500
164	0.36000
165	0.36500
166	0.36500
167	0.37000
168	0.37000
169	0.37000
170	0.37000
171	0.37000
172	0.37500
173	0.38500
174	0.39000
175	0.39000
176	0.39500
177	0.39500
178	0.40500
179	0.40500
180	0.41500
181	0.42000
182	0.42000
183	0.42500
184	0.42500
185	0.43000
186	0.43000
187	0.43500
188	0.43500
189	0.44000
190	0.44000
191	0.46500
192	0.47000
193	0.48000
194	0.48500
195	0.49500
196	0.50000
197	0.50000
198	0.50000
199	0.51000
200	0.51000
201	0.51000
202	0.51000
203	0.51000
204	0.52500
205	0.53000
206	0.54000
207	0.55000
208	0.55500
209	0.56000
210	0.56500
211	0.56500
212	0.57000
213	0.57000
214	0.57500
215	0.57500
216	0.58500
217	0.58500
218	0.60000
219	0.60500
220	0.61000
221	0.61000
222	0.62500
223	0.62500
224	0.62500
225	0.64000
226	0.65500
227	0.66000
228	0.66000
229	0.66000
230	0.66500
231	0.67000
232	0.68000
233	0.68000
234	0.68500
235	0.68500
236	0.69500
237	0.70000
238	0.72500
239	0.74000
240	0.74000
241	0.74000
242	0.75000
243	0.75500
244	0.75500
245	0.76000
246	0.76000
247	0.76000
248	0.76000
249	0.77500
250	0.77500
251	0.78000
252	0.79000
253	0.79000
254	0.79000
255	0.79500
256	0.79500
257	0.79500
258	0.81000
259	0.81000
260	0.81000
261	0.81500
262	0.81500
263	0.81500
264	0.82000
265	0.83000
266	0.83000
267	0.83000
268	0.83500
269	0.83500
270	0.84000
271	0.84000
272	0.84500
273	0.84500
274	0.84500
275	0.84500
276	0.85000
277	0.85000
278	0.85500
279	0.86000
280	0.86500
281	0.86500
282	0.86500
283	0.87000
284	0.87500
285	0.87500
286	0.87500
287	0.87500
288	0.88500
289	0.88500
290	0.88500
291	0.88500
292	0.88500
293	0.88500
294	0.89000
295	0.89000
296	0.89500
297	0.89500
298	0.89500
299	0.89500
300	0.89500
301	0.89500
302	0.90500
303	0.90500
304	0.90500
305	0.90500
306	0.90500
307	0.90500
308	0.90500
309	0.91000
310	0.91000
311	0.91000
312	0.91500
313	0.91500
314	0.92000
315	0.92000
316	0.92000
317	0.92000
318	0.92000
319	0.92000
320	0.92000
321	0.92000
322	0.92500
323	0.92500
324	0.92500
325	0.92500
326	0.92500
327	0.92500
328	0.92500
329	0.92500
330	0.92500
331	0.92500
332	0.92500
333	0.92500
334	0.92500
335	0.92500
336	0.92500
337	0.92500
338	0.92500
339	0.92500
340	0.92500
341	0.92500
342	0.92500
343	0.92500
344	0.93000
345	0.93000
346	0.93500
347	0.93500
348	0.93500
349	0.94000
350	0.94000
351	0.94000
352	0.94000
353	0.94000
354	0.94000
355	0.94000
356	0.94000
357	0.94000
358	0.94000
359	0.94500
360	0.94500
361	0.94500
362	0.95000
363	0.95000
364	0.95000
365	0.95500
366	0.95500
367	0.95500
368	0.96000
369	0.96500
370	0.96500
371	0.96500
372	0.96500
373	0.96500
374	0.96500
375	0.96500
376	0.96500
377	0.96500
378	0.96500
379	0.96500
380	0.96500
381	0.96500
382	0.96500
383	0.96500
384	0.96500
385	0.96500
386	0.96500
387	0.96500
388	0.96500
389	0.96500
390	0.96500
391	0.96500
392	0.96500
393	0.97500
394	0.97500
395	0.97500
396	0.97500
397	0.97500
398	0.97500
399	0.97500
400	0.98000
401	0.98000
402	0.98000
403	0.98000
404	0.98000
405	0.98000
406	0.98000
407	0.98000
408	0.98000
409	0.98000
410	0.98000
411	0.98000
412	0.98000
413	0.98000
414	0.98000
415	0.98000
416	0.98000
417	0.98000
418	0.98000
419	0.98000
420	0.98000
421	0.98000
422	0.98000
423	0.98000
424	0.98000
425	0.98000
426	0.98000
427	0.98000
428	0.98000
429	0.98000
430	0.98000
431	0.98000
432	0.98000
433	0.98000
434	0.98000
435	0.98000
436	0.98000
437	0.98000
438	0.98000
439	0.98000
440	0.98000
441	0.98000
442	0.98000
443	0.98000
444	0.98000
445	0.98000
446	0.98000
447	0.98000
448	0.98000
449	0.98000
450	0.98000
451	0.98000
452	0.98000
453	0.98000
454	0.98000
455	0.98000
456	0.98000
457	0.98000
458	0.98000
459	0.98500
460	0.98500
461	0.98500
462	0.98500
463	0.98500
464	0.98500
465	0.98500
466	0.98500
467	0.98500
468	0.98500
469	0.98500
470	0.98500
471	0.98500
472	0.98500
473	0.98500
474	0.98500
475	0.98500
476	0.98500
477	0.98500
478	0.98500
479	0.98500
480	0.98500
481	0.98500
482	0.98500
483	0.98500
484	0.98500
485	0.98500
486	0.98500
487	0.98500
488	0.98500
489	0.98500
490	0.98500
491	0.98500
492	0.98500
493	0.98500
494	0.98500
495	0.98500
496	0.98500
497	0.98500
498	0.98500
499	0.98500
