0	0.00000
1	0.00000
2	0.00000
3	0.00050
4	0.00000
5	0.00000
6	0.00000
7	0.00000
8	0.00050
9	0.00000
10	0.00100
11	0.00050
12	0.00050
13	0.00050
14	0.00050
15	0.00050
16	0.00150
17	0.00050
18	0.00050
19	0.00100
20	0.00300
21	0.00250
22	0.00300
23	0.00150
24	0.00100
25	0.00150
26	0.00050
27	0.00100
28	0.00250
29	0.00200
30	0.00300
31	0.00600
32	0.00250
33	0.00350
34	0.00450
35	0.00250
36	0.00550
37	0.00600
38	0.00500
39	0.00500
40	0.00950
41	0.00700
42	0.00950
43	0.00650
44	0.01200
45	0.01100
46	0.01400
47	0.01150
48	0.01350
49	0.01100
50	0.01350
51	0.01400
52	0.00950
53	0.01450
54	0.01600
55	0.01350
56	0.01350
57	0.01350
58	0.01200
59	0.02350
60	0.01500
61	0.01350
62	0.01800
63	0.01450
64	0.01650
65	0.01350
66	0.01650
67	0.02250
68	0.01250
69	0.01250
70	0.01450
71	0.01400
72	0.02000
73	0.01600
74	0.01700
75	0.00950
76	0.01100
77	0.01750
78	0.01300
79	0.01400
80	0.00800
81	0.01300
82	0.01650
83	0.01550
84	0.01200
85	0.01350
86	0.00900
87	0.01150
88	0.01050
89	0.00650
90	0.00950
91	0.01100
92	0.01400
93	0.00650
94	0.00500
95	0.01150
96	0.00850
97	0.00800
98	0.00950
99	0.00700
100	0.00800
101	0.00750
102	0.01000
103	0.00450
104	0.00350
105	0.00600
106	0.00650
107	0.00350
108	0.00350
109	0.00400
110	0.00300
111	0.00650
112	0.00550
113	0.00450
114	0.00650
115	0.00400
116	0.00300
117	0.00350
118	0.00250
119	0.00200
120	0.00350
121	0.00500
122	0.00150
123	0.00150
124	0.00200
125	0.00200
126	0.00400
127	0.00050
128	0.00250
129	0.00300
130	0.00150
131	0.00250
132	0.00000
133	0.00100
134	0.00250
135	0.00300
136	0.00150
137	0.00250
138	0.00150
139	0.00150
140	0.00050
141	0.00150
142	0.00050
143	0.00050
144	0.00050
145	0.00100
146	0.00350
147	0.00050
148	0.00150
149	0.00100
150	0.00100
151	0.00000
152	0.00100
153	0.00100
154	0.00000
155	0.00000
156	0.00100
157	0.00000
158	0.00000
159	0.00050
160	0.00050
161	0.00100
162	0.00050
163	0.00050
164	0.00000
165	0.00000
166	0.00050
167	0.00000
168	0.00000
169	0.00050
170	0.00000
171	0.00000
172	0.00000
173	0.00050
174	0.00000
175	0.00000
176	0.00000
177	0.00000
178	0.00000
179	0.00000
