0	0	0	0	0	0	
1	501	0	0	0	0	
2	501	0	0	0	0	
3	501	0	0	0	0	
4	501	0	0	0	0	
5	501	0	0	0	0	
6	501	0	0	0	0	
7	501	0	0	0	0	
8	501	0	0	0	0	
9	501	0	0	0	0	
10	500	0	0	0	0	
11	500	0	0	0	0	
12	500	0	0	0	0	
13	500	0	0	0	0	
14	500	0	0	0	0	
15	499	0	0	0	0	
16	499	0	0	0	0	
17	499	0	0	0	0	
18	499	0	0	0	0	
19	498	0	0	0	0	
20	497	0	0	0	0	
21	494	0	0	0	0	
22	491	0	0	0	0	
23	491	0	0	0	0	
24	490	0	0	0	0	
25	489	0	0	0	0	
26	489	0	0	0	0	
27	488	0	0	0	0	
28	488	0	0	0	0	
29	488	0	0	0	0	
30	487	0	0	0	0	
31	483	0	0	0	0	
32	481	0	0	0	0	
33	480	0	0	0	0	
34	476	0	0	0	0	
35	475	0	0	0	0	
36	472	1	0	0	0	
37	468	0	1	0	0	
38	466	0	0	1	0	
39	464	0	0	0	1	
40	459	0	0	0	1	
41	456	1	0	0	1	
42	449	0	1	0	1	
43	446	0	0	1	1	
44	440	0	0	0	2	
45	431	0	0	0	2	
46	422	0	0	0	2	
47	418	0	0	0	2	
48	409	0	0	0	2	
49	405	0	0	0	2	
50	398	0	0	0	2	
51	393	0	0	0	2	
52	388	0	0	0	2	
53	382	0	0	0	2	
54	374	0	0	0	2	
55	369	0	0	0	2	
56	364	0	0	0	2	
57	362	0	0	0	2	
58	355	0	0	0	2	
59	339	0	0	0	2	
60	332	0	0	0	2	
61	321	0	0	0	2	
62	316	0	0	0	2	
63	308	0	0	0	2	
64	297	0	0	0	2	
65	292	0	0	0	2	
66	286	0	0	0	2	
67	274	0	0	0	2	
68	268	0	0	0	2	
69	261	0	0	0	2	
70	258	0	0	0	2	
71	247	0	0	0	2	
72	236	0	0	0	2	
73	226	0	0	0	2	
74	221	0	0	0	2	
75	216	0	0	0	2	
76	211	0	0	0	2	
77	199	0	0	0	2	
78	195	0	0	0	2	
79	184	0	0	0	2	
80	182	0	0	0	2	
81	179	0	0	0	2	
82	177	0	0	0	2	
83	172	0	0	0	2	
84	166	0	0	0	2	
85	158	0	0	0	2	
86	154	0	0	0	2	
87	142	0	0	0	2	
88	138	0	0	0	2	
89	131	0	0	0	2	
90	125	0	0	0	2	
91	124	0	0	0	2	
92	115	0	0	0	2	
93	111	0	0	0	2	
94	108	0	0	0	2	
95	103	0	0	0	2	
96	97	0	0	0	2	
97	92	0	0	0	2	
98	87	0	0	0	2	
99	85	0	0	0	2	
100	76	0	0	0	2	
101	72	0	0	0	2	
102	64	0	0	0	2	
103	64	0	0	0	2	
104	64	0	0	0	2	
105	61	0	0	0	2	
106	56	0	0	0	2	
107	54	0	0	0	2	
108	53	0	0	0	2	
109	52	0	0	0	2	
110	50	0	0	0	2	
111	45	0	0	0	2	
112	43	0	0	0	2	
113	42	0	0	0	2	
114	40	0	0	0	2	
115	39	0	0	0	2	
116	36	0	0	0	2	
117	36	0	0	0	2	
118	36	0	0	0	2	
119	35	0	0	0	2	
120	35	0	0	0	2	
121	32	0	0	0	2	
122	32	0	0	0	2	
123	31	0	0	0	2	
124	31	0	0	0	2	
125	28	0	0	0	2	
126	27	0	0	0	2	
127	27	0	0	0	2	
128	26	0	0	0	2	
129	23	0	0	0	2	
130	22	0	0	0	2	
131	21	0	0	0	2	
132	21	0	0	0	2	
133	20	0	0	0	2	
134	18	0	0	0	2	
135	16	0	0	0	2	
136	16	0	0	0	2	
137	16	0	0	0	2	
138	15	0	0	0	2	
139	15	0	0	0	2	
140	15	0	0	0	2	
141	15	0	0	0	2	
142	15	0	0	0	2	
143	15	0	0	0	2	
144	15	0	0	0	2	
145	14	0	0	0	2	
146	14	0	0	0	2	
147	13	0	0	0	2	
148	11	0	0	0	2	
149	10	0	0	0	2	
150	9	0	0	0	2	
151	9	0	0	0	2	
152	8	0	0	0	2	
153	6	0	0	0	2	
154	6	0	0	0	2	
155	6	0	0	0	2	
156	6	0	0	0	2	
157	6	0	0	0	2	
158	6	0	0	0	2	
159	6	0	0	0	2	
160	5	0	0	0	2	
161	4	0	0	0	2	
162	4	0	0	0	2	
163	4	0	0	0	2	
164	4	0	0	0	2	
165	4	0	0	0	2	
166	4	0	0	0	2	
167	4	0	0	0	2	
168	4	0	0	0	2	
169	4	0	0	0	2	
170	4	0	0	0	2	
171	4	0	0	0	2	
172	4	0	0	0	2	
173	3	0	0	0	2	
174	3	0	0	0	2	
175	3	0	0	0	2	
176	3	0	0	0	2	
177	3	0	0	0	2	
178	3	0	0	0	2	
179	3	0	0	0	2	
