0	0.00500
1	0.00750
2	0.01100
3	0.01950
4	0.02950
5	0.05050
6	0.07900
7	0.11500
8	0.15650
9	0.20600
10	0.25650
11	0.31250
12	0.36550
13	0.40850
14	0.45350
15	0.49450
16	0.52150
17	0.54600
18	0.56950
19	0.59200
20	0.60900
21	0.62150
22	0.63250
23	0.64300
24	0.64900
25	0.65450
26	0.66000
27	0.66450
28	0.66900
29	0.67250
30	0.67450
31	0.67500
32	0.67700
33	0.67800
34	0.68000
35	0.68000
36	0.68150
37	0.68200
38	0.68300
39	0.68300
40	0.68300
41	0.68300
42	0.68300
43	0.68300
44	0.68300
45	0.68300
46	0.68300
47	0.68300
48	0.68300
49	0.68300
50	0.68300
51	0.68300
52	0.68300
53	0.68300
54	0.68300
55	0.68350
56	0.68350
57	0.68350
58	0.68350
59	0.68350
60	0.68350
61	0.68350
62	0.68350
63	0.68350
64	0.68350
65	0.68350
66	0.68350
67	0.68350
68	0.68350
69	0.68350
70	0.68350
71	0.68350
72	0.68350
73	0.68350
74	0.68350
75	0.68350
76	0.68350
77	0.68350
78	0.68350
79	0.68350
80	0.68350
81	0.68350
82	0.68350
83	0.68350
84	0.68350
85	0.68350
86	0.68350
87	0.68350
88	0.68350
89	0.68350
90	0.68350
91	0.68350
92	0.68350
93	0.68350
94	0.68350
95	0.68350
96	0.68350
97	0.68350
98	0.68350
99	0.68350
