0	0.00000
1	0.00000
2	0.00000
3	0.05762
4	0.11228
5	0.25701
6	0.47272
7	0.84147
8	1.09594
9	1.27434
10	1.34398
11	1.25814
12	1.16258
13	1.06409
14	0.90025
15	0.70900
16	0.57208
17	0.45797
18	0.35140
19	0.27266
20	0.22026
21	0.18163
22	0.14874
23	0.12050
24	0.09785
25	0.08178
26	0.06898
27	0.05630
28	0.04854
29	0.04184
30	0.03752
31	0.03315
32	0.02855
33	0.02247
34	0.02043
35	0.01671
36	0.01463
37	0.01060
38	0.00772
39	0.00657
40	0.00709
41	0.00480
42	0.00412
43	0.00257
44	0.00257
45	0.00141
46	0.00090
47	0.00000
48	0.00000
49	0.00000
50	0.00000
51	0.00000
52	0.00000
53	0.00000
54	0.00000
55	0.00000
56	0.00000
57	0.00055
58	0.00055
59	0.00055
60	0.00055
61	0.00055
62	0.00055
63	0.00055
64	0.00000
65	0.00000
66	0.00000
67	0.00000
68	0.00000
69	0.00000
70	0.00000
71	0.00000
72	0.00000
73	0.00000
74	0.00000
75	0.00000
76	0.00000
77	0.00000
78	0.00000
79	0.00000
80	0.00000
81	0.00000
82	0.00000
83	0.00000
84	0.00000
85	0.00000
86	0.00000
87	0.00000
88	0.00000
89	0.00000
90	0.00000
91	0.00000
92	0.00000
93	0.00000
94	0.00000
95	0.00000
96	0.00000
97	0.00000
98	0.00000
99	0.00000
