0	0	0	0	0	0	
1	748	0	0	0	0	
2	746	0	0	0	0	
3	656	83	0	0	0	
4	499	148	83	0	0	
5	264	226	147	81	0	
6	109	153	214	142	79	
7	27	78	143	211	217	
8	16	10	74	139	428	
9	7	8	9	73	566	
10	4	3	6	9	637	
11	2	1	2	5	643	
12	1	1	0	2	647	
13	1	1	0	0	647	
14	1	1	0	0	645	
15	1	1	0	0	645	
16	0	1	0	0	644	
17	0	1	0	0	642	
18	0	1	0	0	642	
19	0	0	0	0	639	
20	0	0	0	0	639	
21	0	0	0	0	635	
22	0	0	0	0	635	
23	0	0	0	0	635	
24	0	0	0	0	634	
25	0	0	0	0	634	
26	0	0	0	0	634	
27	0	0	0	0	634	
28	0	0	0	0	634	
29	0	0	0	0	634	
30	0	0	0	0	634	
31	0	0	0	0	634	
32	0	0	0	0	634	
33	0	0	0	0	633	
34	0	0	0	0	633	
35	0	0	0	0	633	
36	0	0	0	0	632	
37	0	0	0	0	632	
38	0	0	0	0	632	
39	0	0	0	0	632	
40	0	0	0	0	632	
41	0	0	0	0	632	
42	0	0	0	0	632	
43	0	0	0	0	632	
44	0	0	0	0	632	
45	0	0	0	0	632	
46	0	0	0	0	632	
47	0	0	0	0	632	
48	0	0	0	0	632	
49	0	0	0	0	632	
50	0	0	0	0	632	
51	0	0	0	0	632	
52	0	0	0	0	632	
53	0	0	0	0	632	
54	0	0	0	0	632	
55	0	0	0	0	632	
56	0	0	0	0	632	
57	0	0	0	0	632	
58	0	0	0	0	632	
59	0	0	0	0	632	
60	0	0	0	0	632	
61	0	0	0	0	632	
62	0	0	0	0	632	
63	0	0	0	0	632	
64	0	0	0	0	632	
65	0	0	0	0	632	
66	0	0	0	0	632	
67	0	0	0	0	632	
68	0	0	0	0	632	
69	0	0	0	0	632	
70	0	0	0	0	632	
71	0	0	0	0	632	
72	0	0	0	0	632	
73	0	0	0	0	632	
74	0	0	0	0	632	
75	0	0	0	0	632	
76	0	0	0	0	632	
77	0	0	0	0	632	
78	0	0	0	0	632	
79	0	0	0	0	632	
80	0	0	0	0	632	
81	0	0	0	0	632	
82	0	0	0	0	632	
83	0	0	0	0	632	
84	0	0	0	0	632	
85	0	0	0	0	632	
86	0	0	0	0	632	
87	0	0	0	0	632	
88	0	0	0	0	632	
89	0	0	0	0	632	
90	0	0	0	0	632	
91	0	0	0	0	632	
92	0	0	0	0	632	
93	0	0	0	0	632	
94	0	0	0	0	632	
95	0	0	0	0	632	
96	0	0	0	0	632	
97	0	0	0	0	632	
98	0	0	0	0	632	
99	0	0	0	0	632	
