0	0.00000
1	0.00050
2	0.00150
3	0.00200
4	0.00100
5	0.00150
6	0.00100
7	0.00200
8	0.00350
9	0.00400
10	0.00450
11	0.00500
12	0.00850
13	0.00700
14	0.00800
15	0.01000
16	0.00500
17	0.01100
18	0.01400
19	0.01450
20	0.02150
21	0.02150
22	0.02550
23	0.02250
24	0.02900
25	0.03600
26	0.03300
27	0.03600
28	0.03350
29	0.02900
30	0.02500
31	0.03350
32	0.02500
33	0.03150
34	0.02500
35	0.02450
36	0.02400
37	0.02950
38	0.01300
39	0.02300
40	0.01400
41	0.01200
42	0.01350
43	0.01050
44	0.01000
45	0.00800
46	0.00650
47	0.00850
48	0.00700
49	0.00650
50	0.00600
51	0.00350
52	0.00550
53	0.00500
54	0.00350
55	0.00250
56	0.00600
57	0.00300
58	0.00200
59	0.00200
60	0.00000
61	0.00300
62	0.00050
63	0.00050
64	0.00100
65	0.00100
66	0.00000
67	0.00050
68	0.00000
69	0.00000
70	0.00000
71	0.00000
72	0.00050
73	0.00050
74	0.00000
75	0.00050
76	0.00000
77	0.00000
78	0.00000
79	0.00000
80	0.00000
81	0.00000
82	0.00000
83	0.00000
84	0.00000
85	0.00000
86	0.00000
87	0.00000
88	0.00000
89	0.00000
90	0.00000
91	0.00000
92	0.00000
93	0.00000
94	0.00000
95	0.00000
96	0.00000
97	0.00000
98	0.00000
99	0.00000
100	0.00000
101	0.00000
102	0.00000
103	0.00000
104	0.00000
105	0.00000
106	0.00000
107	0.00000
108	0.00000
109	0.00000
110	0.00000
111	0.00000
112	0.00000
113	0.00000
114	0.00000
115	0.00000
116	0.00000
117	0.00000
118	0.00000
119	0.00000
120	0.00000
121	0.00000
122	0.00000
123	0.00000
124	0.00000
125	0.00000
126	0.00000
127	0.00000
128	0.00000
129	0.00000
130	0.00000
131	0.00000
132	0.00000
133	0.00000
134	0.00000
135	0.00000
136	0.00000
137	0.00000
138	0.00000
139	0.00000
140	0.00000
141	0.00000
142	0.00000
143	0.00000
144	0.00000
145	0.00000
146	0.00000
147	0.00000
148	0.00000
149	0.00000
150	0.00000
151	0.00000
152	0.00000
153	0.00000
154	0.00000
155	0.00000
156	0.00000
157	0.00000
158	0.00000
159	0.00000
160	0.00000
161	0.00000
162	0.00000
163	0.00000
164	0.00000
165	0.00000
166	0.00000
167	0.00000
168	0.00000
169	0.00000
170	0.00000
171	0.00000
172	0.00000
173	0.00000
174	0.00000
175	0.00000
176	0.00000
177	0.00000
178	0.00000
179	0.00000
