0	0.01000
1	0.01300
2	0.02100
3	0.02900
4	0.04400
5	0.05800
6	0.08200
7	0.11700
8	0.17000
9	0.22000
10	0.31300
11	0.39200
12	0.46900
13	0.54500
14	0.61800
15	0.68600
16	0.75300
17	0.78800
18	0.81800
19	0.85400
20	0.87100
21	0.88300
22	0.89200
23	0.89900
24	0.90200
25	0.90700
26	0.90800
27	0.91100
28	0.91100
29	0.91200
30	0.91200
31	0.91200
32	0.91400
33	0.91600
34	0.91600
35	0.91700
36	0.91800
37	0.91800
38	0.91800
39	0.91800
40	0.91900
41	0.91900
42	0.91900
43	0.92000
44	0.92000
45	0.92000
46	0.92000
47	0.92000
48	0.92000
49	0.92000
50	0.92200
51	0.92200
52	0.92200
53	0.92300
54	0.92300
55	0.92300
56	0.92300
57	0.92300
58	0.92300
59	0.92300
60	0.92300
61	0.92300
62	0.92300
63	0.92300
64	0.92300
65	0.92300
66	0.92300
67	0.92300
68	0.92300
69	0.92300
70	0.92400
71	0.92400
72	0.92400
73	0.92400
74	0.92400
75	0.92400
76	0.92500
77	0.92500
78	0.92500
79	0.92500
80	0.92500
81	0.92500
82	0.92500
83	0.92500
84	0.92600
85	0.92600
86	0.92600
87	0.92700
88	0.92700
89	0.92700
90	0.92700
91	0.92700
92	0.92700
93	0.92700
94	0.92700
95	0.92700
96	0.92700
97	0.92700
98	0.92700
99	0.92700
100	0.92700
101	0.92700
102	0.92700
103	0.92700
104	0.92700
105	0.92800
106	0.92800
107	0.92800
108	0.92900
109	0.92900
110	0.92900
111	0.92900
112	0.93000
113	0.93000
114	0.93000
115	0.93000
116	0.93000
117	0.93000
118	0.93000
119	0.93000
120	0.93000
121	0.93000
122	0.93000
123	0.93000
124	0.93000
125	0.93000
126	0.93000
127	0.93000
128	0.93000
129	0.93000
130	0.93000
131	0.93000
132	0.93000
133	0.93000
134	0.93000
135	0.93000
136	0.93000
137	0.93000
138	0.93000
139	0.93000
140	0.93000
141	0.93000
142	0.93000
143	0.93000
144	0.93000
145	0.93000
146	0.93000
147	0.93000
148	0.93000
149	0.93000
150	0.93000
151	0.93000
152	0.93000
153	0.93000
154	0.93000
155	0.93000
156	0.93000
157	0.93000
158	0.93000
159	0.93000
160	0.93000
161	0.93000
162	0.93000
163	0.93000
164	0.93000
165	0.93000
166	0.93000
167	0.93000
168	0.93000
169	0.93000
170	0.93100
171	0.93100
172	0.93100
173	0.93100
174	0.93100
175	0.93100
176	0.93100
177	0.93100
178	0.93100
179	0.93100
180	0.93100
181	0.93100
182	0.93100
183	0.93100
184	0.93100
185	0.93100
186	0.93100
187	0.93100
188	0.93100
189	0.93100
190	0.93100
191	0.93100
192	0.93100
193	0.93100
194	0.93100
195	0.93100
196	0.93100
197	0.93100
198	0.93100
199	0.93100
