0	0.00500
1	0.00750
2	0.01550
3	0.02350
4	0.03900
5	0.06950
6	0.12100
7	0.18650
8	0.26100
9	0.31650
10	0.37250
11	0.44200
12	0.49550
13	0.54250
14	0.57700
15	0.60450
16	0.62750
17	0.64650
18	0.65800
19	0.67050
20	0.68000
21	0.68700
22	0.69050
23	0.69550
24	0.70150
25	0.70550
26	0.70700
27	0.70850
28	0.71050
29	0.71150
30	0.71300
31	0.71300
32	0.71450
33	0.71600
34	0.71600
35	0.71650
36	0.71700
37	0.71700
38	0.71700
39	0.71700
40	0.71750
41	0.71750
42	0.71750
43	0.71750
44	0.71750
45	0.71750
46	0.71750
47	0.71800
48	0.71800
49	0.71800
50	0.71800
51	0.71800
52	0.71800
53	0.71800
54	0.71800
55	0.71800
56	0.71800
57	0.71800
58	0.71800
59	0.71800
60	0.71800
61	0.71800
62	0.71800
63	0.71800
64	0.71800
65	0.71800
66	0.71800
67	0.71800
68	0.71800
69	0.71800
70	0.71800
71	0.71800
72	0.71800
73	0.71800
74	0.71800
75	0.71800
76	0.71800
77	0.71800
78	0.71800
79	0.71800
80	0.71800
81	0.71800
82	0.71800
83	0.71800
84	0.71800
85	0.71800
86	0.71800
87	0.71800
88	0.71800
89	0.71800
90	0.71800
91	0.71800
92	0.71800
93	0.71800
94	0.71800
95	0.71800
96	0.71800
97	0.71800
98	0.71800
99	0.71800
