0	0.00000
1	0.00000
2	0.00000
3	0.04222
4	0.16171
5	0.33414
6	0.64211
7	0.98814
8	1.25530
9	1.43789
10	1.37346
11	1.23272
12	1.01681
13	0.86610
14	0.68151
15	0.51823
16	0.38714
17	0.29155
18	0.22229
19	0.17150
20	0.12726
21	0.09802
22	0.08002
23	0.06651
24	0.05083
25	0.04274
26	0.03717
27	0.03267
28	0.02775
29	0.02163
30	0.01734
31	0.01623
32	0.01412
33	0.00949
34	0.00732
35	0.00742
36	0.00600
37	0.00452
38	0.00391
39	0.00269
40	0.00266
41	0.00165
42	0.00085
43	0.00084
44	0.00084
45	0.00037
46	0.00037
47	0.00037
48	0.00037
49	0.00048
50	0.00048
51	0.00048
52	0.00048
53	0.00048
54	0.00048
55	0.00048
56	0.00000
57	0.00000
58	0.00000
59	0.00000
60	0.00000
61	0.00000
62	0.00000
63	0.00000
64	0.00000
65	0.00000
66	0.00000
67	0.00000
68	0.00000
69	0.00000
70	0.00000
71	0.00000
72	0.00000
73	0.00000
74	0.00000
75	0.00000
76	0.00000
77	0.00000
78	0.00000
79	0.00000
80	0.00000
81	0.00000
82	0.00000
83	0.00000
84	0.00000
85	0.00000
86	0.00000
87	0.00000
88	0.00000
89	0.00000
90	0.00000
91	0.00000
92	0.00000
93	0.00000
94	0.00000
95	0.00000
96	0.00000
97	0.00000
98	0.00000
99	0.00000
