0	0.00500
1	0.01250
2	0.03750
3	0.10200
4	0.24350
5	0.46350
6	0.65200
7	0.73800
8	0.76000
9	0.76700
10	0.76900
11	0.76950
12	0.76950
13	0.76950
14	0.77000
15	0.77000
16	0.77000
17	0.77000
18	0.77000
19	0.77000
20	0.77000
21	0.77000
22	0.77000
23	0.77000
24	0.77000
25	0.77000
26	0.77000
27	0.77000
28	0.77000
29	0.77000
30	0.77000
31	0.77000
32	0.77000
33	0.77000
34	0.77000
35	0.77000
36	0.77000
37	0.77000
38	0.77000
39	0.77000
40	0.77000
41	0.77000
42	0.77000
43	0.77000
44	0.77000
45	0.77000
46	0.77000
47	0.77000
48	0.77000
49	0.77000
50	0.77000
51	0.77000
52	0.77000
53	0.77000
54	0.77000
55	0.77000
56	0.77000
57	0.77000
58	0.77000
59	0.77000
60	0.77000
61	0.77000
62	0.77000
63	0.77000
64	0.77000
65	0.77000
66	0.77000
67	0.77000
68	0.77000
69	0.77000
70	0.77000
71	0.77000
72	0.77000
73	0.77000
74	0.77000
75	0.77000
76	0.77000
77	0.77000
78	0.77000
79	0.77000
80	0.77000
81	0.77000
82	0.77000
83	0.77000
84	0.77000
85	0.77000
86	0.77000
87	0.77000
88	0.77000
89	0.77000
90	0.77000
91	0.77000
92	0.77000
93	0.77000
94	0.77000
95	0.77000
96	0.77000
97	0.77000
98	0.77000
99	0.77000
100	0.77000
101	0.77000
102	0.77000
103	0.77000
104	0.77000
105	0.77000
106	0.77000
107	0.77000
108	0.77000
109	0.77000
110	0.77000
111	0.77000
112	0.77000
113	0.77000
114	0.77000
115	0.77000
116	0.77000
117	0.77000
118	0.77000
119	0.77000
120	0.77000
121	0.77000
122	0.77000
123	0.77000
124	0.77000
125	0.77000
126	0.77000
127	0.77000
128	0.77000
129	0.77000
130	0.77000
131	0.77000
132	0.77000
133	0.77000
134	0.77000
135	0.77000
136	0.77000
137	0.77000
138	0.77000
139	0.77000
140	0.77000
141	0.77000
142	0.77000
143	0.77000
144	0.77000
145	0.77000
146	0.77000
147	0.77000
148	0.77000
149	0.77000
