0	0	0	0	0	0	
1	747	0	0	0	0	
2	732	0	0	0	0	
3	2	684	0	0	0	
4	0	2	609	0	0	
5	0	0	2	513	0	
6	0	0	0	1	465	
7	0	0	0	0	462	
8	0	0	0	0	460	
9	0	0	0	0	460	
10	0	0	0	0	460	
11	0	0	0	0	460	
12	0	0	0	0	460	
13	0	0	0	0	460	
14	0	0	0	0	460	
15	0	0	0	0	460	
16	0	0	0	0	460	
17	0	0	0	0	460	
18	0	0	0	0	460	
19	0	0	0	0	460	
20	0	0	0	0	460	
21	0	0	0	0	460	
22	0	0	0	0	460	
23	0	0	0	0	460	
24	0	0	0	0	460	
25	0	0	0	0	460	
26	0	0	0	0	460	
27	0	0	0	0	460	
28	0	0	0	0	460	
29	0	0	0	0	460	
30	0	0	0	0	460	
31	0	0	0	0	460	
32	0	0	0	0	460	
33	0	0	0	0	460	
34	0	0	0	0	460	
35	0	0	0	0	460	
36	0	0	0	0	460	
37	0	0	0	0	460	
38	0	0	0	0	460	
39	0	0	0	0	460	
40	0	0	0	0	460	
41	0	0	0	0	460	
42	0	0	0	0	460	
43	0	0	0	0	460	
44	0	0	0	0	460	
45	0	0	0	0	460	
46	0	0	0	0	460	
47	0	0	0	0	460	
48	0	0	0	0	460	
49	0	0	0	0	460	
50	0	0	0	0	460	
51	0	0	0	0	460	
52	0	0	0	0	460	
53	0	0	0	0	460	
54	0	0	0	0	460	
55	0	0	0	0	460	
56	0	0	0	0	460	
57	0	0	0	0	460	
58	0	0	0	0	460	
59	0	0	0	0	460	
60	0	0	0	0	460	
61	0	0	0	0	460	
62	0	0	0	0	460	
63	0	0	0	0	460	
64	0	0	0	0	460	
65	0	0	0	0	460	
66	0	0	0	0	460	
67	0	0	0	0	460	
68	0	0	0	0	460	
69	0	0	0	0	460	
70	0	0	0	0	460	
71	0	0	0	0	460	
72	0	0	0	0	460	
73	0	0	0	0	460	
74	0	0	0	0	460	
75	0	0	0	0	460	
76	0	0	0	0	460	
77	0	0	0	0	460	
78	0	0	0	0	460	
79	0	0	0	0	460	
80	0	0	0	0	460	
81	0	0	0	0	460	
82	0	0	0	0	460	
83	0	0	0	0	460	
84	0	0	0	0	460	
85	0	0	0	0	460	
86	0	0	0	0	460	
87	0	0	0	0	460	
88	0	0	0	0	460	
89	0	0	0	0	460	
90	0	0	0	0	460	
91	0	0	0	0	460	
92	0	0	0	0	460	
93	0	0	0	0	460	
94	0	0	0	0	460	
95	0	0	0	0	460	
96	0	0	0	0	460	
97	0	0	0	0	460	
98	0	0	0	0	460	
99	0	0	0	0	460	
100	0	0	0	0	460	
101	0	0	0	0	460	
102	0	0	0	0	460	
103	0	0	0	0	460	
104	0	0	0	0	460	
105	0	0	0	0	460	
106	0	0	0	0	460	
107	0	0	0	0	460	
108	0	0	0	0	460	
109	0	0	0	0	460	
110	0	0	0	0	460	
111	0	0	0	0	460	
112	0	0	0	0	460	
113	0	0	0	0	460	
114	0	0	0	0	460	
115	0	0	0	0	460	
116	0	0	0	0	460	
117	0	0	0	0	460	
118	0	0	0	0	460	
119	0	0	0	0	460	
120	0	0	0	0	460	
121	0	0	0	0	460	
122	0	0	0	0	460	
123	0	0	0	0	460	
124	0	0	0	0	460	
125	0	0	0	0	460	
126	0	0	0	0	460	
127	0	0	0	0	460	
128	0	0	0	0	460	
129	0	0	0	0	460	
130	0	0	0	0	460	
131	0	0	0	0	460	
132	0	0	0	0	460	
133	0	0	0	0	460	
134	0	0	0	0	460	
135	0	0	0	0	460	
136	0	0	0	0	460	
137	0	0	0	0	460	
138	0	0	0	0	460	
139	0	0	0	0	460	
140	0	0	0	0	460	
141	0	0	0	0	460	
142	0	0	0	0	460	
143	0	0	0	0	460	
144	0	0	0	0	460	
145	0	0	0	0	460	
146	0	0	0	0	460	
147	0	0	0	0	460	
148	0	0	0	0	460	
149	0	0	0	0	460	
