0	0.00500
1	0.00650
2	0.00850
3	0.01300
4	0.02050
5	0.04100
6	0.07050
7	0.12000
8	0.19750
9	0.30500
10	0.41950
11	0.54200
12	0.64100
13	0.71800
14	0.78300
15	0.83200
16	0.86700
17	0.89300
18	0.90950
19	0.91900
20	0.92400
21	0.93050
22	0.93550
23	0.93800
24	0.94000
25	0.94250
26	0.94300
27	0.94450
28	0.94500
29	0.94600
30	0.94650
31	0.94700
32	0.94800
33	0.94850
34	0.94850
35	0.94850
36	0.94850
37	0.94850
38	0.94850
39	0.94850
40	0.94850
41	0.94850
42	0.94850
43	0.94850
44	0.94850
45	0.94850
46	0.94850
47	0.94850
48	0.94850
49	0.94850
50	0.94850
51	0.94850
52	0.94850
53	0.94850
54	0.94850
55	0.94850
56	0.94850
57	0.94850
58	0.94850
59	0.94850
60	0.94850
61	0.94850
62	0.94850
63	0.94850
64	0.94850
65	0.94900
66	0.94900
67	0.94900
68	0.94900
69	0.94900
70	0.94900
71	0.94900
72	0.94900
73	0.94900
74	0.94900
75	0.94900
76	0.94900
77	0.94900
78	0.94900
79	0.94900
80	0.94900
81	0.94900
82	0.94900
83	0.94900
84	0.94900
85	0.94900
86	0.94900
87	0.94900
88	0.94900
89	0.94900
90	0.94900
91	0.94900
92	0.94900
93	0.94900
94	0.94900
95	0.94900
96	0.94900
97	0.94900
98	0.94900
99	0.94900
