0	0	0	0	0	0	
1	749	0	0	0	0	
2	749	0	0	0	0	
3	746	0	0	0	0	
4	743	0	0	0	0	
5	724	0	0	0	0	
6	696	3	0	0	0	
7	621	41	2	0	0	
8	510	81	12	1	0	
9	348	129	46	6	1	
10	253	113	61	22	5	
11	178	84	63	28	14	
12	130	68	58	26	17	
13	97	57	53	26	17	
14	67	50	47	25	17	
15	52	38	42	25	17	
16	32	35	42	25	17	
17	19	31	41	25	17	
18	11	27	40	25	17	
19	8	27	38	25	17	
20	8	26	38	25	17	
21	5	26	37	25	17	
22	5	26	36	25	17	
23	4	25	36	25	17	
24	3	25	36	25	17	
25	2	24	36	25	17	
26	1	24	36	25	17	
27	0	24	36	25	17	
28	0	24	36	25	17	
29	0	24	36	25	17	
30	0	24	36	25	17	
31	0	24	36	25	17	
32	0	23	36	25	17	
33	0	23	36	25	17	
34	0	23	36	25	17	
35	0	23	36	25	17	
36	0	23	36	25	17	
37	0	23	36	25	17	
38	0	23	36	25	17	
39	0	23	36	25	17	
40	0	23	36	25	17	
41	0	23	36	25	17	
42	0	23	36	25	17	
43	0	23	36	25	17	
44	0	23	36	25	17	
45	0	23	36	25	17	
46	0	23	36	25	17	
47	0	23	36	25	17	
48	0	23	36	25	17	
49	0	23	36	25	17	
50	0	23	36	25	17	
51	0	23	36	25	17	
52	0	23	36	25	17	
53	0	23	36	25	17	
54	0	23	36	25	17	
55	0	23	36	25	17	
56	0	23	36	25	17	
57	0	23	36	25	17	
58	0	23	36	25	17	
59	0	23	36	25	17	
60	0	23	36	25	17	
61	0	23	36	25	17	
62	0	23	36	25	17	
63	0	23	36	25	17	
64	0	23	36	25	17	
65	0	23	36	25	17	
66	0	23	36	25	17	
67	0	23	36	25	17	
68	0	23	36	25	17	
69	0	23	36	25	17	
70	0	23	36	25	17	
71	0	23	36	25	17	
72	0	23	36	25	17	
73	0	23	36	25	17	
74	0	23	36	25	17	
75	0	23	36	25	17	
76	0	23	36	25	17	
77	0	23	36	25	17	
78	0	23	36	25	17	
79	0	23	36	25	17	
80	0	23	36	25	17	
81	0	23	36	25	17	
82	0	23	36	25	17	
83	0	23	36	25	17	
84	0	23	36	25	17	
85	0	23	36	25	17	
86	0	23	36	25	17	
87	0	23	36	25	17	
88	0	23	36	25	17	
89	0	23	36	25	17	
90	0	23	36	25	17	
91	0	23	36	25	17	
92	0	23	36	25	17	
93	0	23	36	25	17	
94	0	23	36	25	17	
95	0	23	36	25	17	
96	0	23	36	25	17	
97	0	23	36	25	17	
98	0	23	36	25	17	
99	0	23	36	25	17	
