0	0.00500
1	0.00500
2	0.00550
3	0.00700
4	0.00800
5	0.00900
6	0.01000
7	0.01050
8	0.01300
9	0.01400
10	0.01450
11	0.01650
12	0.01800
13	0.01950
14	0.02100
15	0.02400
16	0.02750
17	0.03200
18	0.03850
19	0.04100
20	0.04400
21	0.04700
22	0.05150
23	0.05450
24	0.06050
25	0.06850
26	0.07200
27	0.07600
28	0.08450
29	0.09050
30	0.09650
31	0.10400
32	0.11000
33	0.11650
34	0.12450
35	0.13800
36	0.14750
37	0.15600
38	0.16800
39	0.17750
40	0.18800
41	0.19600
42	0.21150
43	0.22500
44	0.24000
45	0.25050
46	0.27100
47	0.28600
48	0.30250
49	0.31450
50	0.33050
51	0.34750
52	0.36250
53	0.37150
54	0.38550
55	0.39950
56	0.42000
57	0.43350
58	0.44950
59	0.46750
60	0.48350
61	0.50350
62	0.51550
63	0.53300
64	0.54900
65	0.56450
66	0.57850
67	0.58850
68	0.59700
69	0.61150
70	0.62350
71	0.63550
72	0.64650
73	0.66100
74	0.67500
75	0.68350
76	0.69200
77	0.69750
78	0.70800
79	0.71750
80	0.72850
81	0.73500
82	0.74400
83	0.75300
84	0.76150
85	0.76900
86	0.77700
87	0.78650
88	0.79200
89	0.79900
90	0.80650
91	0.81250
92	0.81700
93	0.82350
94	0.83150
95	0.83550
96	0.83900
97	0.84800
98	0.85250
99	0.85600
100	0.85850
101	0.86000
102	0.86500
103	0.86950
104	0.87350
105	0.87650
106	0.88200
107	0.88550
108	0.88700
109	0.89050
110	0.89350
111	0.89600
112	0.89850
113	0.90200
114	0.90300
115	0.90400
116	0.90550
117	0.90800
118	0.91000
119	0.91150
120	0.91350
121	0.91450
122	0.91600
123	0.91900
124	0.92100
125	0.92300
126	0.92500
127	0.92650
128	0.93000
129	0.93150
130	0.93350
131	0.93550
132	0.93600
133	0.93700
134	0.93800
135	0.94100
136	0.94150
137	0.94200
138	0.94400
139	0.94400
140	0.94500
141	0.94800
142	0.94950
143	0.95050
144	0.95100
145	0.95250
146	0.95400
147	0.95400
148	0.95500
149	0.95650
150	0.95750
151	0.95750
152	0.95800
153	0.95800
154	0.95800
155	0.95850
156	0.95850
157	0.95950
158	0.95950
159	0.95950
160	0.96050
161	0.96050
162	0.96100
163	0.96100
164	0.96200
165	0.96200
166	0.96250
167	0.96350
168	0.96500
169	0.96500
170	0.96500
171	0.96500
172	0.96500
173	0.96500
174	0.96500
175	0.96500
176	0.96500
177	0.96600
178	0.96600
179	0.96700
