0	0.00000
1	0.00000
2	0.00000
3	0.00000
4	0.00794
5	0.03292
6	0.08220
7	0.14156
8	0.16784
9	0.18541
10	0.25465
11	0.24015
12	0.23606
13	0.25956
14	0.27319
15	0.25351
16	0.24424
17	0.31741
18	0.38438
19	0.45779
20	0.56310
21	0.51118
22	0.47754
23	0.48366
24	0.49253
25	0.43533
26	0.45981
27	0.50774
28	0.44536
29	0.44493
30	0.56231
31	0.51992
32	0.50361
33	0.49012
34	0.43668
35	0.39268
36	0.39244
37	0.44577
38	0.39757
39	0.38325
40	0.39724
41	0.37408
42	0.34294
43	0.31292
44	0.30532
45	0.30066
46	0.29144
47	0.26564
48	0.28945
49	0.27717
50	0.26527
51	0.22793
52	0.21027
53	0.19886
54	0.18075
55	0.15661
56	0.14206
57	0.13736
58	0.14870
59	0.14992
60	0.14775
61	0.14834
62	0.15269
63	0.15329
64	0.13731
65	0.13249
66	0.13030
67	0.12357
68	0.11616
69	0.10092
70	0.09004
71	0.08711
72	0.07956
73	0.07395
74	0.06867
75	0.07165
76	0.07390
77	0.06812
78	0.06373
79	0.05567
80	0.05372
81	0.05156
82	0.05003
83	0.04546
84	0.04453
85	0.04636
86	0.04865
87	0.04592
88	0.04496
89	0.04657
90	0.04220
91	0.03995
92	0.03948
93	0.03670
94	0.03330
95	0.03153
96	0.03157
97	0.03002
98	0.02762
99	0.02851
100	0.02672
101	0.02606
102	0.02285
103	0.01777
104	0.02015
105	0.02050
106	0.01885
107	0.01659
108	0.01874
109	0.01985
110	0.01876
111	0.01734
112	0.01529
113	0.01641
114	0.01755
115	0.01504
116	0.01270
117	0.01146
118	0.01148
119	0.01211
120	0.00867
121	0.00727
122	0.00788
123	0.00675
124	0.00693
125	0.00877
126	0.00810
127	0.00955
128	0.01243
129	0.01187
130	0.01291
131	0.01261
132	0.01222
133	0.01310
134	0.01084
135	0.00641
136	0.00572
137	0.00587
138	0.00519
139	0.00434
140	0.00601
141	0.00621
142	0.00520
143	0.00593
144	0.00688
145	0.00647
146	0.00614
147	0.00436
148	0.00465
149	0.00420
150	0.00424
151	0.00302
152	0.00305
153	0.00272
154	0.00203
155	0.00154
156	0.00154
157	0.00129
158	0.00066
159	0.00067
160	0.00069
161	0.00062
162	0.00126
163	0.00126
164	0.00173
165	0.00167
166	0.00273
167	0.00221
168	0.00241
169	0.00214
170	0.00296
171	0.00263
172	0.00263
173	0.00213
174	0.00213
175	0.00126
176	0.00105
177	0.00000
178	0.00000
179	0.00022
