0	0.00000
1	0.00000
2	0.00000
3	0.05868
4	0.32058
5	0.68433
6	0.89618
7	1.10026
8	1.28624
9	1.41005
10	1.48406
11	1.35105
12	1.21245
13	1.01156
14	0.84185
15	0.67590
16	0.50620
17	0.38727
18	0.29439
19	0.21894
20	0.17177
21	0.13382
22	0.10512
23	0.08657
24	0.06550
25	0.05601
26	0.04634
27	0.03825
28	0.03422
29	0.02930
30	0.02420
31	0.02129
32	0.01653
33	0.01431
34	0.01292
35	0.00918
36	0.00573
37	0.00433
38	0.00315
39	0.00362
40	0.00149
41	0.00094
42	0.00065
43	0.00044
44	0.00015
45	0.00004
46	0.00000
47	0.00000
48	0.00000
49	0.00000
50	0.00000
51	0.00000
52	0.00000
53	0.00000
54	0.00000
55	0.00000
56	0.00000
57	0.00000
58	0.00000
59	0.00000
60	0.00000
61	0.00000
62	0.00000
63	0.00000
64	0.00000
65	0.00000
66	0.00000
67	0.00000
68	0.00000
69	0.00000
70	0.00000
71	0.00000
72	0.00000
73	0.00000
74	0.00000
75	0.00000
76	0.00000
77	0.00000
78	0.00000
79	0.00000
80	0.00000
81	0.00000
82	0.00000
83	0.00000
84	0.00000
85	0.00000
86	0.00000
87	0.00000
88	0.00000
89	0.00000
90	0.00000
91	0.00000
92	0.00000
93	0.00000
94	0.00000
95	0.00000
96	0.00000
97	0.00000
98	0.00000
99	0.00000
