0	0.01000
1	0.01300
2	0.01500
3	0.02200
4	0.02500
5	0.03100
6	0.04100
7	0.05100
8	0.07400
9	0.09700
10	0.12500
11	0.17700
12	0.23700
13	0.31800
14	0.40400
15	0.50200
16	0.57700
17	0.65100
18	0.70400
19	0.75200
20	0.79600
21	0.82600
22	0.85400
23	0.87200
24	0.88100
25	0.88900
26	0.89600
27	0.90000
28	0.90400
29	0.90700
30	0.91100
31	0.91200
32	0.91400
33	0.91500
34	0.91800
35	0.91900
36	0.92000
37	0.92100
38	0.92300
39	0.92300
40	0.92300
41	0.92500
42	0.92600
43	0.92600
44	0.92600
45	0.92700
46	0.92700
47	0.92700
48	0.92700
49	0.92700
50	0.92700
51	0.92700
52	0.92800
53	0.92800
54	0.92800
55	0.92800
56	0.92800
57	0.92800
58	0.92800
59	0.92800
60	0.92800
61	0.92800
62	0.92800
63	0.92800
64	0.92800
65	0.92800
66	0.92800
67	0.92800
68	0.92800
69	0.92800
70	0.92900
71	0.92900
72	0.92900
73	0.93000
74	0.93100
75	0.93100
76	0.93100
77	0.93100
78	0.93100
79	0.93100
80	0.93100
81	0.93100
82	0.93100
83	0.93100
84	0.93100
85	0.93100
86	0.93100
87	0.93100
88	0.93100
89	0.93100
90	0.93100
91	0.93100
92	0.93100
93	0.93100
94	0.93100
95	0.93100
96	0.93100
97	0.93100
98	0.93100
99	0.93100
100	0.93100
101	0.93100
102	0.93100
103	0.93100
104	0.93100
105	0.93100
106	0.93100
107	0.93100
108	0.93100
109	0.93100
110	0.93100
111	0.93100
112	0.93100
113	0.93100
114	0.93100
115	0.93100
116	0.93100
117	0.93100
118	0.93100
119	0.93100
120	0.93100
121	0.93100
122	0.93100
123	0.93100
124	0.93100
125	0.93100
126	0.93100
127	0.93100
128	0.93100
129	0.93100
130	0.93100
131	0.93100
132	0.93100
133	0.93100
134	0.93100
135	0.93100
136	0.93100
137	0.93100
138	0.93100
139	0.93100
140	0.93100
141	0.93100
142	0.93100
143	0.93100
144	0.93100
145	0.93100
146	0.93100
147	0.93100
148	0.93100
149	0.93100
150	0.93200
151	0.93200
152	0.93200
153	0.93200
154	0.93200
155	0.93200
156	0.93200
157	0.93200
158	0.93200
159	0.93200
160	0.93200
161	0.93200
162	0.93200
163	0.93200
164	0.93200
165	0.93200
166	0.93200
167	0.93200
168	0.93200
169	0.93200
170	0.93200
171	0.93200
172	0.93200
173	0.93200
174	0.93200
175	0.93200
176	0.93200
177	0.93200
178	0.93200
179	0.93200
180	0.93200
181	0.93200
182	0.93200
183	0.93200
184	0.93200
185	0.93200
186	0.93200
187	0.93200
188	0.93200
189	0.93200
190	0.93200
191	0.93200
192	0.93200
193	0.93200
194	0.93200
195	0.93200
196	0.93200
197	0.93200
198	0.93200
199	0.93200
