0	0.00000
1	0.00000
2	0.00000
3	0.10244
4	0.17566
5	0.48822
6	0.59584
7	0.77019
8	1.02171
9	1.17156
10	1.59256
11	1.73797
12	1.82545
13	2.14568
14	2.32043
15	2.50036
16	2.52464
17	2.51598
18	2.31472
19	2.16435
20	1.98554
21	1.83000
22	1.69578
23	1.52291
24	1.40350
25	1.29262
26	1.18587
27	1.09769
28	1.01585
29	0.94457
30	0.89832
31	0.84349
32	0.79196
33	0.75193
34	0.71444
35	0.67956
36	0.64751
37	0.62357
38	0.60141
39	0.57970
40	0.55506
41	0.54030
42	0.52291
43	0.50235
44	0.48560
45	0.47569
46	0.46135
47	0.44794
48	0.43524
49	0.42279
50	0.41231
51	0.39974
52	0.39136
53	0.38165
54	0.37455
55	0.36518
56	0.35778
57	0.34823
58	0.34169
59	0.33387
60	0.32783
61	0.32170
62	0.31560
63	0.30832
64	0.30336
65	0.29781
66	0.29292
67	0.28712
68	0.28250
69	0.27873
70	0.27131
71	0.26714
72	0.26327
73	0.24847
74	0.24090
75	0.23586
76	0.23310
77	0.22960
78	0.22698
79	0.22271
80	0.21846
81	0.21531
82	0.21258
83	0.20973
84	0.20741
85	0.20352
86	0.20098
87	0.19746
88	0.19569
89	0.19339
90	0.19124
91	0.18867
92	0.18641
93	0.18336
94	0.18203
95	0.17954
96	0.17700
97	0.17450
98	0.17287
99	0.17124
100	0.16828
101	0.16762
102	0.16571
103	0.16415
104	0.16180
105	0.16019
106	0.15856
107	0.15790
108	0.15572
109	0.15420
110	0.15208
111	0.15080
112	0.14855
113	0.14725
114	0.14592
115	0.14476
116	0.14377
117	0.14268
118	0.14134
119	0.13920
120	0.13807
121	0.13714
122	0.13610
123	0.13479
124	0.13405
125	0.13340
126	0.13147
127	0.13049
128	0.12937
129	0.12793
130	0.12714
131	0.12658
132	0.12563
133	0.12459
134	0.12396
135	0.12155
136	0.12059
137	0.12022
138	0.11957
139	0.11864
140	0.11742
141	0.11698
142	0.11618
143	0.11520
144	0.11428
145	0.11364
146	0.11253
147	0.11231
148	0.11117
149	0.11005
150	0.10643
151	0.10587
152	0.10488
153	0.10382
154	0.10300
155	0.10201
156	0.10153
157	0.10069
158	0.10055
159	0.10033
160	0.09945
161	0.09863
162	0.09815
163	0.09738
164	0.09716
165	0.09695
166	0.09630
167	0.09521
168	0.09500
169	0.09333
170	0.09278
171	0.09215
172	0.09175
173	0.09098
174	0.09044
175	0.09008
176	0.08968
177	0.08959
178	0.08920
179	0.08875
180	0.08795
181	0.08795
182	0.08770
183	0.08726
184	0.08706
185	0.08653
186	0.08567
187	0.08485
188	0.08412
189	0.08255
190	0.08212
191	0.08158
192	0.08110
193	0.08090
194	0.08090
195	0.08060
196	0.08060
197	0.07966
198	0.07946
199	0.07848
