0	0.00000
1	0.00200
2	0.00300
3	0.00400
4	0.00950
5	0.01250
6	0.03450
7	0.04450
8	0.04850
9	0.05400
10	0.06350
11	0.06150
12	0.05200
13	0.05300
14	0.04050
15	0.03250
16	0.03550
17	0.02750
18	0.02150
19	0.01200
20	0.01100
21	0.01300
22	0.00850
23	0.00600
24	0.00650
25	0.00600
26	0.00350
27	0.00300
28	0.00050
29	0.00150
30	0.00300
31	0.00200
32	0.00200
33	0.00300
34	0.00100
35	0.00050
36	0.00050
37	0.00100
38	0.00000
39	0.00000
40	0.00000
41	0.00000
42	0.00050
43	0.00000
44	0.00000
45	0.00000
46	0.00050
47	0.00000
48	0.00000
49	0.00050
50	0.00000
51	0.00050
52	0.00000
53	0.00000
54	0.00000
55	0.00000
56	0.00000
57	0.00000
58	0.00000
59	0.00000
60	0.00000
61	0.00000
62	0.00000
63	0.00050
64	0.00000
65	0.00000
66	0.00000
67	0.00000
68	0.00000
69	0.00000
70	0.00000
71	0.00000
72	0.00000
73	0.00000
74	0.00000
75	0.00000
76	0.00000
77	0.00000
78	0.00000
79	0.00000
80	0.00000
81	0.00000
82	0.00000
83	0.00000
84	0.00000
85	0.00000
86	0.00000
87	0.00000
88	0.00000
89	0.00000
90	0.00000
91	0.00000
92	0.00000
93	0.00000
94	0.00000
95	0.00000
96	0.00000
97	0.00000
98	0.00000
99	0.00000
