0	0.00500
1	0.00700
2	0.01000
3	0.01400
4	0.02350
5	0.03600
6	0.07050
7	0.11500
8	0.16350
9	0.21750
10	0.28100
11	0.34250
12	0.39450
13	0.44750
14	0.48800
15	0.52050
16	0.55600
17	0.58350
18	0.60500
19	0.61700
20	0.62800
21	0.64100
22	0.64950
23	0.65550
24	0.66200
25	0.66800
26	0.67150
27	0.67450
28	0.67500
29	0.67650
30	0.67950
31	0.68150
32	0.68350
33	0.68650
34	0.68750
35	0.68800
36	0.68850
37	0.68950
38	0.68950
39	0.68950
40	0.68950
41	0.68950
42	0.69000
43	0.69000
44	0.69000
45	0.69000
46	0.69050
47	0.69050
48	0.69050
49	0.69100
50	0.69100
51	0.69150
52	0.69150
53	0.69150
54	0.69150
55	0.69150
56	0.69150
57	0.69150
58	0.69150
59	0.69150
60	0.69150
61	0.69150
62	0.69150
63	0.69200
64	0.69200
65	0.69200
66	0.69200
67	0.69200
68	0.69200
69	0.69200
70	0.69200
71	0.69200
72	0.69200
73	0.69200
74	0.69200
75	0.69200
76	0.69200
77	0.69200
78	0.69200
79	0.69200
80	0.69200
81	0.69200
82	0.69200
83	0.69200
84	0.69200
85	0.69200
86	0.69200
87	0.69200
88	0.69200
89	0.69200
90	0.69200
91	0.69200
92	0.69200
93	0.69200
94	0.69200
95	0.69200
96	0.69200
97	0.69200
98	0.69200
99	0.69200
