0	0.00500
1	0.00700
2	0.00900
3	0.01450
4	0.02450
5	0.03950
6	0.07200
7	0.12900
8	0.21800
9	0.31000
10	0.43050
11	0.54400
12	0.64100
13	0.71700
14	0.77600
15	0.81950
16	0.84950
17	0.87350
18	0.89150
19	0.91000
20	0.91950
21	0.92800
22	0.93000
23	0.93350
24	0.93700
25	0.93950
26	0.94000
27	0.94100
28	0.94150
29	0.94150
30	0.94150
31	0.94300
32	0.94300
33	0.94300
34	0.94350
35	0.94350
36	0.94350
37	0.94350
38	0.94350
39	0.94350
40	0.94350
41	0.94350
42	0.94350
43	0.94350
44	0.94350
45	0.94350
46	0.94350
47	0.94350
48	0.94350
49	0.94350
50	0.94350
51	0.94350
52	0.94350
53	0.94350
54	0.94350
55	0.94350
56	0.94350
57	0.94350
58	0.94350
59	0.94350
60	0.94350
61	0.94350
62	0.94350
63	0.94350
64	0.94350
65	0.94350
66	0.94350
67	0.94350
68	0.94350
69	0.94350
70	0.94350
71	0.94350
72	0.94350
73	0.94350
74	0.94350
75	0.94350
76	0.94350
77	0.94350
78	0.94350
79	0.94350
80	0.94350
81	0.94350
82	0.94350
83	0.94350
84	0.94350
85	0.94350
86	0.94350
87	0.94350
88	0.94350
89	0.94350
90	0.94350
91	0.94350
92	0.94350
93	0.94350
94	0.94350
95	0.94350
96	0.94350
97	0.94350
98	0.94350
99	0.94350
