0	0.00000
1	0.00000
2	0.00000
3	0.61648
4	0.68146
5	0.79982
6	0.95995
7	1.15978
8	1.17354
9	1.41445
10	1.54864
11	1.74817
12	2.09783
13	2.07939
14	2.29020
15	2.52810
16	2.43032
17	2.30375
18	2.16128
19	1.98266
20	1.82400
21	1.69056
22	1.55714
23	1.44455
24	1.33468
25	1.22739
26	1.13883
27	1.05027
28	0.97479
29	0.92309
30	0.86775
31	0.81150
32	0.76562
33	0.72964
34	0.69615
35	0.65997
36	0.62842
37	0.59976
38	0.57427
39	0.54815
40	0.52779
41	0.50931
42	0.49002
43	0.47315
44	0.45610
45	0.44291
46	0.42767
47	0.41424
48	0.40271
49	0.38896
50	0.38015
51	0.36765
52	0.35895
53	0.34874
54	0.34062
55	0.33044
56	0.32514
57	0.31529
58	0.30900
59	0.30772
60	0.30028
61	0.29437
62	0.28796
63	0.28271
64	0.27592
65	0.27198
66	0.26553
67	0.26044
68	0.25646
69	0.25127
70	0.24652
71	0.24263
72	0.23855
73	0.23428
74	0.23054
75	0.22766
76	0.22213
77	0.21910
78	0.21631
79	0.21289
80	0.20956
81	0.20600
82	0.20252
83	0.20042
84	0.19683
85	0.19478
86	0.19178
87	0.18865
88	0.18699
89	0.18467
90	0.18168
91	0.17994
92	0.17712
93	0.17453
94	0.17250
95	0.17104
96	0.16867
97	0.16681
98	0.16510
99	0.16350
100	0.16162
101	0.15886
102	0.15701
103	0.15474
104	0.15307
105	0.15296
106	0.15186
107	0.14921
108	0.14814
109	0.14573
110	0.14357
111	0.14306
112	0.14197
113	0.14018
114	0.13950
115	0.13743
116	0.13640
117	0.13531
118	0.13363
119	0.13127
120	0.13076
121	0.13007
122	0.12921
123	0.12792
124	0.12668
125	0.12554
126	0.12448
127	0.12331
128	0.12240
129	0.12149
130	0.11994
131	0.11878
132	0.11805
133	0.11715
134	0.11622
135	0.11490
136	0.11426
137	0.11312
138	0.11187
139	0.11128
140	0.11096
141	0.11003
142	0.10967
143	0.10953
144	0.10896
145	0.10751
146	0.10642
147	0.10576
148	0.10482
149	0.10373
150	0.10233
151	0.10150
152	0.10058
153	0.10034
154	0.10003
155	0.09957
156	0.09909
157	0.09796
158	0.09714
159	0.09700
160	0.09651
161	0.09605
162	0.09514
163	0.09447
164	0.09428
165	0.09335
166	0.09258
167	0.09141
168	0.09116
169	0.09073
170	0.09034
171	0.08946
172	0.08916
173	0.08899
174	0.08899
175	0.08852
176	0.08772
177	0.08675
178	0.08652
179	0.08586
180	0.08485
181	0.08456
182	0.08436
183	0.08329
184	0.08303
185	0.08185
186	0.08136
187	0.08136
188	0.08097
189	0.08055
190	0.08026
191	0.07971
192	0.07971
193	0.07937
194	0.07879
195	0.07778
196	0.07764
197	0.07744
198	0.07689
199	0.07689
