0	0.00000
1	0.00000
2	0.00000
3	0.12247
4	0.28376
5	0.46893
6	0.73358
7	1.10583
8	1.17606
9	1.35444
10	1.51815
11	1.72909
12	2.07496
13	2.07647
14	2.29133
15	2.45623
16	2.35979
17	2.25186
18	2.12352
19	1.94475
20	1.75155
21	1.65594
22	1.54420
23	1.40238
24	1.30059
25	1.20027
26	1.11853
27	1.01911
28	0.93208
29	0.90073
30	0.84278
31	0.78584
32	0.74380
33	0.71334
34	0.68547
35	0.64179
36	0.61415
37	0.58660
38	0.56497
39	0.53914
40	0.52374
41	0.50989
42	0.49773
43	0.48250
44	0.46707
45	0.45297
46	0.43586
47	0.42515
48	0.41416
49	0.40018
50	0.39197
51	0.38065
52	0.37244
53	0.35914
54	0.35183
55	0.34182
56	0.33687
57	0.32810
58	0.32160
59	0.32041
60	0.31371
61	0.30756
62	0.30217
63	0.29741
64	0.29055
65	0.28692
66	0.28086
67	0.27582
68	0.27148
69	0.26732
70	0.26326
71	0.25886
72	0.25573
73	0.25141
74	0.24789
75	0.24629
76	0.24147
77	0.23884
78	0.23558
79	0.23266
80	0.22921
81	0.22571
82	0.22286
83	0.22047
84	0.21744
85	0.21297
86	0.21023
87	0.20678
88	0.20511
89	0.20292
90	0.20045
91	0.19813
92	0.19545
93	0.19304
94	0.19125
95	0.18981
96	0.18755
97	0.18539
98	0.18395
99	0.18198
100	0.18063
101	0.17818
102	0.17642
103	0.17375
104	0.17183
105	0.17161
106	0.17038
107	0.16798
108	0.16662
109	0.16461
110	0.16292
111	0.16243
112	0.16123
113	0.15932
114	0.15856
115	0.15634
116	0.15549
117	0.15457
118	0.15312
119	0.15155
120	0.15069
121	0.14952
122	0.14859
123	0.14725
124	0.14583
125	0.14475
126	0.14358
127	0.14278
128	0.14180
129	0.14107
130	0.13993
131	0.13856
132	0.13780
133	0.13704
134	0.13605
135	0.13430
136	0.13360
137	0.13246
138	0.13137
139	0.13078
140	0.13046
141	0.12958
142	0.12915
143	0.12884
144	0.12822
145	0.12713
146	0.12634
147	0.12560
148	0.12479
149	0.12384
150	0.12277
151	0.12200
152	0.12095
153	0.12054
154	0.12001
155	0.11930
156	0.11881
157	0.11767
158	0.11714
159	0.11689
160	0.11651
161	0.11579
162	0.11512
163	0.11444
164	0.11422
165	0.11363
166	0.11310
167	0.11194
168	0.11173
169	0.11074
170	0.11045
171	0.10948
172	0.10903
173	0.10880
174	0.10880
175	0.10849
176	0.10793
177	0.10681
178	0.10662
179	0.10599
180	0.10491
181	0.10454
182	0.10404
183	0.10318
184	0.10308
185	0.10218
186	0.10172
187	0.10172
188	0.10099
189	0.10066
190	0.10042
191	0.09987
192	0.09987
193	0.09938
194	0.09866
195	0.09801
196	0.09779
197	0.09759
198	0.09709
199	0.09709
