0	0.00500
1	0.01600
2	0.03900
3	0.10700
4	0.25900
5	0.53100
6	0.75650
7	0.86750
8	0.89700
9	0.90400
10	0.90500
11	0.90500
12	0.90500
13	0.90500
14	0.90500
15	0.90500
16	0.90500
17	0.90500
18	0.90500
19	0.90500
20	0.90500
21	0.90500
22	0.90500
23	0.90500
24	0.90500
25	0.90500
26	0.90500
27	0.90500
28	0.90500
29	0.90500
30	0.90500
31	0.90500
32	0.90500
33	0.90500
34	0.90500
35	0.90500
36	0.90500
37	0.90500
38	0.90500
39	0.90500
40	0.90500
41	0.90500
42	0.90500
43	0.90500
44	0.90500
45	0.90500
46	0.90500
47	0.90500
48	0.90500
49	0.90500
50	0.90500
51	0.90500
52	0.90500
53	0.90500
54	0.90500
55	0.90500
56	0.90500
57	0.90500
58	0.90500
59	0.90500
60	0.90500
61	0.90500
62	0.90500
63	0.90500
64	0.90500
65	0.90500
66	0.90500
67	0.90500
68	0.90500
69	0.90500
70	0.90500
71	0.90500
72	0.90500
73	0.90500
74	0.90500
75	0.90500
76	0.90500
77	0.90500
78	0.90500
79	0.90500
80	0.90500
81	0.90500
82	0.90500
83	0.90500
84	0.90500
85	0.90500
86	0.90500
87	0.90500
88	0.90500
89	0.90500
90	0.90500
91	0.90500
92	0.90500
93	0.90500
94	0.90500
95	0.90500
96	0.90500
97	0.90500
98	0.90500
99	0.90500
100	0.90500
101	0.90500
102	0.90500
103	0.90500
104	0.90500
105	0.90500
106	0.90500
107	0.90500
108	0.90500
109	0.90500
110	0.90500
111	0.90500
112	0.90500
113	0.90500
114	0.90500
115	0.90500
116	0.90500
117	0.90500
118	0.90500
119	0.90500
120	0.90500
121	0.90500
122	0.90500
123	0.90500
124	0.90500
125	0.90500
126	0.90500
127	0.90500
128	0.90500
129	0.90500
130	0.90500
131	0.90500
132	0.90500
133	0.90500
134	0.90500
135	0.90500
136	0.90500
137	0.90500
138	0.90500
139	0.90500
140	0.90500
141	0.90500
142	0.90500
143	0.90500
144	0.90500
145	0.90500
146	0.90500
147	0.90500
148	0.90500
149	0.90500
