0	0.00500
1	0.00900
2	0.01550
3	0.02650
4	0.04300
5	0.07500
6	0.12300
7	0.19700
8	0.29500
9	0.40500
10	0.50300
11	0.58900
12	0.65950
13	0.72300
14	0.76600
15	0.79900
16	0.82450
17	0.84350
18	0.85400
19	0.86000
20	0.86950
21	0.87450
22	0.87750
23	0.88000
24	0.88200
25	0.88350
26	0.88600
27	0.88850
28	0.89000
29	0.89000
30	0.89050
31	0.89050
32	0.89100
33	0.89100
34	0.89100
35	0.89100
36	0.89150
37	0.89150
38	0.89150
39	0.89150
40	0.89150
41	0.89150
42	0.89150
43	0.89150
44	0.89150
45	0.89150
46	0.89150
47	0.89150
48	0.89150
49	0.89150
50	0.89150
51	0.89150
52	0.89150
53	0.89150
54	0.89150
55	0.89150
56	0.89150
57	0.89150
58	0.89150
59	0.89150
60	0.89150
61	0.89150
62	0.89150
63	0.89150
64	0.89150
65	0.89150
66	0.89150
67	0.89150
68	0.89150
69	0.89150
70	0.89150
71	0.89150
72	0.89150
73	0.89150
74	0.89150
75	0.89150
76	0.89150
77	0.89150
78	0.89150
79	0.89150
80	0.89150
81	0.89150
82	0.89150
83	0.89150
84	0.89150
85	0.89150
86	0.89150
87	0.89150
88	0.89150
89	0.89150
90	0.89150
91	0.89150
92	0.89150
93	0.89150
94	0.89150
95	0.89150
96	0.89150
97	0.89150
98	0.89150
99	0.89150
