0	0	0	0	0	0	
1	745	0	0	0	0	
2	738	0	0	0	0	
3	727	0	0	0	0	
4	712	0	0	0	0	
5	687	0	0	0	0	
6	635	7	0	0	0	
7	508	77	2	0	0	
8	243	220	48	1	0	
9	141	106	165	37	0	
10	96	72	79	114	32	
11	78	47	61	62	103	
12	59	43	54	57	107	
13	47	38	49	54	107	
14	36	33	49	54	104	
15	26	29	47	54	104	
16	15	26	46	54	104	
17	11	23	45	54	103	
18	6	21	45	54	103	
19	5	21	45	54	103	
20	4	20	45	53	103	
21	4	19	44	52	103	
22	3	19	44	52	103	
23	3	19	44	52	103	
24	3	18	44	52	103	
25	3	18	44	52	103	
26	2	18	44	52	103	
27	1	17	44	52	103	
28	1	17	44	52	103	
29	1	17	44	52	103	
30	1	17	44	52	103	
31	1	17	44	52	103	
32	1	17	44	52	103	
33	1	17	44	52	103	
34	1	17	44	52	103	
35	1	17	44	52	103	
36	1	17	44	52	103	
37	1	17	44	52	103	
38	1	17	44	52	103	
39	1	17	44	52	103	
40	1	17	44	52	103	
41	1	17	44	52	103	
42	1	17	44	52	103	
43	1	17	44	52	103	
44	1	17	44	52	103	
45	1	17	44	52	103	
46	1	17	44	52	103	
47	1	17	44	52	103	
48	1	17	44	52	103	
49	1	17	44	52	103	
50	1	17	44	52	103	
51	1	17	44	52	103	
52	1	17	44	52	103	
53	1	17	44	52	103	
54	1	17	44	52	103	
55	1	17	44	52	103	
56	1	17	44	52	103	
57	1	17	44	52	103	
58	1	17	44	52	103	
59	1	17	44	52	103	
60	1	17	44	52	103	
61	1	17	44	52	103	
62	1	17	44	52	103	
63	1	17	44	52	103	
64	1	17	44	52	103	
65	1	17	44	52	103	
66	1	17	44	52	103	
67	1	17	44	52	103	
68	1	17	44	52	103	
69	1	17	44	52	103	
70	1	17	44	52	103	
71	1	17	44	52	103	
72	1	17	44	52	103	
73	1	17	44	52	103	
74	1	17	44	52	103	
75	1	17	44	52	103	
76	1	17	44	52	103	
77	1	17	44	52	103	
78	1	17	44	52	103	
79	1	17	44	52	103	
80	1	17	44	52	103	
81	1	17	44	52	103	
82	1	17	44	52	103	
83	1	17	44	52	103	
84	1	17	44	52	103	
85	1	17	44	52	103	
86	1	17	44	52	103	
87	1	17	44	52	103	
88	1	17	44	52	103	
89	1	17	44	52	103	
90	1	17	44	52	103	
91	1	17	44	52	103	
92	1	17	44	52	103	
93	1	17	44	52	103	
94	1	17	44	52	103	
95	1	17	44	52	103	
96	1	17	44	52	103	
97	1	17	44	52	103	
98	1	17	44	52	103	
99	1	17	44	52	103	
