0	0.00000
1	0.00050
2	0.00200
3	0.00100
4	0.00250
5	0.00150
6	0.00350
7	0.00150
8	0.00100
9	0.00350
10	0.00350
11	0.00300
12	0.00450
13	0.00700
14	0.00350
15	0.00600
16	0.00800
17	0.00950
18	0.00850
19	0.01000
20	0.00750
21	0.01150
22	0.01450
23	0.01150
24	0.01750
25	0.01700
26	0.01950
27	0.01850
28	0.01750
29	0.03000
30	0.02350
31	0.02700
32	0.03050
33	0.02150
34	0.02150
35	0.03300
36	0.02550
37	0.02700
38	0.01650
39	0.02850
40	0.02150
41	0.02100
42	0.02300
43	0.02450
44	0.01650
45	0.01600
46	0.01600
47	0.01300
48	0.01100
49	0.01000
50	0.01500
51	0.00950
52	0.00850
53	0.00350
54	0.00650
55	0.00500
56	0.00300
57	0.00600
58	0.00650
59	0.00200
60	0.00150
61	0.00350
62	0.00150
63	0.00250
64	0.00100
65	0.00300
66	0.00000
67	0.00000
68	0.00150
69	0.00100
70	0.00300
71	0.00000
72	0.00050
73	0.00050
74	0.00100
75	0.00000
76	0.00050
77	0.00000
78	0.00050
79	0.00000
80	0.00050
81	0.00050
82	0.00000
83	0.00000
84	0.00000
85	0.00000
86	0.00000
87	0.00000
88	0.00000
89	0.00000
90	0.00000
91	0.00000
92	0.00000
93	0.00000
94	0.00000
95	0.00000
96	0.00000
97	0.00000
98	0.00000
99	0.00000
