0	0.00500
1	0.00550
2	0.00750
3	0.00850
4	0.01100
5	0.01250
6	0.01600
7	0.01750
8	0.01850
9	0.02200
10	0.02550
11	0.02850
12	0.03300
13	0.04000
14	0.04350
15	0.04950
16	0.05750
17	0.06700
18	0.07550
19	0.08550
20	0.09300
21	0.10450
22	0.11900
23	0.13050
24	0.14800
25	0.16500
26	0.18450
27	0.20300
28	0.22050
29	0.25050
30	0.27400
31	0.30100
32	0.33150
33	0.35300
34	0.37450
35	0.40750
36	0.43300
37	0.46000
38	0.47650
39	0.50500
40	0.52650
41	0.54750
42	0.57050
43	0.59500
44	0.61150
45	0.62750
46	0.64350
47	0.65650
48	0.66750
49	0.67750
50	0.69250
51	0.70200
52	0.71050
53	0.71400
54	0.72050
55	0.72550
56	0.72850
57	0.73450
58	0.74100
59	0.74300
60	0.74450
61	0.74800
62	0.74950
63	0.75200
64	0.75300
65	0.75600
66	0.75600
67	0.75600
68	0.75750
69	0.75850
70	0.76150
71	0.76150
72	0.76200
73	0.76250
74	0.76350
75	0.76350
76	0.76400
77	0.76400
78	0.76450
79	0.76450
80	0.76500
81	0.76550
82	0.76550
83	0.76550
84	0.76550
85	0.76550
86	0.76550
87	0.76550
88	0.76550
89	0.76550
90	0.76550
91	0.76550
92	0.76550
93	0.76550
94	0.76550
95	0.76550
96	0.76550
97	0.76550
98	0.76550
99	0.76550
