0	0.00000
1	0.00000
2	0.00000
3	0.10000
4	0.25000
5	0.30769
6	0.46667
7	0.56250
8	0.77778
9	0.75000
10	0.54167
11	0.57143
12	0.59375
13	0.54054
14	0.53488
15	0.60000
16	0.52632
17	0.52308
18	0.55405
19	0.55814
20	0.54082
21	0.52679
22	0.46457
23	0.45139
24	0.46914
25	0.42623
26	0.44390
27	0.43478
28	0.43580
29	0.41958
30	0.38679
31	0.41127
32	0.39086
33	0.38073
34	0.37552
35	0.33459
36	0.29809
37	0.29777
38	0.27166
39	0.25512
40	0.21556
41	0.20958
42	0.19118
43	0.17489
44	0.16310
45	0.15759
46	0.13979
47	0.12556
48	0.11332
49	0.09966
50	0.08625
51	0.07369
52	0.07198
53	0.06444
54	0.05729
55	0.04539
56	0.04043
57	0.03495
58	0.02823
59	0.02584
60	0.02632
61	0.02201
62	0.01847
63	0.01700
64	0.01421
65	0.01279
66	0.01006
67	0.01070
68	0.00800
69	0.00599
70	0.00531
71	0.00530
72	0.00728
73	0.00528
74	0.00461
75	0.00461
76	0.00461
77	0.00329
78	0.00262
79	0.00197
80	0.00197
81	0.00131
82	0.00196
83	0.00196
84	0.00131
85	0.00131
86	0.00065
87	0.00065
88	0.00065
89	0.00065
90	0.00000
91	0.00000
92	0.00000
93	0.00000
94	0.00000
95	0.00000
96	0.00000
97	0.00000
98	0.00000
99	0.00000
