0	0	0	0	0	0	
1	500	0	0	0	0	
2	498	0	0	0	0	
3	498	0	0	0	0	
4	497	0	0	0	0	
5	497	0	0	0	0	
6	0	493	0	0	0	
7	0	0	491	0	0	
8	0	0	0	491	0	
9	0	0	0	0	490	
10	0	0	0	0	490	
11	0	0	0	0	489	
12	0	0	0	0	489	
13	0	0	0	0	488	
14	0	0	0	0	488	
15	0	0	0	0	487	
16	0	0	0	0	487	
17	0	0	0	0	487	
18	0	0	0	0	487	
19	0	0	0	0	487	
20	0	0	0	0	487	
21	0	0	0	0	487	
22	0	0	0	0	487	
23	0	0	0	0	487	
24	0	0	0	0	487	
25	0	0	0	0	487	
26	0	0	0	0	487	
27	0	0	0	0	487	
28	0	0	0	0	487	
29	0	0	0	0	485	
30	0	0	0	0	485	
31	0	0	0	0	484	
32	0	0	0	0	484	
33	0	0	0	0	483	
34	0	0	0	0	482	
35	0	0	0	0	482	
36	0	0	0	0	482	
37	0	0	0	0	481	
38	0	0	0	0	480	
39	0	0	0	0	479	
40	0	0	0	0	475	
41	0	0	0	0	475	
42	0	0	0	0	473	
43	0	0	0	0	473	
44	0	0	0	0	472	
45	0	0	0	0	471	
46	0	0	0	0	471	
47	0	0	0	0	471	
48	0	0	0	0	471	
49	0	0	0	0	470	
50	0	0	0	0	469	
51	0	0	0	0	469	
52	0	0	0	0	469	
53	0	0	0	0	469	
54	0	0	0	0	468	
55	0	0	0	0	468	
56	0	0	0	0	468	
57	0	0	0	0	468	
58	0	0	0	0	468	
59	0	0	0	0	468	
60	0	0	0	0	468	
61	0	0	0	0	468	
62	0	0	0	0	468	
63	0	0	0	0	468	
64	0	0	0	0	468	
65	0	0	0	0	468	
66	0	0	0	0	468	
67	0	0	0	0	468	
68	0	0	0	0	468	
69	0	0	0	0	468	
70	0	0	0	0	468	
71	0	0	0	0	468	
72	0	0	0	0	468	
73	0	0	0	0	468	
74	0	0	0	0	468	
75	0	0	0	0	468	
76	0	0	0	0	468	
77	0	0	0	0	468	
78	0	0	0	0	468	
79	0	0	0	0	468	
80	0	0	0	0	468	
81	0	0	0	0	468	
82	0	0	0	0	468	
83	0	0	0	0	468	
84	0	0	0	0	468	
85	0	0	0	0	468	
86	0	0	0	0	468	
87	0	0	0	0	468	
88	0	0	0	0	468	
89	0	0	0	0	468	
90	0	0	0	0	468	
91	0	0	0	0	468	
92	0	0	0	0	468	
93	0	0	0	0	468	
94	0	0	0	0	468	
95	0	0	0	0	468	
96	0	0	0	0	468	
97	0	0	0	0	468	
98	0	0	0	0	468	
99	0	0	0	0	468	
