0	0.00500
1	0.01050
2	0.02050
3	0.03850
4	0.06700
5	0.11150
6	0.17400
7	0.26200
8	0.35300
9	0.43350
10	0.50950
11	0.57200
12	0.62100
13	0.65850
14	0.68450
15	0.71150
16	0.72800
17	0.74200
18	0.75200
19	0.76000
20	0.76600
21	0.76900
22	0.77200
23	0.77300
24	0.77400
25	0.77450
26	0.77650
27	0.77750
28	0.77800
29	0.77850
30	0.77950
31	0.78050
32	0.78100
33	0.78200
34	0.78250
35	0.78250
36	0.78250
37	0.78250
38	0.78250
39	0.78250
40	0.78250
41	0.78250
42	0.78250
43	0.78250
44	0.78250
45	0.78250
46	0.78250
47	0.78250
48	0.78250
49	0.78250
50	0.78250
51	0.78250
52	0.78250
53	0.78250
54	0.78250
55	0.78250
56	0.78250
57	0.78250
58	0.78250
59	0.78250
60	0.78250
61	0.78250
62	0.78250
63	0.78250
64	0.78250
65	0.78250
66	0.78250
67	0.78250
68	0.78250
69	0.78250
70	0.78250
71	0.78250
72	0.78250
73	0.78250
74	0.78250
75	0.78250
76	0.78250
77	0.78250
78	0.78250
79	0.78300
80	0.78300
81	0.78300
82	0.78300
83	0.78300
84	0.78300
85	0.78300
86	0.78300
87	0.78300
88	0.78300
89	0.78300
90	0.78300
91	0.78300
92	0.78300
93	0.78300
94	0.78300
95	0.78300
96	0.78300
97	0.78300
98	0.78300
99	0.78300
