0	0	0	0	0	0	
1	745	0	0	0	0	
2	729	0	0	0	0	
3	3	675	0	0	0	
4	0	3	567	0	0	
5	0	0	2	463	0	
6	0	0	0	1	424	
7	0	0	0	0	420	
8	0	0	0	0	419	
9	0	0	0	0	418	
10	0	0	0	0	418	
11	0	0	0	0	418	
12	0	0	0	0	418	
13	0	0	0	0	418	
14	0	0	0	0	418	
15	0	0	0	0	418	
16	0	0	0	0	418	
17	0	0	0	0	418	
18	0	0	0	0	418	
19	0	0	0	0	418	
20	0	0	0	0	418	
21	0	0	0	0	418	
22	0	0	0	0	418	
23	0	0	0	0	418	
24	0	0	0	0	418	
25	0	0	0	0	418	
26	0	0	0	0	418	
27	0	0	0	0	418	
28	0	0	0	0	418	
29	0	0	0	0	418	
30	0	0	0	0	418	
31	0	0	0	0	418	
32	0	0	0	0	418	
33	0	0	0	0	418	
34	0	0	0	0	418	
35	0	0	0	0	418	
36	0	0	0	0	418	
37	0	0	0	0	418	
38	0	0	0	0	418	
39	0	0	0	0	418	
40	0	0	0	0	418	
41	0	0	0	0	418	
42	0	0	0	0	418	
43	0	0	0	0	418	
44	0	0	0	0	418	
45	0	0	0	0	418	
46	0	0	0	0	418	
47	0	0	0	0	418	
48	0	0	0	0	418	
49	0	0	0	0	418	
50	0	0	0	0	418	
51	0	0	0	0	418	
52	0	0	0	0	418	
53	0	0	0	0	418	
54	0	0	0	0	418	
55	0	0	0	0	418	
56	0	0	0	0	418	
57	0	0	0	0	418	
58	0	0	0	0	418	
59	0	0	0	0	418	
60	0	0	0	0	418	
61	0	0	0	0	418	
62	0	0	0	0	418	
63	0	0	0	0	418	
64	0	0	0	0	418	
65	0	0	0	0	418	
66	0	0	0	0	418	
67	0	0	0	0	418	
68	0	0	0	0	418	
69	0	0	0	0	418	
70	0	0	0	0	418	
71	0	0	0	0	418	
72	0	0	0	0	418	
73	0	0	0	0	418	
74	0	0	0	0	418	
75	0	0	0	0	418	
76	0	0	0	0	418	
77	0	0	0	0	418	
78	0	0	0	0	418	
79	0	0	0	0	418	
80	0	0	0	0	418	
81	0	0	0	0	418	
82	0	0	0	0	418	
83	0	0	0	0	418	
84	0	0	0	0	418	
85	0	0	0	0	418	
86	0	0	0	0	418	
87	0	0	0	0	418	
88	0	0	0	0	418	
89	0	0	0	0	418	
90	0	0	0	0	418	
91	0	0	0	0	418	
92	0	0	0	0	418	
93	0	0	0	0	418	
94	0	0	0	0	418	
95	0	0	0	0	418	
96	0	0	0	0	418	
97	0	0	0	0	418	
98	0	0	0	0	418	
99	0	0	0	0	418	
100	0	0	0	0	418	
101	0	0	0	0	418	
102	0	0	0	0	418	
103	0	0	0	0	418	
104	0	0	0	0	418	
105	0	0	0	0	418	
106	0	0	0	0	418	
107	0	0	0	0	418	
108	0	0	0	0	418	
109	0	0	0	0	418	
110	0	0	0	0	418	
111	0	0	0	0	418	
112	0	0	0	0	418	
113	0	0	0	0	418	
114	0	0	0	0	418	
115	0	0	0	0	418	
116	0	0	0	0	418	
117	0	0	0	0	418	
118	0	0	0	0	418	
119	0	0	0	0	418	
120	0	0	0	0	418	
121	0	0	0	0	418	
122	0	0	0	0	418	
123	0	0	0	0	418	
124	0	0	0	0	418	
125	0	0	0	0	418	
126	0	0	0	0	418	
127	0	0	0	0	418	
128	0	0	0	0	418	
129	0	0	0	0	418	
130	0	0	0	0	418	
131	0	0	0	0	418	
132	0	0	0	0	418	
133	0	0	0	0	418	
134	0	0	0	0	418	
135	0	0	0	0	418	
136	0	0	0	0	418	
137	0	0	0	0	418	
138	0	0	0	0	418	
139	0	0	0	0	418	
140	0	0	0	0	418	
141	0	0	0	0	418	
142	0	0	0	0	418	
143	0	0	0	0	418	
144	0	0	0	0	418	
145	0	0	0	0	418	
146	0	0	0	0	418	
147	0	0	0	0	418	
148	0	0	0	0	418	
149	0	0	0	0	418	
