0	0.00000
1	0.00000
2	0.00000
3	0.00000
4	0.00000
5	0.00000
6	0.00000
7	0.00000
8	0.00000
9	0.00000
10	0.00000
11	0.00000
12	0.00000
13	0.00192
14	0.01886
15	0.01963
16	0.02056
17	0.01087
18	0.02530
19	0.03973
20	0.03793
21	0.03567
22	0.02870
23	0.03308
24	0.02869
25	0.02844
26	0.02891
27	0.03506
28	0.04401
29	0.04357
30	0.03647
31	0.04878
32	0.04875
33	0.05665
34	0.04428
35	0.04494
36	0.03666
37	0.03798
38	0.03284
39	0.03401
40	0.03585
41	0.03796
42	0.04142
43	0.03751
44	0.03994
45	0.03700
46	0.03492
47	0.02705
48	0.02394
49	0.02238
50	0.02120
51	0.01790
52	0.01807
53	0.01580
54	0.01574
55	0.01578
56	0.01464
57	0.01431
58	0.01456
59	0.01321
60	0.01283
61	0.01214
62	0.01245
63	0.01031
64	0.01018
65	0.01022
66	0.00918
67	0.00842
68	0.00852
69	0.00782
70	0.00756
71	0.00685
72	0.00703
73	0.00687
74	0.00643
75	0.00614
76	0.00498
77	0.00445
78	0.00407
79	0.00378
80	0.00361
81	0.00344
82	0.00276
83	0.00276
84	0.00290
85	0.00269
86	0.00160
87	0.00209
88	0.00196
89	0.00162
90	0.00169
91	0.00140
92	0.00147
93	0.00136
94	0.00148
95	0.00117
96	0.00114
97	0.00118
98	0.00116
99	0.00116
100	0.00110
101	0.00115
102	0.00048
103	0.00037
104	0.00018
105	0.00046
106	0.00078
107	0.00081
108	0.00055
109	0.00059
110	0.00080
111	0.00053
112	0.00022
113	0.00018
114	0.00016
115	0.00019
116	0.00000
117	0.00000
118	0.00000
119	0.00000
120	0.00000
121	0.00000
122	0.00000
123	0.00000
124	0.00000
125	0.00000
126	0.00000
127	0.00000
128	0.00000
129	0.00000
130	0.00000
131	0.00000
132	0.00000
133	0.00000
134	0.00000
135	0.00000
136	0.00000
137	0.00000
138	0.00000
139	0.00000
140	0.00000
141	0.00000
142	0.00000
143	0.00000
144	0.00000
145	0.00000
146	0.00000
147	0.00000
148	0.00000
149	0.00000
150	0.00000
151	0.00000
152	0.00000
153	0.00000
154	0.00000
155	0.00000
156	0.00000
157	0.00000
158	0.00000
159	0.00000
160	0.00000
161	0.00000
162	0.00000
163	0.00000
164	0.00000
165	0.00000
166	0.00000
167	0.00000
168	0.00000
169	0.00000
170	0.00000
171	0.00000
172	0.00000
173	0.00000
174	0.00000
175	0.00000
176	0.00000
177	0.00000
178	0.00000
179	0.00000
