0	0.00500
1	0.00850
2	0.01500
3	0.02450
4	0.04000
5	0.06950
6	0.11200
7	0.16150
8	0.20950
9	0.26100
10	0.31900
11	0.37600
12	0.43150
13	0.46850
14	0.50800
15	0.54000
16	0.56800
17	0.59350
18	0.61100
19	0.62600
20	0.63400
21	0.64250
22	0.65150
23	0.65950
24	0.66400
25	0.66750
26	0.66900
27	0.67000
28	0.67250
29	0.67450
30	0.67550
31	0.67700
32	0.67700
33	0.67800
34	0.67800
35	0.67850
36	0.67900
37	0.67900
38	0.67900
39	0.67900
40	0.68000
41	0.68050
42	0.68050
43	0.68100
44	0.68100
45	0.68100
46	0.68100
47	0.68100
48	0.68100
49	0.68100
50	0.68100
51	0.68100
52	0.68100
53	0.68150
54	0.68150
55	0.68150
56	0.68150
57	0.68150
58	0.68150
59	0.68150
60	0.68150
61	0.68150
62	0.68150
63	0.68150
64	0.68150
65	0.68150
66	0.68150
67	0.68150
68	0.68150
69	0.68150
70	0.68150
71	0.68150
72	0.68150
73	0.68150
74	0.68150
75	0.68150
76	0.68150
77	0.68150
78	0.68150
79	0.68150
80	0.68150
81	0.68150
82	0.68150
83	0.68150
84	0.68150
85	0.68150
86	0.68150
87	0.68150
88	0.68150
89	0.68150
90	0.68150
91	0.68150
92	0.68150
93	0.68150
94	0.68150
95	0.68150
96	0.68150
97	0.68150
98	0.68150
99	0.68150
