0	0	0	0	0	0	
1	749	0	0	0	0	
2	747	0	0	0	0	
3	638	105	0	0	0	
4	342	288	104	0	0	
5	143	192	277	98	0	
6	50	93	182	271	98	
7	16	34	88	175	366	
8	6	9	29	86	537	
9	6	0	9	27	621	
10	3	1	1	9	642	
11	2	0	1	2	647	
12	2	0	0	2	645	
13	0	0	0	1	645	
14	0	0	0	1	644	
15	0	0	0	1	643	
16	0	0	0	1	640	
17	0	0	0	1	638	
18	0	0	0	1	637	
19	0	0	0	1	637	
20	0	0	0	1	637	
21	0	0	0	1	636	
22	0	0	0	1	636	
23	0	0	0	1	636	
24	0	0	0	1	636	
25	0	0	0	1	636	
26	0	0	0	1	636	
27	0	0	0	1	636	
28	0	0	0	1	636	
29	0	0	0	1	636	
30	0	0	0	1	636	
31	0	0	0	1	636	
32	0	0	0	1	636	
33	0	0	0	1	636	
34	0	0	0	1	636	
35	0	0	0	1	636	
36	0	0	0	1	636	
37	0	0	0	1	636	
38	0	0	0	1	636	
39	0	0	0	1	636	
40	0	0	0	1	636	
41	0	0	0	1	636	
42	0	0	0	1	636	
43	0	0	0	1	635	
44	0	0	0	1	635	
45	0	0	0	1	635	
46	0	0	0	1	635	
47	0	0	0	1	635	
48	0	0	0	1	635	
49	0	0	0	1	635	
50	0	0	0	1	635	
51	0	0	0	1	635	
52	0	0	0	1	635	
53	0	0	0	1	635	
54	0	0	0	1	635	
55	0	0	0	1	635	
56	0	0	0	1	635	
57	0	0	0	1	635	
58	0	0	0	1	635	
59	0	0	0	1	635	
60	0	0	0	1	635	
61	0	0	0	1	635	
62	0	0	0	1	635	
63	0	0	0	1	635	
64	0	0	0	1	635	
65	0	0	0	1	635	
66	0	0	0	1	635	
67	0	0	0	1	635	
68	0	0	0	1	635	
69	0	0	0	1	635	
70	0	0	0	1	635	
71	0	0	0	1	635	
72	0	0	0	1	635	
73	0	0	0	1	635	
74	0	0	0	1	635	
75	0	0	0	1	635	
76	0	0	0	1	635	
77	0	0	0	1	635	
78	0	0	0	1	635	
79	0	0	0	1	635	
80	0	0	0	1	635	
81	0	0	0	1	635	
82	0	0	0	1	635	
83	0	0	0	1	635	
84	0	0	0	1	635	
85	0	0	0	1	635	
86	0	0	0	1	635	
87	0	0	0	1	635	
88	0	0	0	1	635	
89	0	0	0	1	635	
90	0	0	0	1	635	
91	0	0	0	1	635	
92	0	0	0	1	635	
93	0	0	0	1	635	
94	0	0	0	1	635	
95	0	0	0	1	635	
96	0	0	0	1	635	
97	0	0	0	1	635	
98	0	0	0	1	635	
99	0	0	0	1	635	
