0	0.00000
1	0.00000
2	0.00000
3	0.02526
4	0.11701
5	0.20602
6	0.48157
7	0.89980
8	1.20315
9	1.35576
10	1.47259
11	1.39010
12	1.29225
13	1.08980
14	0.86293
15	0.63972
16	0.48212
17	0.36279
18	0.26475
19	0.19781
20	0.15207
21	0.11656
22	0.09016
23	0.07138
24	0.05237
25	0.04412
26	0.03489
27	0.02804
28	0.02407
29	0.02171
30	0.01727
31	0.01589
32	0.01399
33	0.01251
34	0.00943
35	0.00824
36	0.00577
37	0.00407
38	0.00305
39	0.00160
40	0.00137
41	0.00173
42	0.00155
43	0.00108
44	0.00108
45	0.00097
46	0.00072
47	0.00072
48	0.00036
49	0.00000
50	0.00000
51	0.00000
52	0.00000
53	0.00000
54	0.00000
55	0.00000
56	0.00000
57	0.00000
58	0.00000
59	0.00000
60	0.00000
61	0.00000
62	0.00000
63	0.00000
64	0.00000
65	0.00000
66	0.00000
67	0.00000
68	0.00000
69	0.00000
70	0.00000
71	0.00000
72	0.00000
73	0.00000
74	0.00000
75	0.00000
76	0.00000
77	0.00000
78	0.00000
79	0.00000
80	0.00000
81	0.00000
82	0.00000
83	0.00000
84	0.00000
85	0.00000
86	0.00000
87	0.00000
88	0.00000
89	0.00000
90	0.00000
91	0.00000
92	0.00000
93	0.00000
94	0.00000
95	0.00000
96	0.00000
97	0.00000
98	0.00000
99	0.00000
