0	0.00000
1	0.00000
2	0.00000
3	0.07036
4	0.16595
5	0.41141
6	0.68667
7	0.97385
8	1.23907
9	1.34326
10	1.37432
11	1.31069
12	1.16139
13	0.93238
14	0.74368
15	0.58599
16	0.44036
17	0.33558
18	0.25377
19	0.18963
20	0.14793
21	0.10934
22	0.09275
23	0.07713
24	0.06242
25	0.05159
26	0.04322
27	0.03375
28	0.03082
29	0.02588
30	0.02126
31	0.01807
32	0.01370
33	0.01197
34	0.01174
35	0.00980
36	0.00640
37	0.00494
38	0.00389
39	0.00360
40	0.00344
41	0.00198
42	0.00158
43	0.00112
44	0.00112
45	0.00112
46	0.00065
47	0.00000
48	0.00000
49	0.00000
50	0.00000
51	0.00000
52	0.00000
53	0.00000
54	0.00000
55	0.00000
56	0.00000
57	0.00000
58	0.00000
59	0.00000
60	0.00000
61	0.00000
62	0.00000
63	0.00000
64	0.00000
65	0.00000
66	0.00000
67	0.00000
68	0.00000
69	0.00000
70	0.00000
71	0.00000
72	0.00000
73	0.00000
74	0.00000
75	0.00000
76	0.00000
77	0.00000
78	0.00000
79	0.00000
80	0.00000
81	0.00000
82	0.00000
83	0.00000
84	0.00000
85	0.00000
86	0.00000
87	0.00000
88	0.00000
89	0.00000
90	0.00000
91	0.00000
92	0.00000
93	0.00000
94	0.00000
95	0.00000
96	0.00000
97	0.00000
98	0.00000
99	0.00000
