0	0.00500
1	0.01400
2	0.04450
3	0.11500
4	0.28850
5	0.53400
6	0.71500
7	0.78850
8	0.80600
9	0.80800
10	0.80900
11	0.80900
12	0.80900
13	0.80900
14	0.80900
15	0.80900
16	0.80900
17	0.80900
18	0.80900
19	0.80900
20	0.80900
21	0.80900
22	0.80900
23	0.80900
24	0.80900
25	0.80900
26	0.80900
27	0.80900
28	0.80900
29	0.80900
30	0.80900
31	0.80900
32	0.80900
33	0.80900
34	0.80900
35	0.80900
36	0.80900
37	0.80900
38	0.80900
39	0.80900
40	0.80900
41	0.80900
42	0.80900
43	0.80900
44	0.80900
45	0.80900
46	0.80900
47	0.80900
48	0.80900
49	0.80900
50	0.80900
51	0.80900
52	0.80900
53	0.80900
54	0.80900
55	0.80900
56	0.80900
57	0.80900
58	0.80900
59	0.80900
60	0.80900
61	0.80900
62	0.80900
63	0.80900
64	0.80900
65	0.80900
66	0.80900
67	0.80900
68	0.80900
69	0.80900
70	0.80900
71	0.80900
72	0.80900
73	0.80900
74	0.80900
75	0.80900
76	0.80900
77	0.80900
78	0.80900
79	0.80900
80	0.80900
81	0.80900
82	0.80900
83	0.80900
84	0.80900
85	0.80900
86	0.80900
87	0.80900
88	0.80900
89	0.80900
90	0.80900
91	0.80900
92	0.80900
93	0.80900
94	0.80900
95	0.80900
96	0.80900
97	0.80900
98	0.80900
99	0.80900
100	0.80900
101	0.80900
102	0.80900
103	0.80900
104	0.80900
105	0.80900
106	0.80900
107	0.80900
108	0.80900
109	0.80900
110	0.80900
111	0.80900
112	0.80900
113	0.80900
114	0.80900
115	0.80900
116	0.80900
117	0.80900
118	0.80900
119	0.80900
120	0.80900
121	0.80900
122	0.80900
123	0.80900
124	0.80900
125	0.80900
126	0.80900
127	0.80900
128	0.80900
129	0.80900
130	0.80900
131	0.80900
132	0.80900
133	0.80900
134	0.80900
135	0.80900
136	0.80900
137	0.80900
138	0.80900
139	0.80900
140	0.80900
141	0.80900
142	0.80900
143	0.80900
144	0.80900
145	0.80900
146	0.80900
147	0.80900
148	0.80900
149	0.80900
