0	0	0	0	0	0	
1	744	0	0	0	0	
2	718	0	0	0	0	
3	77	588	0	0	0	
4	0	65	495	0	0	
5	0	0	42	391	0	
6	0	0	0	32	357	
7	0	0	0	0	383	
8	0	0	0	0	382	
9	0	0	0	0	382	
10	0	0	0	0	382	
11	0	0	0	0	382	
12	0	0	0	0	382	
13	0	0	0	0	382	
14	0	0	0	0	382	
15	0	0	0	0	382	
16	0	0	0	0	382	
17	0	0	0	0	382	
18	0	0	0	0	382	
19	0	0	0	0	382	
20	0	0	0	0	382	
21	0	0	0	0	382	
22	0	0	0	0	382	
23	0	0	0	0	382	
24	0	0	0	0	382	
25	0	0	0	0	382	
26	0	0	0	0	382	
27	0	0	0	0	382	
28	0	0	0	0	382	
29	0	0	0	0	382	
30	0	0	0	0	382	
31	0	0	0	0	382	
32	0	0	0	0	382	
33	0	0	0	0	382	
34	0	0	0	0	382	
35	0	0	0	0	382	
36	0	0	0	0	382	
37	0	0	0	0	382	
38	0	0	0	0	382	
39	0	0	0	0	382	
40	0	0	0	0	382	
41	0	0	0	0	382	
42	0	0	0	0	382	
43	0	0	0	0	382	
44	0	0	0	0	382	
45	0	0	0	0	382	
46	0	0	0	0	382	
47	0	0	0	0	382	
48	0	0	0	0	382	
49	0	0	0	0	382	
50	0	0	0	0	382	
51	0	0	0	0	382	
52	0	0	0	0	382	
53	0	0	0	0	382	
54	0	0	0	0	382	
55	0	0	0	0	382	
56	0	0	0	0	382	
57	0	0	0	0	382	
58	0	0	0	0	382	
59	0	0	0	0	382	
60	0	0	0	0	382	
61	0	0	0	0	382	
62	0	0	0	0	382	
63	0	0	0	0	382	
64	0	0	0	0	382	
65	0	0	0	0	382	
66	0	0	0	0	382	
67	0	0	0	0	382	
68	0	0	0	0	382	
69	0	0	0	0	382	
70	0	0	0	0	382	
71	0	0	0	0	382	
72	0	0	0	0	382	
73	0	0	0	0	382	
74	0	0	0	0	382	
75	0	0	0	0	382	
76	0	0	0	0	382	
77	0	0	0	0	382	
78	0	0	0	0	382	
79	0	0	0	0	382	
80	0	0	0	0	382	
81	0	0	0	0	382	
82	0	0	0	0	382	
83	0	0	0	0	382	
84	0	0	0	0	382	
85	0	0	0	0	382	
86	0	0	0	0	382	
87	0	0	0	0	382	
88	0	0	0	0	382	
89	0	0	0	0	382	
90	0	0	0	0	382	
91	0	0	0	0	382	
92	0	0	0	0	382	
93	0	0	0	0	382	
94	0	0	0	0	382	
95	0	0	0	0	382	
96	0	0	0	0	382	
97	0	0	0	0	382	
98	0	0	0	0	382	
99	0	0	0	0	382	
100	0	0	0	0	382	
101	0	0	0	0	382	
102	0	0	0	0	382	
103	0	0	0	0	382	
104	0	0	0	0	382	
105	0	0	0	0	382	
106	0	0	0	0	382	
107	0	0	0	0	382	
108	0	0	0	0	382	
109	0	0	0	0	382	
110	0	0	0	0	382	
111	0	0	0	0	382	
112	0	0	0	0	382	
113	0	0	0	0	382	
114	0	0	0	0	382	
115	0	0	0	0	382	
116	0	0	0	0	382	
117	0	0	0	0	382	
118	0	0	0	0	382	
119	0	0	0	0	382	
120	0	0	0	0	382	
121	0	0	0	0	382	
122	0	0	0	0	382	
123	0	0	0	0	382	
124	0	0	0	0	382	
125	0	0	0	0	382	
126	0	0	0	0	382	
127	0	0	0	0	382	
128	0	0	0	0	382	
129	0	0	0	0	382	
130	0	0	0	0	382	
131	0	0	0	0	382	
132	0	0	0	0	382	
133	0	0	0	0	382	
134	0	0	0	0	382	
135	0	0	0	0	382	
136	0	0	0	0	382	
137	0	0	0	0	382	
138	0	0	0	0	382	
139	0	0	0	0	382	
140	0	0	0	0	382	
141	0	0	0	0	382	
142	0	0	0	0	382	
143	0	0	0	0	382	
144	0	0	0	0	382	
145	0	0	0	0	382	
146	0	0	0	0	382	
147	0	0	0	0	382	
148	0	0	0	0	382	
149	0	0	0	0	382	
