0	0.00000
1	0.00400
2	0.00350
3	0.00800
4	0.01750
5	0.02600
6	0.04200
7	0.04750
8	0.05750
9	0.06050
10	0.06450
11	0.06300
12	0.04950
13	0.04300
14	0.03750
15	0.03350
16	0.03100
17	0.02250
18	0.01350
19	0.01450
20	0.00800
21	0.00900
22	0.00850
23	0.00500
24	0.00300
25	0.00600
26	0.00450
27	0.00100
28	0.00050
29	0.00100
30	0.00100
31	0.00000
32	0.00100
33	0.00000
34	0.00000
35	0.00050
36	0.00050
37	0.00050
38	0.00000
39	0.00100
40	0.00000
41	0.00000
42	0.00000
43	0.00000
44	0.00000
45	0.00000
46	0.00000
47	0.00000
48	0.00000
49	0.00000
50	0.00000
51	0.00000
52	0.00000
53	0.00000
54	0.00000
55	0.00000
56	0.00000
57	0.00000
58	0.00000
59	0.00000
60	0.00000
61	0.00000
62	0.00000
63	0.00000
64	0.00000
65	0.00000
66	0.00000
67	0.00000
68	0.00000
69	0.00000
70	0.00000
71	0.00000
72	0.00000
73	0.00000
74	0.00000
75	0.00000
76	0.00000
77	0.00000
78	0.00000
79	0.00000
80	0.00000
81	0.00000
82	0.00000
83	0.00000
84	0.00000
85	0.00000
86	0.00000
87	0.00000
88	0.00000
89	0.00000
90	0.00000
91	0.00000
92	0.00000
93	0.00000
94	0.00000
95	0.00000
96	0.00000
97	0.00000
98	0.00000
99	0.00000
