0	0.00000
1	0.00000
2	0.00000
3	0.06319
4	0.33318
5	0.69779
6	1.02922
7	1.24540
8	1.46811
9	1.47271
10	1.46814
11	1.26833
12	1.10910
13	0.93491
14	0.73979
15	0.56072
16	0.42681
17	0.32987
18	0.25517
19	0.19414
20	0.14674
21	0.11606
22	0.08990
23	0.07127
24	0.05927
25	0.04924
26	0.04103
27	0.03892
28	0.03555
29	0.03009
30	0.02491
31	0.02046
32	0.01651
33	0.01411
34	0.00807
35	0.00285
36	0.00201
37	0.00249
38	0.00230
39	0.00171
40	0.00171
41	0.00130
42	0.00125
43	0.00125
44	0.00076
45	0.00024
46	0.00000
47	0.00000
48	0.00000
49	0.00000
50	0.00000
51	0.00000
52	0.00000
53	0.00000
54	0.00000
55	0.00000
56	0.00000
57	0.00000
58	0.00000
59	0.00000
60	0.00000
61	0.00000
62	0.00000
63	0.00000
64	0.00000
65	0.00000
66	0.00000
67	0.00000
68	0.00000
69	0.00000
70	0.00000
71	0.00000
72	0.00000
73	0.00000
74	0.00000
75	0.00000
76	0.00000
77	0.00000
78	0.00000
79	0.00000
80	0.00000
81	0.00000
82	0.00000
83	0.00000
84	0.00000
85	0.00000
86	0.00000
87	0.00000
88	0.00000
89	0.00000
90	0.00000
91	0.00000
92	0.00000
93	0.00000
94	0.00000
95	0.00000
96	0.00000
97	0.00000
98	0.00000
99	0.00000
