0	0.00000
1	0.00000
2	0.00000
3	0.05858
4	0.15756
5	0.34828
6	0.61014
7	0.94456
8	1.28730
9	1.35124
10	1.43245
11	1.27438
12	1.14788
13	0.98245
14	0.77635
15	0.58868
16	0.44174
17	0.34055
18	0.26570
19	0.20506
20	0.15595
21	0.12159
22	0.09504
23	0.07536
24	0.06187
25	0.05061
26	0.03943
27	0.03626
28	0.03085
29	0.02574
30	0.02102
31	0.01697
32	0.01415
33	0.01172
34	0.00739
35	0.00361
36	0.00303
37	0.00300
38	0.00284
39	0.00275
40	0.00275
41	0.00254
42	0.00254
43	0.00254
44	0.00205
45	0.00123
46	0.00067
47	0.00067
48	0.00000
49	0.00000
50	0.00000
51	0.00000
52	0.00000
53	0.00000
54	0.00000
55	0.00000
56	0.00000
57	0.00000
58	0.00000
59	0.00000
60	0.00000
61	0.00000
62	0.00000
63	0.00000
64	0.00000
65	0.00000
66	0.00000
67	0.00000
68	0.00000
69	0.00000
70	0.00000
71	0.00000
72	0.00000
73	0.00000
74	0.00000
75	0.00000
76	0.00000
77	0.00000
78	0.00000
79	0.00000
80	0.00000
81	0.00000
82	0.00000
83	0.00000
84	0.00000
85	0.00000
86	0.00000
87	0.00000
88	0.00000
89	0.00000
90	0.00000
91	0.00000
92	0.00000
93	0.00000
94	0.00000
95	0.00000
96	0.00000
97	0.00000
98	0.00000
99	0.00000
