0	0.00500
1	0.01050
2	0.03650
3	0.09550
4	0.20700
5	0.34850
6	0.43500
7	0.46750
8	0.48700
9	0.49000
10	0.49550
11	0.49950
12	0.50050
13	0.50100
14	0.50150
15	0.50200
16	0.50200
17	0.50200
18	0.50200
19	0.50200
20	0.50200
21	0.50200
22	0.50200
23	0.50200
24	0.50200
25	0.50200
26	0.50200
27	0.50200
28	0.50200
29	0.50200
30	0.50200
31	0.50200
32	0.50200
33	0.50200
34	0.50200
35	0.50200
36	0.50200
37	0.50200
38	0.50200
39	0.50200
40	0.50200
41	0.50200
42	0.50200
43	0.50200
44	0.50200
45	0.50200
46	0.50200
47	0.50200
48	0.50200
49	0.50200
50	0.50200
51	0.50200
52	0.50200
53	0.50200
54	0.50200
55	0.50200
56	0.50200
57	0.50200
58	0.50200
59	0.50200
60	0.50200
61	0.50200
62	0.50200
63	0.50200
64	0.50200
65	0.50200
66	0.50200
67	0.50200
68	0.50200
69	0.50200
70	0.50200
71	0.50200
72	0.50200
73	0.50200
74	0.50200
75	0.50200
76	0.50200
77	0.50200
78	0.50200
79	0.50200
80	0.50200
81	0.50200
82	0.50200
83	0.50200
84	0.50200
85	0.50200
86	0.50200
87	0.50200
88	0.50200
89	0.50200
90	0.50200
91	0.50200
92	0.50200
93	0.50200
94	0.50200
95	0.50200
96	0.50200
97	0.50200
98	0.50200
99	0.50200
100	0.50200
101	0.50200
102	0.50200
103	0.50200
104	0.50200
105	0.50200
106	0.50200
107	0.50200
108	0.50200
109	0.50200
110	0.50200
111	0.50200
112	0.50200
113	0.50200
114	0.50200
115	0.50200
116	0.50200
117	0.50200
118	0.50200
119	0.50200
120	0.50200
121	0.50200
122	0.50200
123	0.50200
124	0.50200
125	0.50200
126	0.50200
127	0.50200
128	0.50200
129	0.50200
130	0.50200
131	0.50200
132	0.50200
133	0.50200
134	0.50200
135	0.50200
136	0.50200
137	0.50200
138	0.50200
139	0.50200
140	0.50200
141	0.50200
142	0.50200
143	0.50200
144	0.50200
145	0.50200
146	0.50200
147	0.50200
148	0.50200
149	0.50200
150	0.50200
