0	0.00000
1	0.00000
2	0.00000
3	0.05414
4	0.26861
5	0.80815
6	1.04723
7	1.10893
8	1.34120
9	1.32820
10	1.27440
11	1.14001
12	0.93364
13	0.74509
14	0.56143
15	0.42592
16	0.32311
17	0.24669
18	0.18849
19	0.15237
20	0.12010
21	0.09619
22	0.07465
23	0.05939
24	0.04873
25	0.04202
26	0.03537
27	0.02897
28	0.02295
29	0.01956
30	0.01591
31	0.01070
32	0.00696
33	0.00435
34	0.00279
35	0.00218
36	0.00154
37	0.00102
38	0.00082
39	0.00034
40	0.00017
41	0.00017
42	0.00017
43	0.00051
44	0.00050
45	0.00041
46	0.00016
47	0.00000
48	0.00000
49	0.00000
50	0.00000
51	0.00000
52	0.00000
53	0.00000
54	0.00000
55	0.00000
56	0.00000
57	0.00000
58	0.00000
59	0.00000
60	0.00000
61	0.00000
62	0.00000
63	0.00000
64	0.00000
65	0.00000
66	0.00000
67	0.00000
68	0.00000
69	0.00000
70	0.00000
71	0.00000
72	0.00000
73	0.00000
74	0.00000
75	0.00000
76	0.00000
77	0.00000
78	0.00000
79	0.00000
80	0.00000
81	0.00000
82	0.00000
83	0.00000
84	0.00000
85	0.00000
86	0.00000
87	0.00000
88	0.00000
89	0.00000
90	0.00000
91	0.00000
92	0.00000
93	0.00000
94	0.00000
95	0.00000
96	0.00000
97	0.00000
98	0.00000
99	0.00000
