0	0.00000
1	0.00000
2	0.00000
3	0.05178
4	0.16980
5	0.46814
6	0.79146
7	1.01533
8	1.28086
9	1.31047
10	1.26835
11	1.16572
12	0.97427
13	0.78393
14	0.59653
15	0.45308
16	0.34277
17	0.25919
18	0.19652
19	0.15812
20	0.12373
21	0.10001
22	0.07718
23	0.06136
24	0.04970
25	0.04270
26	0.03602
27	0.02940
28	0.02237
29	0.01969
30	0.01640
31	0.01255
32	0.01009
33	0.00602
34	0.00466
35	0.00435
36	0.00328
37	0.00304
38	0.00272
39	0.00193
40	0.00133
41	0.00133
42	0.00150
43	0.00232
44	0.00227
45	0.00198
46	0.00163
47	0.00098
48	0.00098
49	0.00082
50	0.00000
51	0.00000
52	0.00000
53	0.00000
54	0.00000
55	0.00000
56	0.00000
57	0.00000
58	0.00000
59	0.00000
60	0.00000
61	0.00000
62	0.00000
63	0.00000
64	0.00000
65	0.00000
66	0.00000
67	0.00000
68	0.00000
69	0.00000
70	0.00000
71	0.00000
72	0.00000
73	0.00000
74	0.00000
75	0.00000
76	0.00000
77	0.00000
78	0.00000
79	0.00000
80	0.00000
81	0.00000
82	0.00000
83	0.00000
84	0.00000
85	0.00000
86	0.00000
87	0.00000
88	0.00000
89	0.00000
90	0.00000
91	0.00000
92	0.00000
93	0.00000
94	0.00000
95	0.00000
96	0.00000
97	0.00000
98	0.00000
99	0.00000
