0	0.00500
1	0.00850
2	0.01700
3	0.03450
4	0.05300
5	0.08700
6	0.14050
7	0.22050
8	0.31750
9	0.44350
10	0.55050
11	0.66600
12	0.75950
13	0.82150
14	0.86350
15	0.89500
16	0.92200
17	0.93950
18	0.95250
19	0.96200
20	0.97100
21	0.97600
22	0.97950
23	0.98150
24	0.98350
25	0.98350
26	0.98400
27	0.98550
28	0.98600
29	0.98600
30	0.98600
31	0.98600
32	0.98650
33	0.98650
34	0.98650
35	0.98650
36	0.98650
37	0.98650
38	0.98650
39	0.98650
40	0.98650
41	0.98650
42	0.98650
43	0.98650
44	0.98650
45	0.98650
46	0.98650
47	0.98650
48	0.98650
49	0.98650
50	0.98650
51	0.98650
52	0.98650
53	0.98650
54	0.98650
55	0.98650
56	0.98650
57	0.98650
58	0.98650
59	0.98650
60	0.98650
61	0.98650
62	0.98650
63	0.98650
64	0.98650
65	0.98650
66	0.98650
67	0.98650
68	0.98650
69	0.98650
70	0.98650
71	0.98650
72	0.98650
73	0.98650
74	0.98650
75	0.98650
76	0.98650
77	0.98700
78	0.98700
79	0.98700
80	0.98700
81	0.98700
82	0.98700
83	0.98700
84	0.98700
85	0.98700
86	0.98700
87	0.98700
88	0.98700
89	0.98700
90	0.98700
91	0.98700
92	0.98700
93	0.98700
94	0.98700
95	0.98700
96	0.98700
97	0.98700
98	0.98700
99	0.98700
