0	0	0	0	0	0	
1	746	0	0	0	0	
2	740	0	0	0	0	
3	732	0	0	0	0	
4	715	0	0	0	0	
5	687	0	0	0	0	
6	654	2	0	0	0	
7	582	4	0	0	0	
8	481	32	0	0	0	
9	333	66	14	0	0	
10	261	51	20	3	0	
11	189	41	15	4	0	
12	133	35	15	4	0	
13	95	28	11	4	0	
14	75	24	10	4	0	
15	57	23	10	4	0	
16	40	22	8	4	0	
17	30	19	8	4	0	
18	23	17	8	4	0	
19	14	15	8	4	0	
20	10	14	7	4	0	
21	7	14	7	4	0	
22	4	14	7	4	0	
23	4	14	7	4	0	
24	4	13	7	4	0	
25	4	13	7	4	0	
26	4	13	7	4	0	
27	2	13	7	4	0	
28	1	13	7	4	0	
29	1	13	7	4	0	
30	1	13	7	4	0	
31	1	13	7	4	0	
32	1	13	7	4	0	
33	1	13	7	4	0	
34	1	13	7	4	0	
35	1	13	7	4	0	
36	1	13	7	4	0	
37	1	13	7	4	0	
38	1	13	7	4	0	
39	1	13	7	4	0	
40	1	13	7	4	0	
41	1	13	7	4	0	
42	1	13	7	4	0	
43	1	13	7	4	0	
44	1	13	7	4	0	
45	1	13	7	4	0	
46	1	13	7	4	0	
47	1	13	7	4	0	
48	1	13	7	4	0	
49	1	13	7	4	0	
50	1	13	7	4	0	
51	1	13	7	4	0	
52	1	13	7	4	0	
53	1	13	7	4	0	
54	1	13	7	4	0	
55	1	13	7	4	0	
56	1	13	7	4	0	
57	1	13	7	4	0	
58	1	13	7	4	0	
59	1	13	7	4	0	
60	1	13	7	4	0	
61	1	13	7	4	0	
62	1	13	7	4	0	
63	1	13	7	4	0	
64	1	13	7	4	0	
65	1	13	7	4	0	
66	1	13	7	4	0	
67	1	13	7	4	0	
68	1	13	7	4	0	
69	1	13	7	4	0	
70	1	13	7	4	0	
71	1	13	7	4	0	
72	1	13	7	4	0	
73	1	13	7	4	0	
74	1	13	7	4	0	
75	1	13	7	4	0	
76	1	13	7	4	0	
77	1	13	7	4	0	
78	1	13	7	4	0	
79	1	13	7	4	0	
80	1	13	7	4	0	
81	1	13	7	4	0	
82	1	13	7	4	0	
83	1	13	7	4	0	
84	1	13	7	4	0	
85	1	13	7	4	0	
86	1	13	7	4	0	
87	1	13	7	4	0	
88	1	13	7	4	0	
89	1	13	7	4	0	
90	1	13	7	4	0	
91	1	13	7	4	0	
92	1	13	7	4	0	
93	1	13	7	4	0	
94	1	13	7	4	0	
95	1	13	7	4	0	
96	1	13	7	4	0	
97	1	13	7	4	0	
98	1	13	7	4	0	
99	1	13	7	4	0	
