0	0.00000
1	0.00000
2	0.00050
3	0.00150
4	0.00100
5	0.00100
6	0.00150
7	0.00150
8	0.00050
9	0.00100
10	0.00100
11	0.00250
12	0.00300
13	0.00350
14	0.00300
15	0.00250
16	0.00200
17	0.00700
18	0.00400
19	0.00550
20	0.00550
21	0.00450
22	0.00650
23	0.00650
24	0.00900
25	0.00650
26	0.00650
27	0.01000
28	0.00450
29	0.00800
30	0.00900
31	0.00900
32	0.00750
33	0.00700
34	0.01100
35	0.01100
36	0.01050
37	0.00850
38	0.01650
39	0.01300
40	0.01250
41	0.01200
42	0.01550
43	0.01650
44	0.01250
45	0.01300
46	0.01500
47	0.01450
48	0.01450
49	0.01450
50	0.01950
51	0.01900
52	0.01150
53	0.01750
54	0.01550
55	0.01750
56	0.01850
57	0.01550
58	0.01250
59	0.01050
60	0.01350
61	0.01200
62	0.01100
63	0.01400
64	0.01500
65	0.01050
66	0.01600
67	0.00700
68	0.01600
69	0.01350
70	0.00950
71	0.01100
72	0.01400
73	0.01400
74	0.01300
75	0.00750
76	0.01000
77	0.01200
78	0.01050
79	0.00700
80	0.00700
81	0.00750
82	0.00950
83	0.00750
84	0.00850
85	0.00350
86	0.00900
87	0.00650
88	0.00600
89	0.00700
90	0.00950
91	0.00800
92	0.00900
93	0.00450
94	0.00500
95	0.00550
96	0.00600
97	0.00550
98	0.00400
99	0.00550
100	0.00350
101	0.00450
102	0.00250
103	0.00600
104	0.00250
105	0.00400
106	0.00350
107	0.00250
108	0.00150
109	0.00100
110	0.00250
111	0.00350
112	0.00450
113	0.00100
114	0.00100
115	0.00250
116	0.00350
117	0.00050
118	0.00100
119	0.00200
120	0.00400
121	0.00350
122	0.00150
123	0.00250
124	0.00150
125	0.00150
126	0.00100
127	0.00000
128	0.00150
129	0.00050
130	0.00100
131	0.00150
132	0.00000
133	0.00050
134	0.00050
135	0.00050
136	0.00250
137	0.00200
138	0.00100
139	0.00050
140	0.00050
141	0.00000
142	0.00150
143	0.00050
144	0.00000
145	0.00050
146	0.00050
147	0.00100
148	0.00000
149	0.00000
150	0.00000
151	0.00050
152	0.00050
153	0.00050
154	0.00050
155	0.00000
156	0.00100
157	0.00000
158	0.00000
159	0.00050
160	0.00000
161	0.00000
162	0.00050
163	0.00000
164	0.00050
165	0.00050
166	0.00000
167	0.00050
168	0.00000
169	0.00000
170	0.00000
171	0.00000
172	0.00050
173	0.00050
174	0.00000
175	0.00000
176	0.00000
177	0.00000
178	0.00000
179	0.00000
