0	0.00000
1	0.00000
2	0.00000
3	0.00000
4	0.00000
5	0.00000
6	0.00000
7	0.00000
8	0.00000
9	0.00000
10	0.00000
11	0.00000
12	0.00187
13	0.00411
14	0.01392
15	0.01699
16	0.01779
17	0.02268
18	0.01878
19	0.03678
20	0.04487
21	0.03981
22	0.04171
23	0.03739
24	0.03712
25	0.03675
26	0.03179
27	0.02854
28	0.02382
29	0.02879
30	0.02580
31	0.02712
32	0.02760
33	0.02448
34	0.02519
35	0.02465
36	0.02290
37	0.02432
38	0.02283
39	0.01856
40	0.01969
41	0.01603
42	0.01787
43	0.01735
44	0.01790
45	0.01658
46	0.01510
47	0.01296
48	0.01230
49	0.00982
50	0.00937
51	0.00850
52	0.00919
53	0.00885
54	0.00832
55	0.00862
56	0.00758
57	0.00587
58	0.00566
59	0.00537
60	0.00519
61	0.00331
62	0.00391
63	0.00337
64	0.00283
65	0.00278
66	0.00247
67	0.00236
68	0.00246
69	0.00250
70	0.00189
71	0.00199
72	0.00145
73	0.00151
74	0.00155
75	0.00115
76	0.00130
77	0.00121
78	0.00126
79	0.00125
80	0.00116
81	0.00071
82	0.00068
83	0.00030
84	0.00030
85	0.00027
86	0.00028
87	0.00000
88	0.00000
89	0.00000
90	0.00000
91	0.00000
92	0.00000
93	0.00000
94	0.00000
95	0.00000
96	0.00000
97	0.00000
98	0.00000
99	0.00000
100	0.00000
101	0.00000
102	0.00000
103	0.00000
104	0.00000
105	0.00000
106	0.00000
107	0.00000
108	0.00000
109	0.00000
110	0.00000
111	0.00000
112	0.00000
113	0.00000
114	0.00000
115	0.00000
116	0.00000
117	0.00000
118	0.00000
119	0.00000
120	0.00000
121	0.00000
122	0.00000
123	0.00000
124	0.00000
125	0.00000
126	0.00000
127	0.00000
128	0.00000
129	0.00000
130	0.00000
131	0.00000
132	0.00000
133	0.00000
134	0.00000
135	0.00000
136	0.00000
137	0.00000
138	0.00000
139	0.00000
140	0.00000
141	0.00000
142	0.00000
143	0.00000
144	0.00000
145	0.00000
146	0.00000
147	0.00000
148	0.00000
149	0.00000
150	0.00000
151	0.00000
152	0.00000
153	0.00000
154	0.00000
155	0.00000
156	0.00000
157	0.00000
158	0.00000
159	0.00000
160	0.00000
161	0.00000
162	0.00000
163	0.00000
164	0.00000
165	0.00000
166	0.00000
167	0.00000
168	0.00000
169	0.00000
170	0.00000
171	0.00000
172	0.00000
173	0.00000
174	0.00000
175	0.00000
176	0.00000
177	0.00000
178	0.00000
179	0.00000
