0	0.00500
1	0.00500
2	0.00550
3	0.00700
4	0.00800
5	0.00900
6	0.01050
7	0.01200
8	0.01250
9	0.01350
10	0.01450
11	0.01700
12	0.02000
13	0.02350
14	0.02650
15	0.02900
16	0.03100
17	0.03800
18	0.04200
19	0.04750
20	0.05300
21	0.05750
22	0.06400
23	0.07050
24	0.07950
25	0.08600
26	0.09250
27	0.10250
28	0.10700
29	0.11500
30	0.12400
31	0.13300
32	0.14050
33	0.14750
34	0.15850
35	0.16950
36	0.18000
37	0.18850
38	0.20500
39	0.21800
40	0.23050
41	0.24250
42	0.25800
43	0.27450
44	0.28700
45	0.30000
46	0.31500
47	0.32950
48	0.34400
49	0.35850
50	0.37800
51	0.39700
52	0.40850
53	0.42600
54	0.44150
55	0.45900
56	0.47750
57	0.49300
58	0.50550
59	0.51600
60	0.52950
61	0.54150
62	0.55250
63	0.56650
64	0.58150
65	0.59200
66	0.60800
67	0.61500
68	0.63100
69	0.64450
70	0.65400
71	0.66500
72	0.67900
73	0.69300
74	0.70600
75	0.71350
76	0.72350
77	0.73550
78	0.74600
79	0.75300
80	0.76000
81	0.76750
82	0.77700
83	0.78450
84	0.79300
85	0.79650
86	0.80550
87	0.81200
88	0.81800
89	0.82500
90	0.83450
91	0.84250
92	0.85150
93	0.85600
94	0.86100
95	0.86650
96	0.87250
97	0.87800
98	0.88200
99	0.88750
100	0.89100
101	0.89550
102	0.89800
103	0.90400
104	0.90650
105	0.91050
106	0.91400
107	0.91650
108	0.91800
109	0.91900
110	0.92150
111	0.92500
112	0.92950
113	0.93050
114	0.93150
115	0.93400
116	0.93750
117	0.93800
118	0.93900
119	0.94100
120	0.94500
121	0.94850
122	0.95000
123	0.95250
124	0.95400
125	0.95550
126	0.95650
127	0.95650
128	0.95800
129	0.95850
130	0.95950
131	0.96100
132	0.96100
133	0.96150
134	0.96200
135	0.96250
136	0.96500
137	0.96700
138	0.96800
139	0.96850
140	0.96900
141	0.96900
142	0.97050
143	0.97100
144	0.97100
145	0.97150
146	0.97200
147	0.97300
148	0.97300
149	0.97300
150	0.97300
151	0.97350
152	0.97400
153	0.97450
154	0.97500
155	0.97500
156	0.97600
157	0.97600
158	0.97600
159	0.97650
160	0.97650
161	0.97650
162	0.97700
163	0.97700
164	0.97750
165	0.97800
166	0.97800
167	0.97850
168	0.97850
169	0.97850
170	0.97850
171	0.97850
172	0.97900
173	0.97950
174	0.97950
175	0.97950
176	0.97950
177	0.97950
178	0.97950
179	0.97950
