0	0.00000
1	0.00000
2	0.00000
3	0.00000
4	0.01373
5	0.05836
6	0.06611
7	0.11458
8	0.15577
9	0.15967
10	0.14293
11	0.15760
12	0.21649
13	0.25062
14	0.34810
15	0.44311
16	0.47475
17	0.46783
18	0.41968
19	0.57212
20	0.60562
21	0.59370
22	0.57843
23	0.54338
24	0.55985
25	0.53051
26	0.53627
27	0.49784
28	0.46589
29	0.47870
30	0.41919
31	0.44523
32	0.44889
33	0.42233
34	0.41656
35	0.38741
36	0.40449
37	0.41200
38	0.38783
39	0.35012
40	0.35019
41	0.31087
42	0.31633
43	0.29368
44	0.28564
45	0.27282
46	0.26140
47	0.23530
48	0.21820
49	0.20120
50	0.18646
51	0.17631
52	0.18308
53	0.18332
54	0.17014
55	0.17047
56	0.15978
57	0.15501
58	0.14850
59	0.13786
60	0.12512
61	0.11198
62	0.11596
63	0.10968
64	0.10003
65	0.09909
66	0.09826
67	0.09038
68	0.09192
69	0.08255
70	0.08139
71	0.08345
72	0.07399
73	0.07402
74	0.07517
75	0.07334
76	0.07330
77	0.06608
78	0.06589
79	0.06662
80	0.06211
81	0.05360
82	0.05026
83	0.04594
84	0.04608
85	0.04117
86	0.03995
87	0.03375
88	0.03915
89	0.03663
90	0.03734
91	0.03552
92	0.03577
93	0.03426
94	0.03510
95	0.03214
96	0.03007
97	0.02974
98	0.02917
99	0.02737
100	0.02338
101	0.02200
102	0.02144
103	0.02104
104	0.01928
105	0.01890
106	0.01822
107	0.01707
108	0.01691
109	0.01723
110	0.01402
111	0.01245
112	0.00994
113	0.01124
114	0.01367
115	0.01234
116	0.01171
117	0.01159
118	0.01416
119	0.01234
120	0.01004
121	0.00676
122	0.00900
123	0.01180
124	0.01123
125	0.00972
126	0.01009
127	0.00892
128	0.00814
129	0.00557
130	0.00493
131	0.00372
132	0.00299
133	0.00390
134	0.00340
135	0.00366
136	0.00358
137	0.00227
138	0.00385
139	0.00486
140	0.00449
141	0.00499
142	0.00447
143	0.00395
144	0.00613
145	0.00485
146	0.00391
147	0.00359
148	0.00308
149	0.00324
150	0.00324
151	0.00063
152	0.00037
153	0.00214
154	0.00218
155	0.00212
156	0.00233
157	0.00233
158	0.00246
159	0.00238
160	0.00060
161	0.00060
162	0.00045
163	0.00013
164	0.00014
165	0.00000
166	0.00011
167	0.00044
168	0.00044
169	0.00044
170	0.00044
171	0.00044
172	0.00045
173	0.00035
174	0.00042
175	0.00042
176	0.00042
177	0.00042
178	0.00042
179	0.00042
