0	0.00000
1	0.00000
2	0.00000
3	0.01115
4	0.03231
5	0.14019
6	0.34945
7	0.65806
8	1.10357
9	1.24592
10	1.38096
11	1.31688
12	1.23345
13	1.06286
14	0.85848
15	0.65597
16	0.49124
17	0.37080
18	0.27322
19	0.21000
20	0.16214
21	0.13085
22	0.10534
23	0.08011
24	0.06225
25	0.04861
26	0.04208
27	0.03315
28	0.02627
29	0.02052
30	0.01711
31	0.01394
32	0.01204
33	0.00842
34	0.00610
35	0.00491
36	0.00351
37	0.00406
38	0.00326
39	0.00253
40	0.00246
41	0.00286
42	0.00188
43	0.00188
44	0.00044
45	0.00044
46	0.00044
47	0.00044
48	0.00000
49	0.00000
50	0.00000
51	0.00000
52	0.00000
53	0.00000
54	0.00000
55	0.00000
56	0.00000
57	0.00000
58	0.00000
59	0.00000
60	0.00000
61	0.00000
62	0.00000
63	0.00000
64	0.00000
65	0.00000
66	0.00000
67	0.00000
68	0.00000
69	0.00000
70	0.00000
71	0.00000
72	0.00000
73	0.00000
74	0.00000
75	0.00000
76	0.00000
77	0.00000
78	0.00000
79	0.00000
80	0.00000
81	0.00000
82	0.00000
83	0.00000
84	0.00000
85	0.00000
86	0.00000
87	0.00000
88	0.00000
89	0.00000
90	0.00000
91	0.00000
92	0.00000
93	0.00000
94	0.00000
95	0.00000
96	0.00000
97	0.00000
98	0.00000
99	0.00000
