0	0.00000
1	0.00000
2	0.00000
3	0.00255
4	0.47490
5	0.46830
6	0.88921
7	0.94608
8	0.95161
9	1.03874
10	1.02767
11	1.01628
12	0.91135
13	0.86641
14	0.94734
15	0.96965
16	1.01111
17	0.96650
18	0.94286
19	0.98786
20	0.94595
21	1.06229
22	1.02382
23	1.08238
24	1.19856
25	1.15698
26	1.23269
27	1.26128
28	1.41261
29	1.39384
30	1.43407
31	1.42217
32	1.50444
33	1.48671
34	1.42720
35	1.45507
36	1.36177
37	1.43891
38	1.51956
39	1.50693
40	1.52626
41	1.49805
42	1.48603
43	1.52974
44	1.49019
45	1.48099
46	1.41689
47	1.39111
48	1.37832
49	1.41220
50	1.37115
51	1.33299
52	1.29237
53	1.27029
54	1.21062
55	1.21571
56	1.20439
57	1.16460
58	1.15803
59	1.10317
60	1.05216
61	0.99914
62	0.94643
63	0.92741
64	0.88604
65	0.85244
66	0.80562
67	0.78387
68	0.75290
69	0.72215
70	0.68388
71	0.64460
72	0.62606
73	0.59913
74	0.56445
75	0.54289
76	0.51224
77	0.49775
78	0.47033
79	0.43387
80	0.40825
81	0.38502
82	0.36345
83	0.33965
84	0.31959
85	0.30237
86	0.28502
87	0.27701
88	0.25884
89	0.25155
90	0.23339
91	0.22536
92	0.21198
93	0.19713
94	0.19112
95	0.17866
96	0.16400
97	0.15370
98	0.14521
99	0.13500
100	0.12532
101	0.11539
102	0.10564
103	0.09993
104	0.09144
105	0.08821
106	0.08291
107	0.07803
108	0.07425
109	0.06942
110	0.06305
111	0.05688
112	0.05079
113	0.04836
114	0.04710
115	0.04245
116	0.04000
117	0.03689
118	0.03684
119	0.03429
120	0.03124
121	0.02959
122	0.02807
123	0.02865
124	0.02813
125	0.02673
126	0.02489
127	0.02520
128	0.02349
129	0.02206
130	0.02025
131	0.01891
132	0.01790
133	0.01647
134	0.01558
135	0.01504
136	0.01430
137	0.01361
138	0.01382
139	0.01306
140	0.01259
141	0.01224
142	0.01186
143	0.01161
144	0.01203
145	0.01201
146	0.01187
147	0.01144
148	0.01121
149	0.01099
