0	0.00000
1	0.00000
2	0.00000
3	0.03150
4	0.10134
5	0.09828
6	0.23074
7	0.30771
8	0.33880
9	0.48256
10	0.55691
11	0.59538
12	0.53494
13	0.50056
14	0.60569
15	0.65731
16	0.74105
17	0.72316
18	0.72559
19	0.80581
20	0.78632
21	0.90482
22	0.87037
23	0.94984
24	1.12535
25	1.10761
26	1.18734
27	1.20040
28	1.34422
29	1.32409
30	1.37967
31	1.38056
32	1.46973
33	1.44492
34	1.39212
35	1.41631
36	1.31224
37	1.40703
38	1.49675
39	1.48147
40	1.49637
41	1.47539
42	1.46856
43	1.50715
44	1.47745
45	1.45622
46	1.40097
47	1.38166
48	1.37408
49	1.40104
50	1.37247
51	1.33028
52	1.28872
53	1.26724
54	1.20726
55	1.21590
56	1.20368
57	1.16385
58	1.15884
59	1.10730
60	1.05777
61	1.00304
62	0.95288
63	0.93139
64	0.88903
65	0.85468
66	0.80811
67	0.78726
68	0.75584
69	0.72346
70	0.68410
71	0.64701
72	0.62982
73	0.60309
74	0.56726
75	0.54611
76	0.51443
77	0.49963
78	0.47187
79	0.43468
80	0.40865
81	0.38605
82	0.36481
83	0.34158
84	0.32138
85	0.30455
86	0.28679
87	0.27793
88	0.25999
89	0.25214
90	0.23415
91	0.22602
92	0.21205
93	0.19746
94	0.19130
95	0.17869
96	0.16376
97	0.15324
98	0.14481
99	0.13458
100	0.12487
101	0.11490
102	0.10535
103	0.09974
104	0.09125
105	0.08808
106	0.08281
107	0.07807
108	0.07424
109	0.06937
110	0.06305
111	0.05678
112	0.05070
113	0.04834
114	0.04712
115	0.04246
116	0.04009
117	0.03699
118	0.03711
119	0.03464
120	0.03153
121	0.02980
122	0.02828
123	0.02874
124	0.02813
125	0.02667
126	0.02486
127	0.02500
128	0.02322
129	0.02174
130	0.01988
131	0.01853
132	0.01740
133	0.01590
134	0.01468
135	0.01361
136	0.01262
137	0.01198
138	0.01214
139	0.01148
140	0.01060
141	0.00946
142	0.00917
143	0.00865
144	0.00908
145	0.00780
146	0.00739
147	0.00713
148	0.00671
149	0.00615
