0	0.00000
1	0.00000
2	0.00000
3	0.00000
4	0.00000
5	0.00000
6	0.00000
7	0.00000
8	0.00000
9	0.00000
10	0.00000
11	0.00000
12	0.00000
13	0.00000
14	0.00000
15	0.00000
16	0.00000
17	0.00000
18	0.00000
19	0.00000
20	0.00000
21	0.00000
22	0.00000
23	0.00000
24	0.00000
25	0.00000
26	0.00513
27	0.00513
28	0.00513
29	0.00513
30	0.00513
31	0.00513
32	0.00513
33	0.00000
34	0.00000
35	0.00000
36	0.01554
37	0.01554
38	0.02591
39	0.02591
40	0.02591
41	0.02591
42	0.02604
43	0.01047
44	0.03665
45	0.05497
46	0.05497
47	0.05497
48	0.05497
49	0.05497
50	0.05526
51	0.02895
52	0.01579
53	0.01579
54	0.01579
55	0.01579
56	0.01579
57	0.01579
58	0.01579
59	0.00000
60	0.00000
61	0.00000
62	0.00000
63	0.04762
64	0.04762
65	0.04762
66	0.04762
67	0.04787
68	0.04787
69	0.11436
70	0.06649
71	0.06684
72	0.06684
73	0.13102
74	0.11497
75	0.11559
76	0.05914
77	0.10394
78	0.10394
79	0.10394
80	0.04480
81	0.04480
82	0.04480
83	0.04505
84	0.00000
85	0.05856
86	0.05373
87	0.05373
88	0.15027
89	0.15110
90	0.14088
91	0.18554
92	0.15741
93	0.15370
94	0.20926
95	0.12361
96	0.11499
97	0.11499
98	0.13361
99	0.08659
100	0.08659
101	0.05400
102	0.05400
103	0.05400
104	0.05400
105	0.00000
106	0.00000
107	0.03017
108	0.16137
109	0.20472
110	0.25626
111	0.23092
112	0.19758
113	0.19516
114	0.22407
115	0.12667
116	0.11637
117	0.11002
118	0.14960
119	0.16915
120	0.15476
121	0.13095
122	0.11657
123	0.10268
124	0.06706
125	0.03423
126	0.00000
127	0.00000
128	0.00000
129	0.01145
130	0.01145
131	0.04458
132	0.04512
133	0.04512
134	0.12127
135	0.12202
136	0.14239
137	0.15383
138	0.12094
139	0.17235
140	0.18077
141	0.10931
142	0.15739
143	0.16704
144	0.15604
145	0.15604
146	0.10454
147	0.09733
148	0.09733
149	0.06378
150	0.03312
151	0.00000
152	0.00000
153	0.00000
154	0.07401
155	0.11035
156	0.12331
157	0.17532
158	0.25337
159	0.29063
160	0.24609
161	0.18670
162	0.20749
163	0.18653
164	0.16357
165	0.15572
166	0.15857
167	0.15892
168	0.14201
169	0.09141
170	0.08817
171	0.13786
172	0.13720
173	0.12604
174	0.13795
175	0.11594
176	0.12269
177	0.17267
178	0.16623
179	0.12831
180	0.11658
181	0.10698
182	0.14733
183	0.12140
184	0.09304
185	0.11313
186	0.15698
187	0.19409
188	0.17094
189	0.14427
190	0.19263
191	0.17586
192	0.15551
193	0.14698
194	0.11496
195	0.09421
196	0.09126
197	0.04871
198	0.04918
199	0.04041
200	0.03009
201	0.01857
202	0.01713
203	0.03166
204	0.08091
205	0.08342
206	0.07974
207	0.07646
208	0.06919
209	0.06074
210	0.06071
211	0.03212
212	0.02569
213	0.03616
214	0.02014
215	0.02035
216	0.04165
217	0.04782
218	0.04782
219	0.07389
220	0.05840
221	0.05082
222	0.04957
223	0.03857
224	0.02954
225	0.02828
226	0.01001
227	0.02215
228	0.02268
229	0.03852
230	0.06833
231	0.08096
232	0.09879
233	0.11999
234	0.14484
235	0.14970
236	0.12767
237	0.10694
238	0.09844
239	0.10050
240	0.07619
241	0.04262
242	0.02841
243	0.02435
244	0.03163
245	0.05045
246	0.03476
247	0.03476
248	0.03874
249	0.03642
250	0.04536
251	0.04059
252	0.00972
253	0.02646
254	0.02692
255	0.02820
256	0.03490
257	0.02799
258	0.02849
259	0.02750
260	0.02378
261	0.03367
262	0.02750
263	0.04378
264	0.04378
265	0.05078
266	0.04722
267	0.04543
268	0.03233
269	0.02869
270	0.02646
271	0.04114
272	0.03635
273	0.05397
274	0.04992
275	0.06035
276	0.05955
277	0.05991
278	0.05067
279	0.05678
280	0.04856
281	0.05359
282	0.04997
283	0.04719
284	0.03526
285	0.05008
286	0.04798
287	0.05049
288	0.03638
289	0.04776
290	0.04141
291	0.04141
292	0.02616
293	0.01997
294	0.01548
295	0.01803
296	0.00907
297	0.00941
298	0.00941
299	0.01969
300	0.01841
301	0.01841
302	0.02820
303	0.02090
304	0.02090
305	0.02090
306	0.00979
307	0.00979
308	0.00979
309	0.00000
310	0.00000
311	0.00000
312	0.00000
313	0.00000
314	0.00000
315	0.00000
316	0.00000
317	0.02433
318	0.02433
319	0.02165
320	0.02165
321	0.02460
322	0.02135
323	0.03012
324	0.02939
325	0.02466
326	0.02603
327	0.02105
328	0.01580
329	0.01580
330	0.01198
331	0.00417
332	0.00444
333	0.00476
334	0.01780
335	0.01814
336	0.01814
337	0.01954
338	0.01368
339	0.02632
340	0.02632
341	0.01711
342	0.01711
343	0.01076
344	0.01076
345	0.01076
346	0.00556
347	0.00556
348	0.00000
349	0.00000
350	0.00000
351	0.00000
352	0.00000
353	0.00000
354	0.00000
355	0.00000
356	0.00000
357	0.00000
358	0.00000
359	0.00000
360	0.00000
361	0.00000
362	0.00000
363	0.01136
364	0.01136
365	0.01136
366	0.01136
367	0.01136
368	0.01250
369	0.01250
370	0.00000
371	0.00000
372	0.00000
373	0.00000
374	0.11111
375	0.11111
376	0.11111
377	0.11111
378	0.11111
379	0.11111
380	0.11111
381	0.00000
382	0.00000
383	0.00000
384	0.00000
385	0.00000
386	0.00000
387	0.00000
388	0.00000
389	0.00000
390	0.00000
391	0.00000
392	0.00000
393	0.00000
394	0.00000
395	0.00000
396	0.00000
397	0.00000
398	0.00000
399	0.00000
400	0.00000
401	0.00000
402	0.00000
403	0.00000
404	0.00000
405	0.00000
406	0.00000
407	0.00000
408	0.00000
409	0.00000
410	0.00000
411	0.00000
412	0.00000
413	0.00000
414	0.00000
415	0.00000
416	0.00000
417	0.00000
418	0.00000
419	0.00000
420	0.00000
421	0.00000
422	0.00000
423	0.00000
424	0.00000
425	0.00000
426	0.00000
427	0.00000
428	0.00000
429	0.00000
430	0.00000
431	0.00000
432	0.00000
433	0.00000
434	0.00000
435	0.00000
436	0.00000
437	0.00000
438	0.00000
439	0.00000
440	0.00000
441	0.00000
442	0.00000
443	0.00000
444	0.00000
445	0.00000
446	0.00000
447	0.00000
448	0.00000
449	0.00000
450	0.00000
451	0.00000
452	0.00000
453	0.00000
454	0.00000
455	0.00000
456	0.00000
457	0.00000
458	0.00000
459	0.00000
460	0.00000
461	0.00000
462	0.00000
463	0.00000
464	0.00000
465	0.00000
466	0.00000
467	0.00000
468	0.00000
469	0.00000
470	0.00000
471	0.00000
472	0.00000
473	0.00000
474	0.00000
475	0.00000
476	0.00000
477	0.00000
478	0.00000
479	0.00000
480	0.00000
481	0.00000
482	0.00000
483	0.00000
484	0.00000
485	0.00000
486	0.00000
487	0.00000
488	0.00000
489	0.00000
490	0.00000
491	0.00000
492	0.00000
493	0.00000
494	0.00000
495	0.00000
496	0.00000
497	0.00000
498	0.00000
499	0.00000
