0	0.00000
1	0.00000
2	0.00000
3	0.00050
4	0.00000
5	0.00000
6	0.00050
7	0.00000
8	0.00050
9	0.00100
10	0.00000
11	0.00000
12	0.00050
13	0.00000
14	0.00100
15	0.00000
16	0.00050
17	0.00100
18	0.00050
19	0.00000
20	0.00000
21	0.00150
22	0.00000
23	0.00050
24	0.00150
25	0.00000
26	0.00100
27	0.00100
28	0.00050
29	0.00050
30	0.00300
31	0.00250
32	0.00200
33	0.00200
34	0.00250
35	0.00150
36	0.00350
37	0.00200
38	0.00450
39	0.00150
40	0.00350
41	0.00600
42	0.00750
43	0.00450
44	0.00600
45	0.00450
46	0.00550
47	0.00700
48	0.00650
49	0.00650
50	0.00750
51	0.00950
52	0.00800
53	0.00900
54	0.01100
55	0.00550
56	0.01000
57	0.01000
58	0.01250
59	0.01050
60	0.01000
61	0.00900
62	0.01600
63	0.01200
64	0.01350
65	0.01000
66	0.01250
67	0.01350
68	0.01100
69	0.01150
70	0.01150
71	0.00950
72	0.01500
73	0.01500
74	0.01800
75	0.01750
76	0.01300
77	0.01700
78	0.01150
79	0.01450
80	0.02000
81	0.01600
82	0.01700
83	0.01800
84	0.01300
85	0.00950
86	0.01400
87	0.01200
88	0.01200
89	0.01150
90	0.01650
91	0.01300
92	0.01150
93	0.01100
94	0.01150
95	0.00850
96	0.00800
97	0.01150
98	0.01000
99	0.01100
100	0.00850
101	0.01050
102	0.00500
103	0.00900
104	0.01000
105	0.00500
106	0.00350
107	0.00800
108	0.00850
109	0.00400
110	0.00700
111	0.00900
112	0.00650
113	0.00750
114	0.00550
115	0.00500
116	0.00550
117	0.00750
118	0.00950
119	0.00450
120	0.00400
121	0.00350
122	0.00550
123	0.00300
124	0.00450
125	0.00400
126	0.00550
127	0.00350
128	0.00450
129	0.00300
130	0.00600
131	0.00400
132	0.00250
133	0.00200
134	0.00450
135	0.00150
136	0.00500
137	0.00300
138	0.00300
139	0.00100
140	0.00200
141	0.00350
142	0.00350
143	0.00250
144	0.00150
145	0.00150
146	0.00100
147	0.00100
148	0.00200
149	0.00150
150	0.00250
151	0.00050
152	0.00100
153	0.00200
154	0.00150
155	0.00150
156	0.00100
157	0.00000
158	0.00150
159	0.00050
160	0.00050
161	0.00100
162	0.00050
163	0.00100
164	0.00000
165	0.00100
166	0.00050
167	0.00050
168	0.00050
169	0.00150
170	0.00050
171	0.00000
172	0.00050
173	0.00050
174	0.00050
175	0.00000
176	0.00100
177	0.00050
178	0.00100
179	0.00050
