0	0.00500
1	0.00500
2	0.00500
3	0.00550
4	0.00550
5	0.00550
6	0.00600
7	0.00600
8	0.00650
9	0.00750
10	0.00750
11	0.00750
12	0.00800
13	0.00800
14	0.00900
15	0.00900
16	0.00950
17	0.01050
18	0.01100
19	0.01100
20	0.01100
21	0.01250
22	0.01250
23	0.01300
24	0.01450
25	0.01450
26	0.01550
27	0.01650
28	0.01700
29	0.01750
30	0.02050
31	0.02300
32	0.02500
33	0.02700
34	0.02950
35	0.03100
36	0.03450
37	0.03650
38	0.04100
39	0.04250
40	0.04600
41	0.05200
42	0.05950
43	0.06400
44	0.07000
45	0.07450
46	0.08000
47	0.08700
48	0.09350
49	0.10000
50	0.10750
51	0.11700
52	0.12500
53	0.13400
54	0.14500
55	0.15050
56	0.16050
57	0.17050
58	0.18300
59	0.19350
60	0.20350
61	0.21250
62	0.22850
63	0.24050
64	0.25400
65	0.26400
66	0.27650
67	0.29000
68	0.30100
69	0.31250
70	0.32400
71	0.33350
72	0.34850
73	0.36350
74	0.38150
75	0.39900
76	0.41200
77	0.42900
78	0.44050
79	0.45500
80	0.47500
81	0.49100
82	0.50800
83	0.52600
84	0.53900
85	0.54850
86	0.56250
87	0.57450
88	0.58650
89	0.59800
90	0.61450
91	0.62750
92	0.63900
93	0.65000
94	0.66150
95	0.67000
96	0.67800
97	0.68950
98	0.69950
99	0.71050
100	0.71900
101	0.72950
102	0.73450
103	0.74350
104	0.75350
105	0.75850
106	0.76200
107	0.77000
108	0.77850
109	0.78250
110	0.78950
111	0.79850
112	0.80500
113	0.81250
114	0.81800
115	0.82300
116	0.82850
117	0.83600
118	0.84550
119	0.85000
120	0.85400
121	0.85750
122	0.86300
123	0.86600
124	0.87050
125	0.87450
126	0.88000
127	0.88350
128	0.88800
129	0.89100
130	0.89700
131	0.90100
132	0.90350
133	0.90550
134	0.91000
135	0.91150
136	0.91650
137	0.91950
138	0.92250
139	0.92350
140	0.92550
141	0.92900
142	0.93250
143	0.93500
144	0.93650
145	0.93800
146	0.93900
147	0.94000
148	0.94200
149	0.94350
150	0.94600
151	0.94650
152	0.94750
153	0.94950
154	0.95100
155	0.95250
156	0.95350
157	0.95350
158	0.95500
159	0.95550
160	0.95600
161	0.95700
162	0.95750
163	0.95850
164	0.95850
165	0.95950
166	0.96000
167	0.96050
168	0.96100
169	0.96250
170	0.96300
171	0.96300
172	0.96350
173	0.96400
174	0.96450
175	0.96450
176	0.96550
177	0.96600
178	0.96700
179	0.96750
