0	0	0	0	0	0	
1	501	0	0	0	0	
2	501	0	0	0	0	
3	501	0	0	0	0	
4	501	0	0	0	0	
5	501	0	0	0	0	
6	501	0	0	0	0	
7	501	0	0	0	0	
8	501	0	0	0	0	
9	501	0	0	0	0	
10	501	0	0	0	0	
11	501	0	0	0	0	
12	500	0	0	0	0	
13	500	0	0	0	0	
14	500	0	0	0	0	
15	500	0	0	0	0	
16	499	0	0	0	0	
17	499	0	0	0	0	
18	499	0	0	0	0	
19	499	0	0	0	0	
20	499	0	0	0	0	
21	498	0	0	0	0	
22	498	0	0	0	0	
23	498	0	0	0	0	
24	498	0	0	0	0	
25	498	0	0	0	0	
26	496	2	0	0	0	
27	496	1	1	0	0	
28	496	1	0	1	0	
29	496	1	0	0	1	
30	493	1	0	0	1	
31	493	1	0	0	1	
32	488	5	1	0	1	
33	483	2	5	1	1	
34	479	2	2	5	2	
35	475	4	1	2	7	
36	474	1	4	1	9	
37	469	4	1	4	10	
38	466	1	4	1	14	
39	464	1	1	4	15	
40	464	1	0	2	17	
41	460	2	1	2	17	
42	452	6	1	2	18	
43	444	5	6	1	20	
44	436	5	5	6	21	
45	435	1	5	5	27	
46	434	0	1	5	32	
47	431	2	0	2	36	
48	426	3	1	0	38	
49	424	3	2	1	38	
50	417	2	2	2	39	
51	413	3	1	2	41	
52	408	1	2	3	41	
53	403	1	0	5	41	
54	401	2	0	3	43	
55	399	1	1	3	43	
56	393	2	0	4	43	
57	390	2	0	4	43	
58	377	2	0	4	43	
59	370	2	0	4	43	
60	365	2	0	4	43	
61	358	2	0	4	43	
62	350	2	0	4	43	
63	340	2	0	4	43	
64	336	2	0	4	43	
65	334	2	0	3	43	
66	328	2	0	3	43	
67	323	2	0	3	43	
68	319	2	0	3	43	
69	313	2	0	3	43	
70	312	2	0	3	43	
71	309	2	0	3	43	
72	296	1	0	3	43	
73	287	1	0	3	43	
74	281	1	0	3	43	
75	273	0	0	3	43	
76	266	0	0	3	43	
77	257	0	0	3	43	
78	252	0	0	3	43	
79	246	0	0	3	43	
80	233	0	0	3	43	
81	226	0	0	3	43	
82	217	0	0	3	43	
83	210	0	0	3	43	
84	206	0	0	3	43	
85	199	0	0	3	43	
86	193	0	0	3	43	
87	190	0	0	3	43	
88	181	0	0	3	43	
89	177	0	0	3	43	
90	169	0	0	3	43	
91	158	0	0	3	43	
92	153	0	0	3	43	
93	149	0	0	3	43	
94	145	0	0	3	43	
95	138	0	0	3	43	
96	134	0	0	3	43	
97	128	0	0	3	43	
98	123	0	0	3	43	
99	117	0	0	3	43	
100	114	0	0	3	43	
101	108	0	0	3	43	
102	103	0	0	3	43	
103	103	0	0	3	43	
104	97	0	0	3	43	
105	94	0	0	3	43	
106	94	0	0	3	43	
107	90	0	0	3	43	
108	87	0	0	3	43	
109	83	0	0	3	43	
110	81	0	0	3	43	
111	79	0	0	3	43	
112	77	0	0	3	43	
113	75	0	0	3	43	
114	74	0	0	3	43	
115	70	0	0	3	43	
116	70	0	0	3	43	
117	68	0	0	3	43	
118	65	0	0	3	43	
119	63	0	0	3	43	
120	62	0	0	3	43	
121	62	0	0	3	43	
122	59	0	0	3	43	
123	59	0	0	3	43	
124	55	0	0	3	43	
125	53	0	0	3	43	
126	51	0	0	3	43	
127	49	0	0	3	43	
128	46	0	0	3	43	
129	45	0	0	3	43	
130	38	0	0	3	43	
131	36	0	0	3	43	
132	34	0	0	3	43	
133	33	0	0	3	43	
134	33	0	0	3	43	
135	31	0	0	3	43	
136	29	0	0	3	43	
137	29	0	0	3	43	
138	28	0	0	3	43	
139	27	0	0	3	43	
140	26	0	0	3	43	
141	23	0	0	3	43	
142	21	0	0	3	43	
143	21	0	0	3	43	
144	19	0	0	3	43	
145	18	0	0	3	43	
146	17	0	0	3	43	
147	17	0	0	3	43	
148	17	0	0	3	43	
149	17	0	0	3	43	
150	17	0	0	3	43	
151	17	0	0	3	43	
152	16	0	0	3	43	
153	14	0	0	3	43	
154	14	0	0	3	43	
155	14	0	0	3	43	
156	14	0	0	3	43	
157	14	0	0	3	43	
158	13	0	0	3	43	
159	13	0	0	3	43	
160	13	0	0	3	43	
161	12	0	0	3	43	
162	12	0	0	3	43	
163	12	0	0	3	43	
164	12	0	0	3	43	
165	12	0	0	3	43	
166	12	0	0	3	43	
167	12	0	0	3	43	
168	11	0	0	3	43	
169	10	0	0	3	43	
170	10	0	0	3	43	
171	10	0	0	3	43	
172	10	0	0	3	43	
173	10	0	0	3	43	
174	9	0	0	3	43	
175	9	0	0	3	43	
176	8	0	0	3	43	
177	8	0	0	3	43	
178	7	0	0	3	43	
179	7	0	0	3	43	
