0	0	0	0	0	0	
1	744	0	0	0	0	
2	724	0	0	0	0	
3	575	110	0	0	0	
4	5	466	96	0	0	
5	2	12	298	74	0	
6	1	8	113	120	58	
7	1	4	98	66	107	
8	0	4	93	66	107	
9	0	4	90	66	107	
10	0	4	90	66	107	
11	0	4	90	66	107	
12	0	4	90	66	107	
13	0	4	90	66	107	
14	0	4	90	66	107	
15	0	4	90	66	107	
16	0	4	90	66	107	
17	0	4	90	66	107	
18	0	4	90	66	107	
19	0	4	90	66	107	
20	0	4	90	66	107	
21	0	4	90	66	107	
22	0	4	90	66	107	
23	0	4	90	66	107	
24	0	4	90	66	107	
25	0	4	90	66	107	
26	0	4	90	66	107	
27	0	4	90	66	107	
28	0	4	90	66	107	
29	0	4	90	66	107	
30	0	4	90	66	107	
31	0	4	90	66	107	
32	0	4	90	66	107	
33	0	4	90	66	107	
34	0	4	90	66	107	
35	0	4	90	66	107	
36	0	4	90	66	107	
37	0	4	90	66	107	
38	0	4	90	66	107	
39	0	4	90	66	107	
40	0	4	90	66	107	
41	0	4	90	66	107	
42	0	4	90	66	107	
43	0	4	90	66	107	
44	0	4	90	66	107	
45	0	4	90	66	107	
46	0	4	90	66	107	
47	0	4	90	66	107	
48	0	4	90	66	107	
49	0	4	90	66	107	
50	0	4	90	66	107	
51	0	4	90	66	107	
52	0	4	90	66	107	
53	0	4	90	66	107	
54	0	4	90	66	107	
55	0	4	90	66	107	
56	0	4	90	66	107	
57	0	4	90	66	107	
58	0	4	90	66	107	
59	0	4	90	66	107	
60	0	4	90	66	107	
61	0	4	90	66	107	
62	0	4	90	66	107	
63	0	4	90	66	107	
64	0	4	90	66	107	
65	0	4	90	66	107	
66	0	4	90	66	107	
67	0	4	90	66	107	
68	0	4	90	66	107	
69	0	4	90	66	107	
70	0	4	90	66	107	
71	0	4	90	66	107	
72	0	4	90	66	107	
73	0	4	90	66	107	
74	0	4	90	66	107	
75	0	4	90	66	107	
76	0	4	90	66	107	
77	0	4	90	66	107	
78	0	4	90	66	107	
79	0	4	90	66	107	
80	0	4	90	66	107	
81	0	4	90	66	107	
82	0	4	90	66	107	
83	0	4	90	66	107	
84	0	4	90	66	107	
85	0	4	90	66	107	
86	0	4	90	66	107	
87	0	4	90	66	107	
88	0	4	90	66	107	
89	0	4	90	66	107	
90	0	4	90	66	107	
91	0	4	90	66	107	
92	0	4	90	66	107	
93	0	4	90	66	107	
94	0	4	90	66	107	
95	0	4	90	66	107	
96	0	4	90	66	107	
97	0	4	90	66	107	
98	0	4	90	66	107	
99	0	4	90	66	107	
100	0	4	90	66	107	
101	0	4	90	66	107	
102	0	4	90	66	107	
103	0	4	90	66	107	
104	0	4	90	66	107	
105	0	4	90	66	107	
106	0	4	90	66	107	
107	0	4	90	66	107	
108	0	4	90	66	107	
109	0	4	90	66	107	
110	0	4	90	66	107	
111	0	4	90	66	107	
112	0	4	90	66	107	
113	0	4	90	66	107	
114	0	4	90	66	107	
115	0	4	90	66	107	
116	0	4	90	66	107	
117	0	4	90	66	107	
118	0	4	90	66	107	
119	0	4	90	66	107	
120	0	4	90	66	107	
121	0	4	90	66	107	
122	0	4	90	66	107	
123	0	4	90	66	107	
124	0	4	90	66	107	
125	0	4	90	66	107	
126	0	4	90	66	107	
127	0	4	90	66	107	
128	0	4	90	66	107	
129	0	4	90	66	107	
130	0	4	90	66	107	
131	0	4	90	66	107	
132	0	4	90	66	107	
133	0	4	90	66	107	
134	0	4	90	66	107	
135	0	4	90	66	107	
136	0	4	90	66	107	
137	0	4	90	66	107	
138	0	4	90	66	107	
139	0	4	90	66	107	
140	0	4	90	66	107	
141	0	4	90	66	107	
142	0	4	90	66	107	
143	0	4	90	66	107	
144	0	4	90	66	107	
145	0	4	90	66	107	
146	0	4	90	66	107	
147	0	4	90	66	107	
148	0	4	90	66	107	
149	0	4	90	66	107	
