0	0.00500
1	0.00550
2	0.00550
3	0.00550
4	0.00650
5	0.00750
6	0.00850
7	0.00850
8	0.00900
9	0.00900
10	0.00950
11	0.00950
12	0.01050
13	0.01050
14	0.01150
15	0.01150
16	0.01150
17	0.01200
18	0.01200
19	0.01250
20	0.01250
21	0.01350
22	0.01400
23	0.01450
24	0.01500
25	0.01500
26	0.01600
27	0.01800
28	0.01950
29	0.02050
30	0.02200
31	0.02500
32	0.02600
33	0.02800
34	0.02900
35	0.03100
36	0.03300
37	0.03550
38	0.03950
39	0.04350
40	0.04550
41	0.04900
42	0.05350
43	0.05900
44	0.06500
45	0.07350
46	0.08150
47	0.09050
48	0.09800
49	0.10550
50	0.11450
51	0.12350
52	0.13250
53	0.14200
54	0.15500
55	0.16700
56	0.17650
57	0.19150
58	0.20400
59	0.22000
60	0.23800
61	0.25200
62	0.26800
63	0.28200
64	0.29400
65	0.31150
66	0.32850
67	0.33900
68	0.35500
69	0.36900
70	0.38450
71	0.39600
72	0.41300
73	0.42950
74	0.44350
75	0.46050
76	0.47450
77	0.48850
78	0.50350
79	0.51950
80	0.53400
81	0.54950
82	0.56300
83	0.57700
84	0.59400
85	0.60550
86	0.62050
87	0.63400
88	0.64700
89	0.65400
90	0.66450
91	0.67500
92	0.68800
93	0.70000
94	0.70950
95	0.72050
96	0.73450
97	0.74250
98	0.74950
99	0.75550
100	0.76500
101	0.77450
102	0.78050
103	0.79000
104	0.79550
105	0.79800
106	0.80300
107	0.80800
108	0.81450
109	0.82250
110	0.83050
111	0.83450
112	0.84000
113	0.84350
114	0.85000
115	0.85650
116	0.86100
117	0.86550
118	0.86950
119	0.87500
120	0.87950
121	0.88250
122	0.88650
123	0.89250
124	0.89550
125	0.90100
126	0.90400
127	0.90950
128	0.91300
129	0.91600
130	0.91700
131	0.91950
132	0.92250
133	0.92350
134	0.92850
135	0.93150
136	0.93450
137	0.93500
138	0.93700
139	0.94000
140	0.94100
141	0.94250
142	0.94550
143	0.94600
144	0.94750
145	0.94900
146	0.95000
147	0.95100
148	0.95200
149	0.95300
150	0.95400
151	0.95550
152	0.95800
153	0.95850
154	0.95900
155	0.96000
156	0.96150
157	0.96200
158	0.96300
159	0.96300
160	0.96400
161	0.96450
162	0.96500
163	0.96550
164	0.96600
165	0.96650
166	0.96650
167	0.96750
168	0.96900
169	0.96900
170	0.96900
171	0.96900
172	0.96950
173	0.97000
174	0.97000
175	0.97050
176	0.97050
177	0.97050
178	0.97100
179	0.97100
