0	0.00000
1	0.00000
2	0.00000
3	0.01408
4	0.01409
5	0.01411
6	0.02362
7	0.03891
8	0.05684
9	0.05684
10	0.04947
11	0.04329
12	0.05748
13	0.04939
14	0.04881
15	0.03267
16	0.05471
17	0.04938
18	0.04787
19	0.04951
20	0.04799
21	0.05355
22	0.05216
23	0.05478
24	0.07669
25	0.08263
26	0.08968
27	0.08321
28	0.09678
29	0.17766
30	0.20138
31	0.19158
32	0.19513
33	0.20580
34	0.22742
35	0.32227
36	0.27366
37	0.28455
38	0.35457
39	0.37423
40	0.42780
41	0.54289
42	0.51493
43	0.56927
44	0.58840
45	0.65116
46	0.63867
47	0.64894
48	0.62067
49	0.56575
50	0.58039
51	0.54034
52	0.51799
53	0.48433
54	0.43650
55	0.40057
56	0.40840
57	0.39522
58	0.35874
59	0.35033
60	0.32674
61	0.32798
62	0.30956
63	0.29121
64	0.27952
65	0.26144
66	0.23039
67	0.22855
68	0.22625
69	0.20058
70	0.18979
71	0.18100
72	0.16908
73	0.15484
74	0.14995
75	0.14640
76	0.13720
77	0.13479
78	0.13094
79	0.12104
80	0.11742
81	0.11955
82	0.11578
83	0.11720
84	0.10753
85	0.10376
86	0.10157
87	0.09017
88	0.08745
89	0.08404
90	0.08112
91	0.07577
92	0.07005
93	0.06765
94	0.06531
95	0.06404
96	0.06091
97	0.05826
98	0.06041
99	0.05593
100	0.05162
101	0.04853
102	0.04734
103	0.04680
104	0.04349
105	0.04349
106	0.03956
107	0.03477
108	0.03289
109	0.02922
110	0.03575
111	0.03922
112	0.03952
113	0.03259
114	0.03249
115	0.03088
116	0.02920
117	0.02905
118	0.02443
119	0.02439
120	0.02341
121	0.02390
122	0.02312
123	0.02050
124	0.01799
125	0.02032
126	0.01966
127	0.02271
128	0.01934
129	0.02034
130	0.01976
131	0.01796
132	0.01595
133	0.01632
134	0.01616
135	0.01497
136	0.01524
137	0.01503
138	0.01581
139	0.01571
140	0.01438
141	0.01376
142	0.01178
143	0.00903
144	0.00830
145	0.00592
146	0.00630
147	0.00627
148	0.00385
149	0.00495
150	0.00552
151	0.00542
152	0.00577
153	0.00574
154	0.00567
155	0.00625
156	0.00636
157	0.00526
158	0.00653
159	0.00636
160	0.00467
161	0.00361
162	0.00377
163	0.00366
164	0.00355
165	0.00201
166	0.00193
167	0.00169
168	0.00177
169	0.00135
170	0.00174
171	0.00174
172	0.00167
173	0.00170
174	0.00185
175	0.00188
176	0.00102
177	0.00031
178	0.00031
179	0.00031
