0	0	0	0	0	0	
1	501	0	0	0	0	
2	501	0	0	0	0	
3	501	0	0	0	0	
4	501	0	0	0	0	
5	501	0	0	0	0	
6	501	0	0	0	0	
7	501	0	0	0	0	
8	501	0	0	0	0	
9	501	0	0	0	0	
10	500	0	0	0	0	
11	500	0	0	0	0	
12	499	0	0	0	0	
13	499	0	0	0	0	
14	498	0	0	0	0	
15	498	0	0	0	0	
16	498	0	0	0	0	
17	497	0	0	0	0	
18	497	0	0	0	0	
19	496	0	0	0	0	
20	496	0	0	0	0	
21	495	0	0	0	0	
22	494	0	0	0	0	
23	493	0	0	0	0	
24	493	0	0	0	0	
25	493	0	0	0	0	
26	492	0	0	0	0	
27	490	0	0	0	0	
28	490	0	0	0	0	
29	489	1	0	0	0	
30	488	0	1	0	0	
31	487	0	0	1	0	
32	487	0	0	0	1	
33	485	0	0	0	1	
34	483	1	0	0	1	
35	477	5	1	0	1	
36	476	2	2	1	1	
37	473	3	0	2	2	
38	472	2	2	0	4	
39	470	1	2	2	4	
40	468	1	1	2	6	
41	460	8	1	1	8	
42	460	0	8	1	9	
43	456	2	0	8	10	
44	449	5	1	0	18	
45	445	2	5	1	18	
46	437	1	2	5	19	
47	433	3	0	2	24	
48	430	1	3	0	26	
49	427	1	1	2	25	
50	423	2	2	0	27	
51	418	2	4	0	27	
52	414	1	2	3	27	
53	409	1	2	3	27	
54	404	1	2	3	27	
55	398	1	2	3	27	
56	394	1	2	3	27	
57	388	1	2	3	27	
58	383	0	2	3	27	
59	380	0	2	3	27	
60	372	0	2	3	27	
61	368	0	2	3	26	
62	357	0	2	3	26	
63	350	0	2	3	26	
64	345	0	2	3	26	
65	336	0	1	3	26	
66	330	0	1	3	26	
67	325	0	1	3	26	
68	318	0	1	3	26	
69	309	0	1	3	26	
70	301	0	1	3	26	
71	292	0	1	3	26	
72	279	0	0	3	26	
73	272	0	0	3	26	
74	267	0	0	3	26	
75	256	0	0	3	26	
76	247	0	0	3	25	
77	241	0	0	3	25	
78	232	0	0	3	25	
79	226	0	0	3	25	
80	216	0	0	3	25	
81	210	0	0	3	25	
82	203	0	0	3	25	
83	198	0	0	3	25	
84	190	0	0	3	25	
85	186	0	0	3	25	
86	177	0	0	3	25	
87	170	0	0	3	25	
88	163	0	0	3	25	
89	158	0	0	3	25	
90	153	0	0	3	25	
91	146	0	0	3	25	
92	138	0	0	3	25	
93	130	0	0	3	25	
94	128	0	0	3	25	
95	123	0	0	3	25	
96	115	0	0	3	25	
97	112	0	0	3	25	
98	110	0	0	3	25	
99	107	0	0	3	25	
100	101	0	0	3	25	
101	95	0	0	3	25	
102	91	0	0	3	25	
103	87	0	0	3	25	
104	84	0	0	3	25	
105	84	0	0	3	25	
106	79	0	0	3	25	
107	77	0	0	3	25	
108	76	0	0	3	25	
109	75	0	0	3	25	
110	73	0	0	3	25	
111	71	0	0	3	25	
112	68	0	0	3	25	
113	67	0	0	3	25	
114	64	0	0	3	25	
115	62	0	0	3	25	
116	60	0	0	3	25	
117	58	0	0	3	25	
118	55	0	0	3	25	
119	52	0	0	3	25	
120	49	0	0	3	25	
121	48	0	0	3	25	
122	45	0	0	3	25	
123	42	0	0	3	25	
124	42	0	0	3	25	
125	41	0	0	3	25	
126	38	0	0	3	25	
127	35	0	0	3	25	
128	35	0	0	3	25	
129	34	0	0	3	25	
130	33	0	0	3	25	
131	31	0	0	3	25	
132	30	0	0	3	25	
133	30	0	0	3	25	
134	27	0	0	3	25	
135	26	0	0	3	25	
136	25	0	0	3	25	
137	25	0	0	3	25	
138	24	0	0	3	25	
139	22	0	0	3	25	
140	21	0	0	3	25	
141	20	0	0	3	25	
142	19	0	0	3	25	
143	19	0	0	3	25	
144	18	0	0	3	25	
145	18	0	0	3	25	
146	18	0	0	3	25	
147	17	0	0	3	25	
148	16	0	0	3	25	
149	15	0	0	3	25	
150	15	0	0	3	25	
151	15	0	0	3	25	
152	15	0	0	3	25	
153	15	0	0	3	25	
154	15	0	0	3	25	
155	15	0	0	3	25	
156	15	0	0	3	25	
157	15	0	0	3	25	
158	15	0	0	3	25	
159	15	0	0	3	25	
160	15	0	0	3	25	
161	14	0	0	3	25	
162	14	0	0	3	25	
163	13	0	0	3	25	
164	13	0	0	3	25	
165	13	0	0	3	25	
166	13	0	0	3	25	
167	13	0	0	3	25	
168	12	0	0	3	25	
169	12	0	0	3	25	
170	12	0	0	3	25	
171	12	0	0	3	25	
172	12	0	0	3	25	
173	12	0	0	3	25	
174	12	0	0	3	25	
175	12	0	0	3	25	
176	12	0	0	3	25	
177	12	0	0	3	25	
178	12	0	0	3	25	
179	12	0	0	3	25	
