0	0.00000
1	0.00000
2	0.00000
3	0.00000
4	0.00500
5	0.00000
6	0.00000
7	0.00500
8	0.00000
9	0.00000
10	0.00000
11	0.00000
12	0.00500
13	0.00000
14	0.00000
15	0.00000
16	0.00500
17	0.00500
18	0.00000
19	0.00500
20	0.00500
21	0.00500
22	0.00500
23	0.00000
24	0.01000
25	0.00000
26	0.00500
27	0.00500
28	0.00000
29	0.00500
30	0.00500
31	0.00500
32	0.00500
33	0.00500
34	0.00500
35	0.00000
36	0.00500
37	0.01000
38	0.00500
39	0.00500
40	0.00000
41	0.00000
42	0.00500
43	0.00000
44	0.00500
45	0.00500
46	0.01000
47	0.02500
48	0.00500
49	0.01000
50	0.00500
51	0.00000
52	0.01500
53	0.00000
54	0.01000
55	0.01000
56	0.00000
57	0.00000
58	0.01500
59	0.00500
60	0.00500
61	0.00500
62	0.01500
63	0.00000
64	0.01000
65	0.01500
66	0.00500
67	0.01000
68	0.00500
69	0.02000
70	0.00500
71	0.00500
72	0.00000
73	0.00500
74	0.00500
75	0.00500
76	0.00000
77	0.01000
78	0.00500
79	0.00500
80	0.00500
81	0.01000
82	0.01000
83	0.01000
84	0.00000
85	0.01000
86	0.00500
87	0.00000
88	0.00500
89	0.01500
90	0.00000
91	0.01500
92	0.00500
93	0.00500
94	0.00000
95	0.00500
96	0.02000
97	0.00000
98	0.00500
99	0.01000
100	0.01000
101	0.00000
102	0.00500
103	0.00000
104	0.01000
105	0.00500
106	0.00000
107	0.00000
108	0.00000
109	0.01000
110	0.00500
111	0.01500
112	0.01500
113	0.01000
114	0.00500
115	0.00000
116	0.00500
117	0.00000
118	0.00000
119	0.01000
120	0.01500
121	0.00000
122	0.00000
123	0.00000
124	0.00000
125	0.00000
126	0.01000
127	0.00500
128	0.00500
129	0.00000
130	0.00000
131	0.00000
132	0.00000
133	0.00000
134	0.00000
135	0.00500
136	0.00000
137	0.00000
138	0.00000
139	0.00000
140	0.00000
141	0.00000
142	0.00000
143	0.00000
144	0.00000
145	0.00000
146	0.00000
147	0.00000
148	0.00500
149	0.00000
150	0.00000
151	0.00000
152	0.00000
153	0.00500
154	0.00000
155	0.00500
156	0.00000
157	0.00000
158	0.00000
159	0.00500
160	0.00000
161	0.00000
162	0.00000
163	0.00000
164	0.00000
165	0.00000
166	0.00000
167	0.00000
168	0.00000
169	0.00000
170	0.00500
171	0.00000
172	0.00000
173	0.00000
174	0.00000
175	0.00000
176	0.00000
177	0.00000
178	0.00000
179	0.00000
180	0.00500
181	0.00000
182	0.00000
183	0.00000
184	0.00000
185	0.00000
186	0.00000
187	0.00500
188	0.00500
189	0.00000
190	0.00000
191	0.00000
192	0.00000
193	0.00000
194	0.00000
195	0.00000
196	0.00000
197	0.00000
198	0.00000
199	0.00000
