0	0.02000
1	0.02000
2	0.02000
3	0.02000
4	0.02500
5	0.02500
6	0.02500
7	0.03000
8	0.03000
9	0.03000
10	0.03000
11	0.03000
12	0.03500
13	0.03500
14	0.03500
15	0.03500
16	0.04000
17	0.04500
18	0.04500
19	0.05000
20	0.05500
21	0.06000
22	0.06500
23	0.06500
24	0.07500
25	0.07500
26	0.08000
27	0.08500
28	0.08500
29	0.09000
30	0.09500
31	0.10000
32	0.10500
33	0.11000
34	0.11500
35	0.11500
36	0.12000
37	0.13000
38	0.13500
39	0.14000
40	0.14000
41	0.14000
42	0.14500
43	0.14500
44	0.15000
45	0.15500
46	0.16500
47	0.19000
48	0.19500
49	0.20500
50	0.21000
51	0.21000
52	0.22500
53	0.22500
54	0.23500
55	0.24500
56	0.24500
57	0.24500
58	0.26000
59	0.26500
60	0.27000
61	0.27500
62	0.29000
63	0.29000
64	0.30000
65	0.31500
66	0.32000
67	0.33000
68	0.33500
69	0.35500
70	0.36000
71	0.36500
72	0.36500
73	0.37000
74	0.37500
75	0.38000
76	0.38000
77	0.39000
78	0.39500
79	0.40000
80	0.40500
81	0.41500
82	0.42500
83	0.43500
84	0.43500
85	0.44500
86	0.45000
87	0.45000
88	0.45500
89	0.47000
90	0.47000
91	0.48500
92	0.49000
93	0.49500
94	0.49500
95	0.50000
96	0.52000
97	0.52000
98	0.52500
99	0.53500
100	0.54500
101	0.54500
102	0.55000
103	0.55000
104	0.56000
105	0.56500
106	0.56500
107	0.56500
108	0.56500
109	0.57500
110	0.58000
111	0.59500
112	0.61000
113	0.62000
114	0.62500
115	0.62500
116	0.63000
117	0.63000
118	0.63000
119	0.64000
120	0.65500
121	0.65500
122	0.65500
123	0.65500
124	0.65500
125	0.65500
126	0.66500
127	0.67000
128	0.67500
129	0.67500
130	0.67500
131	0.67500
132	0.67500
133	0.67500
134	0.67500
135	0.68000
136	0.68000
137	0.68000
138	0.68000
139	0.68000
140	0.68000
141	0.68000
142	0.68000
143	0.68000
144	0.68000
145	0.68000
146	0.68000
147	0.68000
148	0.68500
149	0.68500
150	0.68500
151	0.68500
152	0.68500
153	0.69000
154	0.69000
155	0.69500
156	0.69500
157	0.69500
158	0.69500
159	0.70000
160	0.70000
161	0.70000
162	0.70000
163	0.70000
164	0.70000
165	0.70000
166	0.70000
167	0.70000
168	0.70000
169	0.70000
170	0.70500
171	0.70500
172	0.70500
173	0.70500
174	0.70500
175	0.70500
176	0.70500
177	0.70500
178	0.70500
179	0.70500
180	0.71000
181	0.71000
182	0.71000
183	0.71000
184	0.71000
185	0.71000
186	0.71000
187	0.71500
188	0.72000
189	0.72000
190	0.72000
191	0.72000
192	0.72000
193	0.72000
194	0.72000
195	0.72000
196	0.72000
197	0.72000
198	0.72000
199	0.72000
