0	0.00000
1	0.00000
2	0.00000
3	0.00000
4	0.00000
5	0.00000
6	0.02051
7	0.01546
8	0.01546
9	0.04639
10	0.04639
11	0.04639
12	0.04663
13	0.04663
14	0.07772
15	0.07772
16	0.07812
17	0.07068
18	0.09424
19	0.14211
20	0.14286
21	0.18617
22	0.23529
23	0.28342
24	0.32432
25	0.30811
26	0.35054
27	0.31967
28	0.35519
29	0.38187
30	0.37017
31	0.40278
32	0.42737
33	0.48876
34	0.55179
35	0.59981
36	0.59943
37	0.58429
38	0.64836
39	0.69767
40	0.72965
41	0.78198
42	0.77485
43	0.74659
44	0.77941
45	0.76923
46	0.78343
47	0.79835
48	0.87681
49	1.12002
50	1.10496
51	1.18354
52	1.20699
53	1.08763
54	1.17320
55	1.11148
56	1.22241
57	1.28753
58	1.24831
59	1.17234
60	1.30023
61	1.30023
62	1.29847
63	1.28322
64	1.36643
65	1.32579
66	1.36189
67	1.41269
68	1.42018
69	1.39315
70	1.31732
71	1.31522
72	1.34160
73	1.33307
74	1.27640
75	1.28333
76	1.24570
77	1.24385
78	1.21212
79	1.26597
80	1.30210
81	1.28091
82	1.28464
83	1.34469
84	1.36195
85	1.39474
86	1.35212
87	1.37591
88	1.36804
89	1.31211
90	1.31824
91	1.32314
92	1.30654
93	1.39842
94	1.36756
95	1.37274
96	1.36379
97	1.37473
98	1.43544
99	1.38190
100	1.37156
101	1.38467
102	1.35775
103	1.32257
104	1.31266
105	1.26856
106	1.30282
107	1.28788
108	1.25301
109	1.18975
110	1.16502
111	1.17947
112	1.15603
113	1.20008
114	1.19310
115	1.24284
116	1.20491
117	1.19995
118	1.19040
119	1.12967
120	1.12289
121	1.11789
122	1.13217
123	1.11913
124	1.10947
125	1.09601
126	1.08445
127	1.03630
128	1.07214
129	1.05118
130	1.04800
131	1.03902
132	1.02195
133	1.02195
134	1.00976
135	0.99429
136	0.98358
137	1.00260
138	1.00260
139	0.98917
140	0.98292
141	0.96804
142	0.95113
143	0.92822
144	0.90947
145	0.88975
146	0.86298
147	0.86298
148	0.86062
149	0.86062
150	0.86633
151	0.85427
152	0.84633
153	0.83598
154	0.80486
155	0.80092
156	0.77633
157	0.76930
158	0.76550
159	0.75992
160	0.75992
161	0.77580
162	0.77080
163	0.77080
164	0.75651
165	0.74012
166	0.72983
167	0.71201
168	0.70617
169	0.69951
170	0.69171
171	0.68357
172	0.69574
173	0.69211
174	0.68363
175	0.68363
176	0.67694
177	0.67270
178	0.65495
179	0.65010
180	0.65160
181	0.65160
182	0.66303
183	0.66303
184	0.64479
185	0.64257
186	0.64257
187	0.64214
188	0.63575
189	0.64648
190	0.63517
191	0.62258
192	0.62258
193	0.61633
194	0.60511
195	0.59916
196	0.59916
197	0.59320
198	0.57894
199	0.57061
