0	0.00500
1	0.00600
2	0.00650
3	0.00750
4	0.00800
5	0.00950
6	0.00950
7	0.01100
8	0.01250
9	0.01550
10	0.01700
11	0.01850
12	0.02150
13	0.02400
14	0.02550
15	0.02800
16	0.03200
17	0.03600
18	0.03900
19	0.04250
20	0.04600
21	0.05000
22	0.05700
23	0.06250
24	0.07200
25	0.07950
26	0.08850
27	0.09500
28	0.10350
29	0.11300
30	0.12250
31	0.13550
32	0.14950
33	0.16200
34	0.17050
35	0.18400
36	0.19800
37	0.21700
38	0.23300
39	0.24500
40	0.26200
41	0.27800
42	0.29450
43	0.30650
44	0.31900
45	0.33400
46	0.35300
47	0.37000
48	0.38400
49	0.39650
50	0.40950
51	0.42300
52	0.44250
53	0.46150
54	0.47950
55	0.49200
56	0.50800
57	0.52200
58	0.54000
59	0.55100
60	0.56250
61	0.57950
62	0.59650
63	0.61050
64	0.62050
65	0.63450
66	0.65300
67	0.66550
68	0.67800
69	0.69050
70	0.70300
71	0.71650
72	0.72500
73	0.73850
74	0.74750
75	0.76100
76	0.76900
77	0.77950
78	0.78900
79	0.79650
80	0.80400
81	0.81600
82	0.82300
83	0.83350
84	0.84000
85	0.84500
86	0.85300
87	0.85800
88	0.86550
89	0.86900
90	0.87300
91	0.87950
92	0.88250
93	0.88800
94	0.89400
95	0.90000
96	0.90250
97	0.90700
98	0.91050
99	0.91550
100	0.91850
101	0.92050
102	0.92300
103	0.92600
104	0.92950
105	0.93300
106	0.93600
107	0.93750
108	0.93950
109	0.94050
110	0.94450
111	0.94650
112	0.94650
113	0.94950
114	0.95250
115	0.95500
116	0.95550
117	0.95800
118	0.96000
119	0.96250
120	0.96350
121	0.96550
122	0.96800
123	0.96900
124	0.96950
125	0.97050
126	0.97100
127	0.97350
128	0.97500
129	0.97600
130	0.97750
131	0.97800
132	0.97800
133	0.97950
134	0.98050
135	0.98050
136	0.98100
137	0.98150
138	0.98150
139	0.98200
140	0.98200
141	0.98300
142	0.98400
143	0.98500
144	0.98600
145	0.98650
146	0.98750
147	0.98800
148	0.98900
149	0.98950
150	0.99000
151	0.99100
152	0.99100
153	0.99100
154	0.99200
155	0.99200
156	0.99250
157	0.99250
158	0.99250
159	0.99250
160	0.99250
161	0.99300
162	0.99350
163	0.99350
164	0.99400
165	0.99400
166	0.99450
167	0.99450
168	0.99450
169	0.99450
170	0.99450
171	0.99450
172	0.99450
173	0.99450
174	0.99450
175	0.99500
176	0.99500
177	0.99500
178	0.99500
179	0.99500
