0	0	0	0	0	0	
1	21	0	0	0	0	
2	21	0	0	0	0	
3	21	0	0	0	0	
4	21	0	0	0	0	
5	21	0	0	0	0	
6	21	0	0	0	0	
7	21	0	0	0	0	
8	21	0	0	0	0	
9	21	0	0	0	0	
10	21	0	0	0	0	
11	21	0	0	0	0	
12	21	0	0	0	0	
13	21	0	0	0	0	
14	21	0	0	0	0	
15	21	0	0	0	0	
16	21	0	0	0	0	
17	21	0	0	0	0	
18	21	0	0	0	0	
19	21	0	0	0	0	
20	21	0	0	0	0	
21	21	0	0	0	0	
22	21	0	0	0	0	
23	21	0	0	0	0	
24	21	0	0	0	0	
25	21	0	0	0	0	
26	21	0	0	0	0	
27	21	0	0	0	0	
28	21	0	0	0	0	
29	21	0	0	0	0	
30	21	0	0	0	0	
31	21	0	0	0	0	
32	21	0	0	0	0	
33	21	0	0	0	0	
34	21	0	0	0	0	
35	21	0	0	0	0	
36	21	0	0	0	0	
37	21	0	0	0	0	
38	21	0	0	0	0	
39	21	0	0	0	0	
40	21	0	0	0	0	
41	21	0	0	0	0	
42	21	0	0	0	0	
43	21	0	0	0	0	
44	21	0	0	0	0	
45	21	0	0	0	0	
46	21	0	0	0	0	
47	21	0	0	0	0	
48	21	0	0	0	0	
49	21	0	0	0	0	
50	21	0	0	0	0	
51	21	0	0	0	0	
52	21	0	0	0	0	
53	21	0	0	0	0	
54	21	0	0	0	0	
55	21	0	0	0	0	
56	21	0	0	0	0	
57	21	0	0	0	0	
58	21	0	0	0	0	
59	21	0	0	0	0	
60	21	0	0	0	0	
61	21	0	0	0	0	
62	21	0	0	0	0	
63	21	0	0	0	0	
64	21	0	0	0	0	
65	21	0	0	0	0	
66	21	0	0	0	0	
67	21	0	0	0	0	
68	21	0	0	0	0	
69	21	0	0	0	0	
70	21	0	0	0	0	
71	21	0	0	0	0	
72	21	0	0	0	0	
73	21	0	0	0	0	
74	21	0	0	0	0	
75	21	0	0	0	0	
76	21	0	0	0	0	
77	21	0	0	0	0	
78	21	0	0	0	0	
79	20	0	0	0	0	
80	20	0	0	0	0	
81	20	0	0	0	0	
82	20	0	0	0	0	
83	20	0	0	0	0	
84	20	0	0	0	0	
85	20	0	0	0	0	
86	20	0	0	0	0	
87	20	0	0	0	0	
88	20	0	0	0	0	
89	20	0	0	0	0	
90	20	0	0	0	0	
91	20	0	0	0	0	
92	20	0	0	0	0	
93	20	0	0	0	0	
94	20	0	0	0	0	
95	20	0	0	0	0	
96	20	0	0	0	0	
97	20	0	0	0	0	
98	20	0	0	0	0	
99	20	0	0	0	0	
100	20	0	0	0	0	
101	20	0	0	0	0	
102	20	0	0	0	0	
103	20	0	0	0	0	
104	20	0	0	0	0	
105	20	0	0	0	0	
106	20	0	0	0	0	
107	20	0	0	0	0	
108	20	0	0	0	0	
109	20	0	0	0	0	
110	20	0	0	0	0	
111	20	0	0	0	0	
112	20	0	0	0	0	
113	20	0	0	0	0	
114	20	0	0	0	0	
115	20	0	0	0	0	
116	20	0	0	0	0	
117	20	0	0	0	0	
118	20	0	0	0	0	
119	20	0	0	0	0	
120	20	0	0	0	0	
121	20	0	0	0	0	
122	20	0	0	0	0	
123	20	0	0	0	0	
124	20	0	0	0	0	
125	20	0	0	0	0	
126	20	0	0	0	0	
127	20	0	0	0	0	
128	20	0	0	0	0	
129	20	0	0	0	0	
130	20	0	0	0	0	
131	20	0	0	0	0	
132	20	0	0	0	0	
133	20	0	0	0	0	
134	20	0	0	0	0	
135	20	0	0	0	0	
136	20	0	0	0	0	
137	20	0	0	0	0	
138	20	0	0	0	0	
139	20	0	0	0	0	
140	20	0	0	0	0	
141	20	0	0	0	0	
142	20	0	0	0	0	
143	20	0	0	0	0	
144	20	0	0	0	0	
145	20	0	0	0	0	
146	20	0	0	0	0	
147	20	0	0	0	0	
148	20	0	0	0	0	
149	20	0	0	0	0	
