0	0.00000
1	0.00000
2	0.00000
3	0.01432
4	0.07819
5	0.17944
6	0.43279
7	0.72594
8	1.04256
9	1.38061
10	1.52374
11	1.59637
12	1.50451
13	1.31314
14	1.06284
15	0.79639
16	0.58204
17	0.41534
18	0.28295
19	0.19759
20	0.13794
21	0.10006
22	0.07946
23	0.06150
24	0.04762
25	0.03662
26	0.03142
27	0.02388
28	0.02056
29	0.01518
30	0.01036
31	0.00869
32	0.00706
33	0.00339
34	0.00295
35	0.00139
36	0.00092
37	0.00064
38	0.00024
39	0.00024
40	0.00024
41	0.00024
42	0.00024
43	0.00000
44	0.00000
45	0.00000
46	0.00000
47	0.00000
48	0.00000
49	0.00000
50	0.00000
51	0.00000
52	0.00000
53	0.00000
54	0.00000
55	0.00000
56	0.00000
57	0.00000
58	0.00000
59	0.00000
60	0.00000
61	0.00000
62	0.00000
63	0.00000
64	0.00000
65	0.00000
66	0.00000
67	0.00000
68	0.00000
69	0.00000
70	0.00000
71	0.00000
72	0.00000
73	0.00000
74	0.00000
75	0.00000
76	0.00000
77	0.00000
78	0.00000
79	0.00000
80	0.00000
81	0.00000
82	0.00000
83	0.00000
84	0.00000
85	0.00000
86	0.00000
87	0.00000
88	0.00000
89	0.00000
90	0.00000
91	0.00000
92	0.00000
93	0.00000
94	0.00000
95	0.00000
96	0.00000
97	0.00000
98	0.00000
99	0.00000
