0	0.00000
1	0.00150
2	0.00050
3	0.00150
4	0.00050
5	0.00250
6	0.00050
7	0.00100
8	0.00200
9	0.00200
10	0.00050
11	0.00100
12	0.00100
13	0.00050
14	0.00300
15	0.00250
16	0.00550
17	0.00300
18	0.00150
19	0.00250
20	0.00350
21	0.00500
22	0.00400
23	0.00500
24	0.01000
25	0.00600
26	0.00400
27	0.00650
28	0.01100
29	0.00550
30	0.00900
31	0.01300
32	0.00750
33	0.01250
34	0.00650
35	0.00950
36	0.01300
37	0.01350
38	0.01300
39	0.01250
40	0.01050
41	0.01800
42	0.01500
43	0.01400
44	0.01500
45	0.01450
46	0.01200
47	0.01300
48	0.01350
49	0.01000
50	0.01050
51	0.01350
52	0.01150
53	0.01100
54	0.01150
55	0.00800
56	0.00950
57	0.01050
58	0.00950
59	0.00600
60	0.00900
61	0.00600
62	0.00650
63	0.00850
64	0.00450
65	0.00500
66	0.00350
67	0.00250
68	0.00550
69	0.00350
70	0.00300
71	0.00100
72	0.00200
73	0.00100
74	0.00200
75	0.00200
76	0.00250
77	0.00100
78	0.00050
79	0.00150
80	0.00100
81	0.00050
82	0.00100
83	0.00100
84	0.00050
85	0.00000
86	0.00050
87	0.00000
88	0.00100
89	0.00000
90	0.00050
91	0.00000
92	0.00000
93	0.00100
94	0.00000
95	0.00000
96	0.00000
97	0.00050
98	0.00050
99	0.00000
