0	0.00000
1	0.00000
2	0.00000
3	0.18182
4	0.16667
5	0.30769
6	0.28571
7	0.53333
8	0.41176
9	0.44444
10	0.50000
11	0.47826
12	0.40000
13	0.32143
14	0.25806
15	0.21212
16	0.31429
17	0.30769
18	0.44186
19	0.44681
20	0.39216
21	0.35714
22	0.33871
23	0.36765
24	0.34667
25	0.33735
26	0.43956
27	0.41584
28	0.36036
29	0.34426
30	0.37778
31	0.33108
32	0.32716
33	0.35393
34	0.31959
35	0.33175
36	0.28384
37	0.26721
38	0.26966
39	0.27083
40	0.26452
41	0.25602
42	0.23380
43	0.25066
44	0.24444
45	0.23148
46	0.22174
47	0.21107
48	0.19186
49	0.17831
50	0.16579
51	0.14667
52	0.13440
53	0.13057
54	0.12444
55	0.11731
56	0.11203
57	0.10067
58	0.09387
59	0.09137
60	0.08653
61	0.07479
62	0.07320
63	0.06474
64	0.06016
65	0.05902
66	0.05148
67	0.04752
68	0.04047
69	0.03368
70	0.03330
71	0.03093
72	0.02758
73	0.02128
74	0.01913
75	0.01502
76	0.01394
77	0.01288
78	0.01382
79	0.01180
80	0.00980
81	0.00978
82	0.00877
83	0.00778
84	0.00679
85	0.00678
86	0.00580
87	0.00483
88	0.00385
89	0.00289
90	0.00385
91	0.00288
92	0.00288
93	0.00192
94	0.00192
95	0.00287
96	0.00287
97	0.00191
98	0.00191
99	0.00191
