0	0	0	0	0	0	
1	999	0	0	0	0	
2	999	0	0	0	0	
3	998	0	0	0	0	
4	997	0	0	0	0	
5	0	994	0	0	0	
6	0	0	994	0	0	
7	0	0	0	992	0	
8	0	0	0	0	992	
9	0	0	0	0	992	
10	0	0	0	0	992	
11	0	0	0	0	992	
12	0	0	0	0	992	
13	0	0	0	0	992	
14	0	0	0	0	992	
15	0	0	0	0	992	
16	0	0	0	0	991	
17	0	0	0	0	991	
18	0	0	0	0	991	
19	0	0	0	0	991	
20	0	0	0	0	991	
21	0	0	0	0	991	
22	0	0	0	0	991	
23	0	0	0	0	991	
24	0	0	0	0	991	
25	0	0	0	0	990	
26	0	0	0	0	989	
27	0	0	0	0	987	
28	0	0	0	0	986	
29	0	0	0	0	986	
30	0	0	0	0	985	
31	0	0	0	0	984	
32	0	0	0	0	982	
33	0	0	0	0	981	
34	0	0	0	0	981	
35	0	0	0	0	981	
36	0	0	0	0	981	
37	0	0	0	0	979	
38	0	0	0	0	978	
39	0	0	0	0	977	
40	0	0	0	0	976	
41	0	0	0	0	976	
42	0	0	0	0	976	
43	0	0	0	0	975	
44	0	0	0	0	973	
45	0	0	0	0	972	
46	0	0	0	0	971	
47	0	0	0	0	969	
48	0	0	0	0	969	
49	0	0	0	0	968	
50	0	0	0	0	965	
51	0	0	0	0	963	
52	0	0	0	0	961	
53	0	0	0	0	961	
54	0	0	0	0	960	
55	0	0	0	0	959	
56	0	0	0	0	957	
57	0	0	0	0	957	
58	0	0	0	0	957	
59	0	0	0	0	957	
60	0	0	0	0	957	
61	0	0	0	0	957	
62	0	0	0	0	957	
63	0	0	0	0	956	
64	0	0	0	0	954	
65	0	0	0	0	953	
66	0	0	0	0	953	
67	0	0	0	0	953	
68	0	0	0	0	952	
69	0	0	0	0	952	
70	0	0	0	0	951	
71	0	0	0	0	951	
72	0	0	0	0	951	
73	0	0	0	0	951	
74	0	0	0	0	951	
75	0	0	0	0	950	
76	0	0	0	0	950	
77	0	0	0	0	950	
78	0	0	0	0	950	
79	0	0	0	0	950	
80	0	0	0	0	950	
81	0	0	0	0	950	
82	0	0	0	0	950	
83	0	0	0	0	950	
84	0	0	0	0	950	
85	0	0	0	0	950	
86	0	0	0	0	950	
87	0	0	0	0	950	
88	0	0	0	0	950	
89	0	0	0	0	950	
90	0	0	0	0	950	
91	0	0	0	0	950	
92	0	0	0	0	950	
93	0	0	0	0	950	
94	0	0	0	0	950	
95	0	0	0	0	950	
96	0	0	0	0	950	
97	0	0	0	0	950	
98	0	0	0	0	950	
99	0	0	0	0	950	
