0	0.00500
1	0.01450
2	0.04050
3	0.10450
4	0.27200
5	0.52650
6	0.76750
7	0.87600
8	0.89800
9	0.90250
10	0.90400
11	0.90450
12	0.90450
13	0.90450
14	0.90450
15	0.90450
16	0.90450
17	0.90450
18	0.90450
19	0.90450
20	0.90450
21	0.90450
22	0.90450
23	0.90450
24	0.90450
25	0.90450
26	0.90450
27	0.90450
28	0.90450
29	0.90450
30	0.90450
31	0.90450
32	0.90450
33	0.90450
34	0.90450
35	0.90450
36	0.90450
37	0.90450
38	0.90450
39	0.90450
40	0.90450
41	0.90450
42	0.90450
43	0.90450
44	0.90450
45	0.90450
46	0.90450
47	0.90450
48	0.90450
49	0.90450
50	0.90450
51	0.90450
52	0.90450
53	0.90450
54	0.90450
55	0.90450
56	0.90450
57	0.90450
58	0.90450
59	0.90450
60	0.90450
61	0.90450
62	0.90450
63	0.90450
64	0.90450
65	0.90450
66	0.90450
67	0.90450
68	0.90450
69	0.90450
70	0.90450
71	0.90450
72	0.90450
73	0.90450
74	0.90450
75	0.90450
76	0.90450
77	0.90450
78	0.90450
79	0.90450
80	0.90450
81	0.90450
82	0.90450
83	0.90450
84	0.90450
85	0.90450
86	0.90450
87	0.90450
88	0.90450
89	0.90450
90	0.90450
91	0.90450
92	0.90450
93	0.90450
94	0.90450
95	0.90450
96	0.90450
97	0.90450
98	0.90450
99	0.90450
100	0.90450
101	0.90450
102	0.90450
103	0.90450
104	0.90450
105	0.90450
106	0.90450
107	0.90450
108	0.90450
109	0.90450
110	0.90450
111	0.90450
112	0.90450
113	0.90450
114	0.90450
115	0.90450
116	0.90450
117	0.90450
118	0.90450
119	0.90450
120	0.90450
121	0.90450
122	0.90450
123	0.90450
124	0.90450
125	0.90450
126	0.90450
127	0.90450
128	0.90450
129	0.90450
130	0.90450
131	0.90450
132	0.90450
133	0.90450
134	0.90450
135	0.90450
136	0.90450
137	0.90450
138	0.90450
139	0.90450
140	0.90450
141	0.90450
142	0.90450
143	0.90450
144	0.90450
145	0.90450
146	0.90450
147	0.90450
148	0.90450
149	0.90450
