0	0	0	0	0	0	
1	595	0	0	0	0	
2	577	0	0	0	0	
3	0	535	0	0	0	
4	0	0	462	0	0	
5	0	0	0	404	0	
6	0	0	0	0	363	
7	0	0	0	0	362	
8	0	0	0	0	362	
9	0	0	0	0	361	
10	0	0	0	0	361	
11	0	0	0	0	361	
12	0	0	0	0	361	
13	0	0	0	0	361	
14	0	0	0	0	361	
15	0	0	0	0	361	
16	0	0	0	0	361	
17	0	0	0	0	361	
18	0	0	0	0	361	
19	0	0	0	0	361	
20	0	0	0	0	361	
21	0	0	0	0	361	
22	0	0	0	0	361	
23	0	0	0	0	361	
24	0	0	0	0	361	
25	0	0	0	0	361	
26	0	0	0	0	361	
27	0	0	0	0	361	
28	0	0	0	0	361	
29	0	0	0	0	361	
30	0	0	0	0	361	
31	0	0	0	0	361	
32	0	0	0	0	361	
33	0	0	0	0	361	
34	0	0	0	0	361	
35	0	0	0	0	361	
36	0	0	0	0	361	
37	0	0	0	0	361	
38	0	0	0	0	361	
39	0	0	0	0	361	
40	0	0	0	0	361	
41	0	0	0	0	361	
42	0	0	0	0	361	
43	0	0	0	0	361	
44	0	0	0	0	361	
45	0	0	0	0	361	
46	0	0	0	0	361	
47	0	0	0	0	361	
48	0	0	0	0	361	
49	0	0	0	0	361	
50	0	0	0	0	361	
51	0	0	0	0	361	
52	0	0	0	0	361	
53	0	0	0	0	361	
54	0	0	0	0	361	
55	0	0	0	0	361	
56	0	0	0	0	361	
57	0	0	0	0	361	
58	0	0	0	0	361	
59	0	0	0	0	361	
60	0	0	0	0	361	
61	0	0	0	0	361	
62	0	0	0	0	361	
63	0	0	0	0	361	
64	0	0	0	0	361	
65	0	0	0	0	361	
66	0	0	0	0	361	
67	0	0	0	0	361	
68	0	0	0	0	361	
69	0	0	0	0	361	
70	0	0	0	0	361	
71	0	0	0	0	361	
72	0	0	0	0	361	
73	0	0	0	0	361	
74	0	0	0	0	361	
75	0	0	0	0	361	
76	0	0	0	0	361	
77	0	0	0	0	361	
78	0	0	0	0	361	
79	0	0	0	0	361	
80	0	0	0	0	361	
81	0	0	0	0	361	
82	0	0	0	0	361	
83	0	0	0	0	361	
84	0	0	0	0	361	
85	0	0	0	0	361	
86	0	0	0	0	361	
87	0	0	0	0	361	
88	0	0	0	0	361	
89	0	0	0	0	361	
90	0	0	0	0	361	
91	0	0	0	0	361	
92	0	0	0	0	361	
93	0	0	0	0	361	
94	0	0	0	0	361	
95	0	0	0	0	361	
96	0	0	0	0	361	
97	0	0	0	0	361	
98	0	0	0	0	361	
99	0	0	0	0	361	
100	0	0	0	0	361	
101	0	0	0	0	361	
102	0	0	0	0	361	
103	0	0	0	0	361	
104	0	0	0	0	361	
105	0	0	0	0	361	
106	0	0	0	0	361	
107	0	0	0	0	361	
108	0	0	0	0	361	
109	0	0	0	0	361	
110	0	0	0	0	361	
111	0	0	0	0	361	
112	0	0	0	0	361	
113	0	0	0	0	361	
114	0	0	0	0	361	
115	0	0	0	0	361	
116	0	0	0	0	361	
117	0	0	0	0	361	
118	0	0	0	0	361	
119	0	0	0	0	361	
120	0	0	0	0	361	
121	0	0	0	0	361	
122	0	0	0	0	361	
123	0	0	0	0	361	
124	0	0	0	0	361	
125	0	0	0	0	361	
126	0	0	0	0	361	
127	0	0	0	0	361	
128	0	0	0	0	361	
129	0	0	0	0	361	
130	0	0	0	0	361	
131	0	0	0	0	361	
132	0	0	0	0	361	
133	0	0	0	0	361	
134	0	0	0	0	361	
135	0	0	0	0	361	
136	0	0	0	0	361	
137	0	0	0	0	361	
138	0	0	0	0	361	
139	0	0	0	0	361	
140	0	0	0	0	361	
141	0	0	0	0	361	
142	0	0	0	0	361	
143	0	0	0	0	361	
144	0	0	0	0	361	
145	0	0	0	0	361	
146	0	0	0	0	361	
147	0	0	0	0	361	
148	0	0	0	0	361	
149	0	0	0	0	361	
150	0	0	0	0	361	
