0	0.00000
1	0.00050
2	0.00050
3	0.00050
4	0.00050
5	0.00100
6	0.00050
7	0.00150
8	0.00000
9	0.00100
10	0.00200
11	0.00150
12	0.00250
13	0.00200
14	0.00150
15	0.00350
16	0.00250
17	0.00250
18	0.00200
19	0.00500
20	0.00350
21	0.00350
22	0.00600
23	0.00350
24	0.00300
25	0.00650
26	0.00200
27	0.00450
28	0.00850
29	0.00700
30	0.00550
31	0.00550
32	0.00650
33	0.00800
34	0.01050
35	0.00850
36	0.01100
37	0.00750
38	0.00800
39	0.00900
40	0.01450
41	0.01250
42	0.01700
43	0.00650
44	0.01050
45	0.01500
46	0.01600
47	0.01550
48	0.01100
49	0.01800
50	0.01200
51	0.01400
52	0.01750
53	0.01350
54	0.01350
55	0.01650
56	0.01900
57	0.01300
58	0.02150
59	0.02150
60	0.01500
61	0.01050
62	0.01050
63	0.01450
64	0.01700
65	0.01500
66	0.01600
67	0.01500
68	0.01250
69	0.01600
70	0.01550
71	0.01800
72	0.01650
73	0.01150
74	0.01200
75	0.01250
76	0.01100
77	0.00950
78	0.00800
79	0.01050
80	0.01150
81	0.01000
82	0.00700
83	0.00800
84	0.00400
85	0.00750
86	0.00950
87	0.00900
88	0.00950
89	0.00700
90	0.00750
91	0.00450
92	0.00500
93	0.00700
94	0.00450
95	0.00450
96	0.00300
97	0.00700
98	0.00400
99	0.00650
100	0.00750
101	0.00450
102	0.00350
103	0.00200
104	0.00300
105	0.00400
106	0.00400
107	0.00500
108	0.00300
109	0.00200
110	0.00100
111	0.00400
112	0.00500
113	0.00250
114	0.00250
115	0.00300
116	0.00100
117	0.00150
118	0.00100
119	0.00100
120	0.00150
121	0.00200
122	0.00200
123	0.00200
124	0.00200
125	0.00350
126	0.00200
127	0.00150
128	0.00150
129	0.00150
130	0.00150
131	0.00100
132	0.00200
133	0.00250
134	0.00150
135	0.00050
136	0.00150
137	0.00050
138	0.00150
139	0.00050
140	0.00050
141	0.00100
142	0.00150
143	0.00100
144	0.00200
145	0.00200
146	0.00100
147	0.00050
148	0.00000
149	0.00100
150	0.00050
151	0.00250
152	0.00050
153	0.00050
154	0.00000
155	0.00050
156	0.00000
157	0.00000
158	0.00100
159	0.00100
160	0.00000
161	0.00000
162	0.00050
163	0.00000
164	0.00000
165	0.00100
166	0.00000
167	0.00100
168	0.00000
169	0.00000
170	0.00000
171	0.00000
172	0.00000
173	0.00000
174	0.00000
175	0.00050
176	0.00000
177	0.00050
178	0.00050
179	0.00000
