0	0.00500
1	0.00550
2	0.00600
3	0.00650
4	0.00700
5	0.00800
6	0.00850
7	0.01000
8	0.01000
9	0.01100
10	0.01300
11	0.01450
12	0.01700
13	0.01900
14	0.02050
15	0.02400
16	0.02650
17	0.02900
18	0.03100
19	0.03600
20	0.03950
21	0.04300
22	0.04900
23	0.05250
24	0.05550
25	0.06200
26	0.06400
27	0.06850
28	0.07700
29	0.08400
30	0.08950
31	0.09500
32	0.10150
33	0.10950
34	0.12000
35	0.12850
36	0.13950
37	0.14700
38	0.15500
39	0.16400
40	0.17850
41	0.19100
42	0.20800
43	0.21450
44	0.22500
45	0.24000
46	0.25600
47	0.27150
48	0.28250
49	0.30050
50	0.31250
51	0.32650
52	0.34400
53	0.35750
54	0.37100
55	0.38750
56	0.40650
57	0.41950
58	0.44100
59	0.46250
60	0.47750
61	0.48800
62	0.49850
63	0.51300
64	0.53000
65	0.54500
66	0.56100
67	0.57600
68	0.58850
69	0.60450
70	0.62000
71	0.63800
72	0.65450
73	0.66600
74	0.67800
75	0.69050
76	0.70150
77	0.71100
78	0.71900
79	0.72950
80	0.74100
81	0.75100
82	0.75800
83	0.76600
84	0.77000
85	0.77750
86	0.78700
87	0.79600
88	0.80550
89	0.81250
90	0.82000
91	0.82450
92	0.82950
93	0.83650
94	0.84100
95	0.84550
96	0.84850
97	0.85550
98	0.85950
99	0.86600
100	0.87350
101	0.87800
102	0.88150
103	0.88350
104	0.88650
105	0.89050
106	0.89450
107	0.89950
108	0.90250
109	0.90450
110	0.90550
111	0.90950
112	0.91450
113	0.91700
114	0.91950
115	0.92250
116	0.92350
117	0.92500
118	0.92600
119	0.92700
120	0.92850
121	0.93050
122	0.93250
123	0.93450
124	0.93650
125	0.94000
126	0.94200
127	0.94350
128	0.94500
129	0.94650
130	0.94800
131	0.94900
132	0.95100
133	0.95350
134	0.95500
135	0.95550
136	0.95700
137	0.95750
138	0.95900
139	0.95950
140	0.96000
141	0.96100
142	0.96250
143	0.96350
144	0.96550
145	0.96750
146	0.96850
147	0.96900
148	0.96900
149	0.97000
150	0.97050
151	0.97300
152	0.97350
153	0.97400
154	0.97400
155	0.97450
156	0.97450
157	0.97450
158	0.97550
159	0.97650
160	0.97650
161	0.97650
162	0.97700
163	0.97700
164	0.97700
165	0.97800
166	0.97800
167	0.97900
168	0.97900
169	0.97900
170	0.97900
171	0.97900
172	0.97900
173	0.97900
174	0.97900
175	0.97950
176	0.97950
177	0.98000
178	0.98050
179	0.98050
