0	0.00000
1	0.00000
2	0.00000
3	0.00445
4	0.01066
5	0.01899
6	0.02874
7	0.03813
8	0.04377
9	0.09580
10	0.08696
11	0.11568
12	0.17519
13	0.18304
14	0.26020
15	0.26584
16	0.28070
17	0.37204
18	0.38537
19	0.39867
20	0.38118
21	0.45430
22	0.49123
23	0.52388
24	0.57171
25	0.56402
26	0.48047
27	0.55149
28	0.46530
29	0.45910
30	0.56490
31	0.59226
32	0.55503
33	0.50985
34	0.49043
35	0.44659
36	0.41734
37	0.38844
38	0.43012
39	0.39995
40	0.38385
41	0.36105
42	0.35554
43	0.34984
44	0.35829
45	0.30049
46	0.27915
47	0.27638
48	0.28306
49	0.26374
50	0.23395
51	0.23415
52	0.22175
53	0.21081
54	0.21302
55	0.19561
56	0.17156
57	0.17152
58	0.17174
59	0.15825
60	0.16193
61	0.16255
62	0.15253
63	0.13556
64	0.12154
65	0.10922
66	0.11046
67	0.10937
68	0.10673
69	0.10499
70	0.09894
71	0.09594
72	0.09541
73	0.09523
74	0.09498
75	0.08794
76	0.08172
77	0.07900
78	0.07496
79	0.06646
80	0.05860
81	0.05561
82	0.05191
83	0.05241
84	0.04775
85	0.04421
86	0.04094
87	0.04023
88	0.04187
89	0.04067
90	0.03953
91	0.03748
92	0.03926
93	0.03633
94	0.03418
95	0.03018
96	0.02793
97	0.02585
98	0.02400
99	0.02307
100	0.02313
101	0.02294
102	0.02601
103	0.02451
104	0.02262
105	0.02052
106	0.01851
107	0.02044
108	0.01770
109	0.01649
110	0.01621
111	0.01553
112	0.01406
113	0.01541
114	0.01489
115	0.01343
116	0.01212
117	0.01350
118	0.01309
119	0.01247
120	0.01045
121	0.00916
122	0.00793
123	0.00761
124	0.00695
125	0.00760
126	0.00802
127	0.00919
128	0.00955
129	0.01032
130	0.01018
131	0.00931
132	0.00897
133	0.00711
134	0.00630
135	0.00603
136	0.00677
137	0.00547
138	0.00518
139	0.00451
140	0.00493
141	0.00400
142	0.00252
143	0.00299
144	0.00829
145	0.01004
146	0.01132
147	0.01447
148	0.01435
149	0.01502
150	0.01361
151	0.00915
152	0.00839
153	0.00705
154	0.00536
155	0.00493
156	0.00369
157	0.00354
158	0.00273
159	0.00255
160	0.00058
161	0.00096
162	0.00089
163	0.00089
164	0.00121
165	0.00127
166	0.00127
167	0.00265
168	0.00180
169	0.00201
170	0.00201
171	0.00153
172	0.00153
173	0.00153
174	0.00021
175	0.00022
176	0.00000
177	0.00014
178	0.00014
179	0.00044
