0	0.00500
1	0.01150
2	0.03600
3	0.10250
4	0.26250
5	0.53100
6	0.79650
7	0.91000
8	0.93700
9	0.94250
10	0.94450
11	0.94450
12	0.94450
13	0.94450
14	0.94450
15	0.94450
16	0.94450
17	0.94450
18	0.94450
19	0.94450
20	0.94450
21	0.94450
22	0.94450
23	0.94450
24	0.94450
25	0.94450
26	0.94450
27	0.94450
28	0.94450
29	0.94450
30	0.94450
31	0.94450
32	0.94450
33	0.94450
34	0.94450
35	0.94450
36	0.94450
37	0.94450
38	0.94450
39	0.94450
40	0.94450
41	0.94450
42	0.94450
43	0.94450
44	0.94450
45	0.94450
46	0.94450
47	0.94450
48	0.94450
49	0.94450
50	0.94450
51	0.94450
52	0.94450
53	0.94450
54	0.94450
55	0.94450
56	0.94450
57	0.94450
58	0.94450
59	0.94450
60	0.94450
61	0.94450
62	0.94450
63	0.94450
64	0.94450
65	0.94450
66	0.94450
67	0.94450
68	0.94450
69	0.94450
70	0.94450
71	0.94450
72	0.94450
73	0.94450
74	0.94450
75	0.94450
76	0.94450
77	0.94450
78	0.94450
79	0.94450
80	0.94450
81	0.94450
82	0.94450
83	0.94450
84	0.94450
85	0.94450
86	0.94450
87	0.94450
88	0.94450
89	0.94450
90	0.94450
91	0.94450
92	0.94450
93	0.94450
94	0.94450
95	0.94450
96	0.94450
97	0.94450
98	0.94450
99	0.94450
100	0.94450
101	0.94450
102	0.94450
103	0.94450
104	0.94450
105	0.94450
106	0.94450
107	0.94450
108	0.94450
109	0.94450
110	0.94450
111	0.94450
112	0.94450
113	0.94450
114	0.94450
115	0.94450
116	0.94450
117	0.94450
118	0.94450
119	0.94450
120	0.94450
121	0.94450
122	0.94450
123	0.94450
124	0.94450
125	0.94450
126	0.94450
127	0.94450
128	0.94450
129	0.94450
130	0.94450
131	0.94450
132	0.94450
133	0.94450
134	0.94450
135	0.94450
136	0.94450
137	0.94450
138	0.94450
139	0.94450
140	0.94450
141	0.94450
142	0.94450
143	0.94450
144	0.94450
145	0.94450
146	0.94450
147	0.94450
148	0.94450
149	0.94450
