0	0.00000
1	0.00050
2	0.00000
3	0.00050
4	0.00050
5	0.00150
6	0.00100
7	0.00000
8	0.00050
9	0.00200
10	0.00100
11	0.00050
12	0.00150
13	0.00350
14	0.00150
15	0.00200
16	0.00300
17	0.00200
18	0.00400
19	0.00150
20	0.00200
21	0.00650
22	0.00350
23	0.00400
24	0.00600
25	0.00450
26	0.00500
27	0.00600
28	0.00850
29	0.00800
30	0.00800
31	0.00650
32	0.00800
33	0.00850
34	0.00650
35	0.01250
36	0.01050
37	0.00900
38	0.01000
39	0.01050
40	0.01100
41	0.01350
42	0.01300
43	0.01250
44	0.01250
45	0.01500
46	0.01500
47	0.01400
48	0.01150
49	0.01150
50	0.02300
51	0.01450
52	0.01500
53	0.01250
54	0.01850
55	0.01700
56	0.01500
57	0.01450
58	0.01550
59	0.01900
60	0.01300
61	0.01250
62	0.01400
63	0.01550
64	0.01400
65	0.01700
66	0.01450
67	0.01400
68	0.01750
69	0.00950
70	0.00950
71	0.01100
72	0.01050
73	0.01200
74	0.01150
75	0.01200
76	0.01000
77	0.01200
78	0.01000
79	0.00750
80	0.01050
81	0.01150
82	0.01200
83	0.00800
84	0.01150
85	0.00600
86	0.01100
87	0.01000
88	0.00700
89	0.00550
90	0.00650
91	0.00300
92	0.00650
93	0.00500
94	0.00550
95	0.00400
96	0.00350
97	0.00350
98	0.00700
99	0.00400
100	0.00450
101	0.00150
102	0.00550
103	0.00550
104	0.00250
105	0.00500
106	0.00450
107	0.00100
108	0.00500
109	0.00350
110	0.00250
111	0.00300
112	0.00200
113	0.00150
114	0.00400
115	0.00200
116	0.00150
117	0.00250
118	0.00200
119	0.00450
120	0.00350
121	0.00300
122	0.00000
123	0.00150
124	0.00050
125	0.00300
126	0.00100
127	0.00100
128	0.00150
129	0.00050
130	0.00250
131	0.00200
132	0.00150
133	0.00250
134	0.00000
135	0.00100
136	0.00050
137	0.00150
138	0.00000
139	0.00100
140	0.00250
141	0.00150
142	0.00100
143	0.00100
144	0.00200
145	0.00050
146	0.00150
147	0.00050
148	0.00100
149	0.00200
150	0.00150
151	0.00050
152	0.00050
153	0.00200
154	0.00050
155	0.00100
156	0.00000
157	0.00100
158	0.00100
159	0.00100
160	0.00000
161	0.00000
162	0.00000
163	0.00050
164	0.00050
165	0.00000
166	0.00000
167	0.00000
168	0.00000
169	0.00000
170	0.00000
171	0.00000
172	0.00050
173	0.00050
174	0.00000
175	0.00050
176	0.00050
177	0.00000
178	0.00050
179	0.00000
