0	0.00500
1	0.00550
2	0.00550
3	0.00600
4	0.00650
5	0.00800
6	0.00900
7	0.00900
8	0.00950
9	0.01150
10	0.01250
11	0.01300
12	0.01450
13	0.01800
14	0.01950
15	0.02150
16	0.02450
17	0.02650
18	0.03050
19	0.03200
20	0.03400
21	0.04050
22	0.04400
23	0.04800
24	0.05400
25	0.05850
26	0.06350
27	0.06950
28	0.07800
29	0.08600
30	0.09400
31	0.10050
32	0.10850
33	0.11700
34	0.12350
35	0.13600
36	0.14650
37	0.15550
38	0.16550
39	0.17600
40	0.18700
41	0.20050
42	0.21350
43	0.22600
44	0.23850
45	0.25350
46	0.26850
47	0.28250
48	0.29400
49	0.30550
50	0.32850
51	0.34300
52	0.35800
53	0.37050
54	0.38900
55	0.40600
56	0.42100
57	0.43550
58	0.45100
59	0.47000
60	0.48300
61	0.49550
62	0.50950
63	0.52500
64	0.53900
65	0.55600
66	0.57050
67	0.58450
68	0.60200
69	0.61150
70	0.62100
71	0.63200
72	0.64250
73	0.65450
74	0.66600
75	0.67800
76	0.68800
77	0.70000
78	0.71000
79	0.71750
80	0.72800
81	0.73950
82	0.75150
83	0.75950
84	0.77100
85	0.77700
86	0.78800
87	0.79800
88	0.80500
89	0.81050
90	0.81700
91	0.82000
92	0.82650
93	0.83150
94	0.83700
95	0.84100
96	0.84450
97	0.84800
98	0.85500
99	0.85900
100	0.86350
101	0.86500
102	0.87050
103	0.87600
104	0.87850
105	0.88350
106	0.88800
107	0.88900
108	0.89400
109	0.89750
110	0.90000
111	0.90300
112	0.90500
113	0.90650
114	0.91050
115	0.91250
116	0.91400
117	0.91650
118	0.91850
119	0.92300
120	0.92650
121	0.92950
122	0.92950
123	0.93100
124	0.93150
125	0.93450
126	0.93550
127	0.93650
128	0.93800
129	0.93850
130	0.94100
131	0.94300
132	0.94450
133	0.94700
134	0.94700
135	0.94800
136	0.94850
137	0.95000
138	0.95000
139	0.95100
140	0.95350
141	0.95500
142	0.95600
143	0.95700
144	0.95900
145	0.95950
146	0.96100
147	0.96150
148	0.96250
149	0.96450
150	0.96600
151	0.96650
152	0.96700
153	0.96900
154	0.96950
155	0.97050
156	0.97050
157	0.97150
158	0.97250
159	0.97350
160	0.97350
161	0.97350
162	0.97350
163	0.97400
164	0.97450
165	0.97450
166	0.97450
167	0.97450
168	0.97450
169	0.97450
170	0.97450
171	0.97450
172	0.97500
173	0.97550
174	0.97550
175	0.97600
176	0.97650
177	0.97650
178	0.97700
179	0.97700
