0	0.00000
1	0.00000
2	0.00000
3	0.00432
4	0.00432
5	0.00995
6	0.02527
7	0.04164
8	0.05612
9	0.05506
10	0.06835
11	0.12239
12	0.14300
13	0.18133
14	0.18967
15	0.36902
16	0.37363
17	0.36934
18	0.43698
19	0.46242
20	0.49889
21	0.48761
22	0.43437
23	0.53379
24	0.51160
25	0.55990
26	0.64790
27	0.63493
28	0.61432
29	0.61864
30	0.59874
31	0.59623
32	0.57614
33	0.50787
34	0.46855
35	0.43135
36	0.37202
37	0.36803
38	0.35321
39	0.33511
40	0.33102
41	0.31551
42	0.30248
43	0.31126
44	0.30956
45	0.28333
46	0.26316
47	0.24567
48	0.25291
49	0.23141
50	0.20744
51	0.18295
52	0.19875
53	0.19183
54	0.17773
55	0.16376
56	0.16318
57	0.16591
58	0.15569
59	0.14440
60	0.14564
61	0.14743
62	0.13803
63	0.12494
64	0.11378
65	0.11315
66	0.10631
67	0.10491
68	0.10176
69	0.09769
70	0.09918
71	0.09203
72	0.08260
73	0.07641
74	0.07029
75	0.06510
76	0.06622
77	0.06613
78	0.06523
79	0.06834
80	0.06422
81	0.06139
82	0.06058
83	0.05908
84	0.05872
85	0.05297
86	0.05109
87	0.04572
88	0.04673
89	0.04679
90	0.04416
91	0.04056
92	0.04048
93	0.03428
94	0.03282
95	0.02947
96	0.02656
97	0.02437
98	0.02155
99	0.02044
100	0.02247
101	0.02098
102	0.02150
103	0.01901
104	0.02174
105	0.02297
106	0.02104
107	0.02033
108	0.02205
109	0.01892
110	0.02082
111	0.01938
112	0.01697
113	0.01631
114	0.01483
115	0.01201
116	0.01298
117	0.01138
118	0.01076
119	0.01057
120	0.01023
121	0.01193
122	0.01294
123	0.01332
124	0.01137
125	0.01093
126	0.01049
127	0.01129
128	0.00905
129	0.00773
130	0.00604
131	0.00605
132	0.00662
133	0.00811
134	0.00587
135	0.00665
136	0.00617
137	0.00496
138	0.00473
139	0.00431
140	0.00191
141	0.00237
142	0.00454
143	0.00559
144	0.00601
145	0.00699
146	0.00796
147	0.00784
148	0.00813
149	0.00648
150	0.00510
151	0.00670
152	0.00634
153	0.00538
154	0.00517
155	0.00422
156	0.00415
157	0.00484
158	0.00335
159	0.00326
160	0.00347
161	0.00370
162	0.00332
163	0.00298
164	0.00114
165	0.00114
166	0.00108
167	0.00057
168	0.00023
169	0.00023
170	0.00023
171	0.00023
172	0.00024
173	0.00000
174	0.00032
175	0.00214
176	0.00219
177	0.00253
178	0.00187
179	0.00187
