0	0	0	0	0	0	
1	747	0	0	0	0	
2	732	0	0	0	0	
3	36	665	0	0	0	
4	0	30	595	0	0	
5	0	0	23	518	0	
6	0	0	0	16	474	
7	0	0	0	0	484	
8	0	0	0	0	481	
9	0	0	0	0	481	
10	0	0	0	0	481	
11	0	0	0	0	481	
12	0	0	0	0	481	
13	0	0	0	0	481	
14	0	0	0	0	481	
15	0	0	0	0	481	
16	0	0	0	0	481	
17	0	0	0	0	481	
18	0	0	0	0	481	
19	0	0	0	0	481	
20	0	0	0	0	481	
21	0	0	0	0	481	
22	0	0	0	0	481	
23	0	0	0	0	481	
24	0	0	0	0	481	
25	0	0	0	0	481	
26	0	0	0	0	481	
27	0	0	0	0	481	
28	0	0	0	0	481	
29	0	0	0	0	481	
30	0	0	0	0	481	
31	0	0	0	0	481	
32	0	0	0	0	481	
33	0	0	0	0	481	
34	0	0	0	0	481	
35	0	0	0	0	481	
36	0	0	0	0	481	
37	0	0	0	0	481	
38	0	0	0	0	481	
39	0	0	0	0	481	
40	0	0	0	0	481	
41	0	0	0	0	481	
42	0	0	0	0	481	
43	0	0	0	0	481	
44	0	0	0	0	481	
45	0	0	0	0	481	
46	0	0	0	0	481	
47	0	0	0	0	481	
48	0	0	0	0	481	
49	0	0	0	0	481	
50	0	0	0	0	481	
51	0	0	0	0	481	
52	0	0	0	0	481	
53	0	0	0	0	481	
54	0	0	0	0	481	
55	0	0	0	0	481	
56	0	0	0	0	481	
57	0	0	0	0	481	
58	0	0	0	0	481	
59	0	0	0	0	481	
60	0	0	0	0	481	
61	0	0	0	0	481	
62	0	0	0	0	481	
63	0	0	0	0	481	
64	0	0	0	0	481	
65	0	0	0	0	481	
66	0	0	0	0	481	
67	0	0	0	0	481	
68	0	0	0	0	481	
69	0	0	0	0	481	
70	0	0	0	0	481	
71	0	0	0	0	481	
72	0	0	0	0	481	
73	0	0	0	0	481	
74	0	0	0	0	481	
75	0	0	0	0	481	
76	0	0	0	0	481	
77	0	0	0	0	481	
78	0	0	0	0	481	
79	0	0	0	0	481	
80	0	0	0	0	481	
81	0	0	0	0	481	
82	0	0	0	0	481	
83	0	0	0	0	481	
84	0	0	0	0	481	
85	0	0	0	0	481	
86	0	0	0	0	481	
87	0	0	0	0	481	
88	0	0	0	0	481	
89	0	0	0	0	481	
90	0	0	0	0	481	
91	0	0	0	0	481	
92	0	0	0	0	481	
93	0	0	0	0	481	
94	0	0	0	0	481	
95	0	0	0	0	481	
96	0	0	0	0	481	
97	0	0	0	0	481	
98	0	0	0	0	481	
99	0	0	0	0	481	
100	0	0	0	0	481	
101	0	0	0	0	481	
102	0	0	0	0	481	
103	0	0	0	0	481	
104	0	0	0	0	481	
105	0	0	0	0	481	
106	0	0	0	0	481	
107	0	0	0	0	481	
108	0	0	0	0	481	
109	0	0	0	0	481	
110	0	0	0	0	481	
111	0	0	0	0	481	
112	0	0	0	0	481	
113	0	0	0	0	481	
114	0	0	0	0	481	
115	0	0	0	0	481	
116	0	0	0	0	481	
117	0	0	0	0	481	
118	0	0	0	0	481	
119	0	0	0	0	481	
120	0	0	0	0	481	
121	0	0	0	0	481	
122	0	0	0	0	481	
123	0	0	0	0	481	
124	0	0	0	0	481	
125	0	0	0	0	481	
126	0	0	0	0	481	
127	0	0	0	0	481	
128	0	0	0	0	481	
129	0	0	0	0	481	
130	0	0	0	0	481	
131	0	0	0	0	481	
132	0	0	0	0	481	
133	0	0	0	0	481	
134	0	0	0	0	481	
135	0	0	0	0	481	
136	0	0	0	0	481	
137	0	0	0	0	481	
138	0	0	0	0	481	
139	0	0	0	0	481	
140	0	0	0	0	481	
141	0	0	0	0	481	
142	0	0	0	0	481	
143	0	0	0	0	481	
144	0	0	0	0	481	
145	0	0	0	0	481	
146	0	0	0	0	481	
147	0	0	0	0	481	
148	0	0	0	0	481	
149	0	0	0	0	481	
