0	0.00500
1	0.01450
2	0.03950
3	0.10750
4	0.26800
5	0.53350
6	0.79950
7	0.91600
8	0.94200
9	0.94800
10	0.94800
11	0.94900
12	0.94900
13	0.94900
14	0.94900
15	0.94900
16	0.94900
17	0.94900
18	0.94900
19	0.94900
20	0.94900
21	0.94900
22	0.94900
23	0.94900
24	0.94900
25	0.94900
26	0.94900
27	0.94900
28	0.94900
29	0.94900
30	0.94900
31	0.94900
32	0.94900
33	0.94900
34	0.94900
35	0.94900
36	0.94900
37	0.94900
38	0.94900
39	0.94900
40	0.94900
41	0.94900
42	0.94900
43	0.94900
44	0.94900
45	0.94900
46	0.94900
47	0.94900
48	0.94900
49	0.94900
50	0.94900
51	0.94900
52	0.94900
53	0.94900
54	0.94900
55	0.94900
56	0.94900
57	0.94900
58	0.94900
59	0.94900
60	0.94900
61	0.94900
62	0.94900
63	0.94900
64	0.94900
65	0.94900
66	0.94900
67	0.94900
68	0.94900
69	0.94900
70	0.94900
71	0.94900
72	0.94900
73	0.94900
74	0.94900
75	0.94900
76	0.94900
77	0.94900
78	0.94900
79	0.94900
80	0.94900
81	0.94900
82	0.94900
83	0.94900
84	0.94900
85	0.94900
86	0.94900
87	0.94900
88	0.94900
89	0.94900
90	0.94900
91	0.94900
92	0.94900
93	0.94900
94	0.94900
95	0.94900
96	0.94900
97	0.94900
98	0.94900
99	0.94900
100	0.94900
101	0.94900
102	0.94900
103	0.94900
104	0.94900
105	0.94900
106	0.94900
107	0.94900
108	0.94900
109	0.94900
110	0.94900
111	0.94900
112	0.94900
113	0.94900
114	0.94900
115	0.94900
116	0.94900
117	0.94900
118	0.94900
119	0.94900
120	0.94900
121	0.94900
122	0.94900
123	0.94900
124	0.94900
125	0.94900
126	0.94900
127	0.94900
128	0.94900
129	0.94900
130	0.94900
131	0.94900
132	0.94900
133	0.94900
134	0.94900
135	0.94900
136	0.94900
137	0.94900
138	0.94900
139	0.94900
140	0.94900
141	0.94900
142	0.94900
143	0.94900
144	0.94900
145	0.94900
146	0.94900
147	0.94900
148	0.94900
149	0.94900
