0	0	0	0	0	0	
1	745	0	0	0	0	
2	735	0	0	0	0	
3	6	683	0	0	0	
4	0	5	603	0	0	
5	0	0	5	529	0	
6	0	0	0	2	495	
7	0	0	0	0	489	
8	0	0	0	0	487	
9	0	0	0	0	486	
10	0	0	0	0	486	
11	0	0	0	0	486	
12	0	0	0	0	486	
13	0	0	0	0	486	
14	0	0	0	0	486	
15	0	0	0	0	486	
16	0	0	0	0	486	
17	0	0	0	0	486	
18	0	0	0	0	486	
19	0	0	0	0	486	
20	0	0	0	0	486	
21	0	0	0	0	486	
22	0	0	0	0	486	
23	0	0	0	0	486	
24	0	0	0	0	486	
25	0	0	0	0	486	
26	0	0	0	0	486	
27	0	0	0	0	486	
28	0	0	0	0	486	
29	0	0	0	0	486	
30	0	0	0	0	486	
31	0	0	0	0	486	
32	0	0	0	0	486	
33	0	0	0	0	486	
34	0	0	0	0	486	
35	0	0	0	0	486	
36	0	0	0	0	486	
37	0	0	0	0	486	
38	0	0	0	0	486	
39	0	0	0	0	486	
40	0	0	0	0	486	
41	0	0	0	0	486	
42	0	0	0	0	486	
43	0	0	0	0	486	
44	0	0	0	0	486	
45	0	0	0	0	486	
46	0	0	0	0	486	
47	0	0	0	0	486	
48	0	0	0	0	486	
49	0	0	0	0	486	
50	0	0	0	0	486	
51	0	0	0	0	486	
52	0	0	0	0	486	
53	0	0	0	0	486	
54	0	0	0	0	486	
55	0	0	0	0	486	
56	0	0	0	0	486	
57	0	0	0	0	486	
58	0	0	0	0	486	
59	0	0	0	0	486	
60	0	0	0	0	486	
61	0	0	0	0	486	
62	0	0	0	0	486	
63	0	0	0	0	486	
64	0	0	0	0	486	
65	0	0	0	0	486	
66	0	0	0	0	486	
67	0	0	0	0	486	
68	0	0	0	0	486	
69	0	0	0	0	486	
70	0	0	0	0	486	
71	0	0	0	0	486	
72	0	0	0	0	486	
73	0	0	0	0	486	
74	0	0	0	0	486	
75	0	0	0	0	486	
76	0	0	0	0	486	
77	0	0	0	0	486	
78	0	0	0	0	486	
79	0	0	0	0	486	
80	0	0	0	0	486	
81	0	0	0	0	486	
82	0	0	0	0	486	
83	0	0	0	0	486	
84	0	0	0	0	486	
85	0	0	0	0	486	
86	0	0	0	0	486	
87	0	0	0	0	486	
88	0	0	0	0	486	
89	0	0	0	0	486	
90	0	0	0	0	486	
91	0	0	0	0	486	
92	0	0	0	0	486	
93	0	0	0	0	486	
94	0	0	0	0	486	
95	0	0	0	0	486	
96	0	0	0	0	486	
97	0	0	0	0	486	
98	0	0	0	0	486	
99	0	0	0	0	486	
100	0	0	0	0	486	
101	0	0	0	0	486	
102	0	0	0	0	486	
103	0	0	0	0	486	
104	0	0	0	0	486	
105	0	0	0	0	486	
106	0	0	0	0	486	
107	0	0	0	0	486	
108	0	0	0	0	486	
109	0	0	0	0	486	
110	0	0	0	0	486	
111	0	0	0	0	486	
112	0	0	0	0	486	
113	0	0	0	0	486	
114	0	0	0	0	486	
115	0	0	0	0	486	
116	0	0	0	0	486	
117	0	0	0	0	486	
118	0	0	0	0	486	
119	0	0	0	0	486	
120	0	0	0	0	486	
121	0	0	0	0	486	
122	0	0	0	0	486	
123	0	0	0	0	486	
124	0	0	0	0	486	
125	0	0	0	0	486	
126	0	0	0	0	486	
127	0	0	0	0	486	
128	0	0	0	0	486	
129	0	0	0	0	486	
130	0	0	0	0	486	
131	0	0	0	0	486	
132	0	0	0	0	486	
133	0	0	0	0	486	
134	0	0	0	0	486	
135	0	0	0	0	486	
136	0	0	0	0	486	
137	0	0	0	0	486	
138	0	0	0	0	486	
139	0	0	0	0	486	
140	0	0	0	0	486	
141	0	0	0	0	486	
142	0	0	0	0	486	
143	0	0	0	0	486	
144	0	0	0	0	486	
145	0	0	0	0	486	
146	0	0	0	0	486	
147	0	0	0	0	486	
148	0	0	0	0	486	
149	0	0	0	0	486	
