0	0.00500
1	0.01900
2	0.07050
3	0.23950
4	0.57950
5	0.80750
6	0.83850
7	0.84200
8	0.84200
9	0.84200
10	0.84200
11	0.84200
12	0.84200
13	0.84200
14	0.84200
15	0.84200
16	0.84200
17	0.84200
18	0.84200
19	0.84200
20	0.84200
21	0.84200
22	0.84200
23	0.84200
24	0.84200
25	0.84200
26	0.84200
27	0.84200
28	0.84200
29	0.84200
30	0.84200
31	0.84200
32	0.84200
33	0.84200
34	0.84200
35	0.84200
36	0.84200
37	0.84200
38	0.84200
39	0.84200
40	0.84200
41	0.84200
42	0.84200
43	0.84200
44	0.84200
45	0.84200
46	0.84200
47	0.84200
48	0.84200
49	0.84200
50	0.84200
51	0.84200
52	0.84200
53	0.84200
54	0.84200
55	0.84200
56	0.84200
57	0.84200
58	0.84200
59	0.84200
60	0.84200
61	0.84200
62	0.84200
63	0.84200
64	0.84200
65	0.84200
66	0.84200
67	0.84200
68	0.84200
69	0.84200
70	0.84200
71	0.84200
72	0.84200
73	0.84200
74	0.84200
75	0.84200
76	0.84200
77	0.84200
78	0.84200
79	0.84200
80	0.84200
81	0.84200
82	0.84200
83	0.84200
84	0.84200
85	0.84200
86	0.84200
87	0.84200
88	0.84200
89	0.84200
90	0.84200
91	0.84200
92	0.84200
93	0.84200
94	0.84200
95	0.84200
96	0.84200
97	0.84200
98	0.84200
99	0.84200
