0	0.00000
1	0.00100
2	0.00100
3	0.00100
4	0.00100
5	0.00200
6	0.00100
7	0.00250
8	0.00250
9	0.00250
10	0.00450
11	0.00400
12	0.00450
13	0.00300
14	0.00500
15	0.00550
16	0.00700
17	0.00700
18	0.00850
19	0.00800
20	0.00950
21	0.01100
22	0.01250
23	0.00900
24	0.01150
25	0.01350
26	0.01600
27	0.01650
28	0.02300
29	0.02050
30	0.02450
31	0.02100
32	0.02750
33	0.02250
34	0.02500
35	0.02150
36	0.02700
37	0.02950
38	0.02750
39	0.02950
40	0.02250
41	0.02500
42	0.02750
43	0.01600
44	0.02450
45	0.01650
46	0.01850
47	0.01800
48	0.01650
49	0.01650
50	0.00950
51	0.01100
52	0.00800
53	0.00600
54	0.00650
55	0.00400
56	0.00500
57	0.00400
58	0.00550
59	0.00500
60	0.00300
61	0.00300
62	0.00100
63	0.00050
64	0.00100
65	0.00150
66	0.00100
67	0.00050
68	0.00000
69	0.00000
70	0.00100
71	0.00050
72	0.00000
73	0.00000
74	0.00000
75	0.00150
76	0.00050
77	0.00000
78	0.00000
79	0.00000
80	0.00000
81	0.00050
82	0.00000
83	0.00000
84	0.00100
85	0.00050
86	0.00050
87	0.00000
88	0.00050
89	0.00000
90	0.00000
91	0.00000
92	0.00000
93	0.00000
94	0.00000
95	0.00000
96	0.00000
97	0.00000
98	0.00000
99	0.00000
