0	0.00500
1	0.00600
2	0.00700
3	0.00800
4	0.00900
5	0.01100
6	0.01200
7	0.01450
8	0.01700
9	0.01950
10	0.02400
11	0.02800
12	0.03250
13	0.03550
14	0.04050
15	0.04600
16	0.05300
17	0.06000
18	0.06850
19	0.07650
20	0.08600
21	0.09700
22	0.10950
23	0.11850
24	0.13000
25	0.14350
26	0.15950
27	0.17600
28	0.19900
29	0.21950
30	0.24400
31	0.26500
32	0.29250
33	0.31500
34	0.34000
35	0.36150
36	0.38850
37	0.41800
38	0.44550
39	0.47500
40	0.49750
41	0.52250
42	0.55000
43	0.56600
44	0.59050
45	0.60700
46	0.62550
47	0.64350
48	0.66000
49	0.67650
50	0.68600
51	0.69700
52	0.70500
53	0.71100
54	0.71750
55	0.72150
56	0.72650
57	0.73050
58	0.73600
59	0.74100
60	0.74400
61	0.74700
62	0.74800
63	0.74850
64	0.74950
65	0.75100
66	0.75200
67	0.75250
68	0.75250
69	0.75250
70	0.75350
71	0.75400
72	0.75400
73	0.75400
74	0.75400
75	0.75550
76	0.75600
77	0.75600
78	0.75600
79	0.75600
80	0.75600
81	0.75650
82	0.75650
83	0.75650
84	0.75750
85	0.75800
86	0.75850
87	0.75850
88	0.75900
89	0.75900
90	0.75900
91	0.75900
92	0.75900
93	0.75900
94	0.75900
95	0.75900
96	0.75900
97	0.75900
98	0.75900
99	0.75900
