0	0	0	0	0	0	
1	499	0	0	0	0	
2	499	0	0	0	0	
3	499	0	0	0	0	
4	499	0	0	0	0	
5	499	0	0	0	0	
6	499	0	0	0	0	
7	0	498	0	0	0	
8	0	0	497	0	0	
9	0	0	0	495	0	
10	0	0	0	0	495	
11	0	0	0	0	495	
12	0	0	0	0	495	
13	0	0	0	0	495	
14	0	0	0	0	495	
15	0	0	0	0	495	
16	0	0	0	0	495	
17	0	0	0	0	495	
18	0	0	0	0	495	
19	0	0	0	0	495	
20	0	0	0	0	495	
21	0	0	0	0	495	
22	0	0	0	0	495	
23	0	0	0	0	495	
24	0	0	0	0	495	
25	0	0	0	0	494	
26	0	0	0	0	494	
27	0	0	0	0	494	
28	0	0	0	0	493	
29	0	0	0	0	493	
30	0	0	0	0	492	
31	0	0	0	0	492	
32	0	0	0	0	491	
33	0	0	0	0	491	
34	0	0	0	0	490	
35	0	0	0	0	490	
36	0	0	0	0	490	
37	0	0	0	0	487	
38	0	0	0	0	487	
39	0	0	0	0	486	
40	0	0	0	0	486	
41	0	0	0	0	485	
42	0	0	0	0	484	
43	0	0	0	0	483	
44	0	0	0	0	483	
45	0	0	0	0	483	
46	0	0	0	0	483	
47	0	0	0	0	483	
48	0	0	0	0	483	
49	0	0	0	0	483	
50	0	0	0	0	483	
51	0	0	0	0	483	
52	0	0	0	0	483	
53	0	0	0	0	482	
54	0	0	0	0	482	
55	0	0	0	0	481	
56	0	0	0	0	481	
57	0	0	0	0	481	
58	0	0	0	0	481	
59	0	0	0	0	481	
60	0	0	0	0	481	
61	0	0	0	0	481	
62	0	0	0	0	481	
63	0	0	0	0	481	
64	0	0	0	0	481	
65	0	0	0	0	481	
66	0	0	0	0	481	
67	0	0	0	0	481	
68	0	0	0	0	481	
69	0	0	0	0	481	
70	0	0	0	0	481	
71	0	0	0	0	481	
72	0	0	0	0	481	
73	0	0	0	0	481	
74	0	0	0	0	481	
75	0	0	0	0	481	
76	0	0	0	0	481	
77	0	0	0	0	481	
78	0	0	0	0	481	
79	0	0	0	0	481	
80	0	0	0	0	481	
81	0	0	0	0	481	
82	0	0	0	0	481	
83	0	0	0	0	481	
84	0	0	0	0	481	
85	0	0	0	0	481	
86	0	0	0	0	481	
87	0	0	0	0	481	
88	0	0	0	0	481	
89	0	0	0	0	481	
90	0	0	0	0	481	
91	0	0	0	0	481	
92	0	0	0	0	481	
93	0	0	0	0	481	
94	0	0	0	0	481	
95	0	0	0	0	481	
96	0	0	0	0	481	
97	0	0	0	0	481	
98	0	0	0	0	481	
99	0	0	0	0	481	
