0	0.00000
1	0.00100
2	0.00200
3	0.00200
4	0.00100
5	0.00250
6	0.00500
7	0.00350
8	0.00500
9	0.00350
10	0.00400
11	0.00350
12	0.00750
13	0.00350
14	0.00200
15	0.00550
16	0.00850
17	0.00850
18	0.00900
19	0.00950
20	0.01150
21	0.01700
22	0.00900
23	0.01400
24	0.02000
25	0.01500
26	0.02350
27	0.01750
28	0.02050
29	0.02700
30	0.02750
31	0.02550
32	0.02800
33	0.03350
34	0.03600
35	0.03500
36	0.03250
37	0.03300
38	0.03450
39	0.03050
40	0.02600
41	0.02700
42	0.03200
43	0.03350
44	0.02150
45	0.02450
46	0.02850
47	0.01700
48	0.02150
49	0.01600
50	0.01800
51	0.01700
52	0.01400
53	0.01150
54	0.01400
55	0.00700
56	0.01100
57	0.00850
58	0.00700
59	0.00650
60	0.00550
61	0.00800
62	0.00650
63	0.00550
64	0.00300
65	0.00400
66	0.00150
67	0.00350
68	0.00300
69	0.00150
70	0.00200
71	0.00000
72	0.00000
73	0.00050
74	0.00250
75	0.00000
76	0.00050
77	0.00050
78	0.00000
79	0.00050
80	0.00050
81	0.00050
82	0.00100
83	0.00050
84	0.00000
85	0.00000
86	0.00000
87	0.00150
88	0.00050
89	0.00000
90	0.00000
91	0.00000
92	0.00000
93	0.00000
94	0.00000
95	0.00050
96	0.00000
97	0.00000
98	0.00000
99	0.00000
100	0.00000
101	0.00000
102	0.00000
103	0.00000
104	0.00000
105	0.00000
106	0.00000
107	0.00000
108	0.00000
109	0.00000
110	0.00050
111	0.00000
112	0.00000
113	0.00000
114	0.00000
115	0.00000
116	0.00000
117	0.00000
118	0.00000
119	0.00000
120	0.00000
121	0.00000
122	0.00000
123	0.00000
124	0.00000
125	0.00000
126	0.00000
127	0.00000
128	0.00000
129	0.00000
130	0.00000
131	0.00000
132	0.00000
133	0.00000
134	0.00000
135	0.00000
136	0.00000
137	0.00000
138	0.00000
139	0.00000
140	0.00000
141	0.00000
142	0.00000
143	0.00000
144	0.00000
145	0.00000
146	0.00000
147	0.00000
148	0.00000
149	0.00000
