0	0.00500
1	0.00600
2	0.00800
3	0.01000
4	0.01100
5	0.01350
6	0.01850
7	0.02200
8	0.02700
9	0.03050
10	0.03450
11	0.03800
12	0.04550
13	0.04900
14	0.05100
15	0.05650
16	0.06500
17	0.07350
18	0.08250
19	0.09200
20	0.10350
21	0.12050
22	0.12950
23	0.14350
24	0.16350
25	0.17850
26	0.20200
27	0.21950
28	0.24000
29	0.26700
30	0.29450
31	0.32000
32	0.34800
33	0.38150
34	0.41750
35	0.45250
36	0.48500
37	0.51800
38	0.55250
39	0.58300
40	0.60900
41	0.63600
42	0.66800
43	0.70150
44	0.72300
45	0.74750
46	0.77600
47	0.79300
48	0.81450
49	0.83050
50	0.84850
51	0.86550
52	0.87950
53	0.89100
54	0.90500
55	0.91200
56	0.92300
57	0.93150
58	0.93850
59	0.94500
60	0.95050
61	0.95850
62	0.96500
63	0.97050
64	0.97350
65	0.97750
66	0.97900
67	0.98250
68	0.98550
69	0.98700
70	0.98900
71	0.98900
72	0.98900
73	0.98950
74	0.99200
75	0.99200
76	0.99250
77	0.99300
78	0.99300
79	0.99350
80	0.99400
81	0.99450
82	0.99550
83	0.99600
84	0.99600
85	0.99600
86	0.99600
87	0.99750
88	0.99800
89	0.99800
90	0.99800
91	0.99800
92	0.99800
93	0.99800
94	0.99800
95	0.99850
96	0.99850
97	0.99850
98	0.99850
99	0.99850
100	0.99850
101	0.99850
102	0.99850
103	0.99850
104	0.99850
105	0.99850
106	0.99850
107	0.99850
108	0.99850
109	0.99850
110	0.99900
111	0.99900
112	0.99900
113	0.99900
114	0.99900
115	0.99900
116	0.99900
117	0.99900
118	0.99900
119	0.99900
120	0.99900
121	0.99900
122	0.99900
123	0.99900
124	0.99900
125	0.99900
126	0.99900
127	0.99900
128	0.99900
129	0.99900
130	0.99900
131	0.99900
132	0.99900
133	0.99900
134	0.99900
135	0.99900
136	0.99900
137	0.99900
138	0.99900
139	0.99900
140	0.99900
141	0.99900
142	0.99900
143	0.99900
144	0.99900
145	0.99900
146	0.99900
147	0.99900
148	0.99900
149	0.99900
