0	0.00000
1	0.00000
2	0.00000
3	0.06345
4	0.28796
5	0.72778
6	1.05065
7	1.19107
8	1.33571
9	1.44428
10	1.27693
11	1.11674
12	0.92385
13	0.72791
14	0.57418
15	0.44155
16	0.32543
17	0.25219
18	0.19358
19	0.14348
20	0.11343
21	0.09033
22	0.06848
23	0.05657
24	0.04675
25	0.03682
26	0.03198
27	0.02366
28	0.01911
29	0.01584
30	0.00931
31	0.00583
32	0.00534
33	0.00337
34	0.00389
35	0.00289
36	0.00300
37	0.00341
38	0.00246
39	0.00192
40	0.00114
41	0.00083
42	0.00031
43	0.00003
44	0.00000
45	0.00000
46	0.00000
47	0.00000
48	0.00000
49	0.00000
50	0.00000
51	0.00000
52	0.00000
53	0.00000
54	0.00000
55	0.00000
56	0.00000
57	0.00000
58	0.00000
59	0.00000
60	0.00000
61	0.00000
62	0.00000
63	0.00000
64	0.00000
65	0.00000
66	0.00000
67	0.00000
68	0.00000
69	0.00000
70	0.00000
71	0.00000
72	0.00000
73	0.00000
74	0.00000
75	0.00000
76	0.00000
77	0.00000
78	0.00000
79	0.00000
80	0.00000
81	0.00000
82	0.00000
83	0.00000
84	0.00000
85	0.00000
86	0.00000
87	0.00000
88	0.00000
89	0.00000
90	0.00000
91	0.00000
92	0.00000
93	0.00000
94	0.00000
95	0.00000
96	0.00000
97	0.00000
98	0.00000
99	0.00000
