0	0.00500
1	0.00750
2	0.01850
3	0.03150
4	0.05800
5	0.09800
6	0.15600
7	0.22850
8	0.29000
9	0.35050
10	0.41050
11	0.46600
12	0.51750
13	0.56300
14	0.59350
15	0.62650
16	0.64600
17	0.65700
18	0.67250
19	0.68500
20	0.69100
21	0.69750
22	0.70200
23	0.70300
24	0.70650
25	0.70700
26	0.70850
27	0.70950
28	0.70950
29	0.71100
30	0.71150
31	0.71250
32	0.71300
33	0.71350
34	0.71400
35	0.71450
36	0.71500
37	0.71500
38	0.71500
39	0.71500
40	0.71500
41	0.71500
42	0.71500
43	0.71500
44	0.71500
45	0.71500
46	0.71500
47	0.71500
48	0.71500
49	0.71500
50	0.71500
51	0.71500
52	0.71500
53	0.71500
54	0.71500
55	0.71500
56	0.71500
57	0.71500
58	0.71500
59	0.71500
60	0.71500
61	0.71500
62	0.71500
63	0.71500
64	0.71500
65	0.71500
66	0.71500
67	0.71500
68	0.71500
69	0.71500
70	0.71500
71	0.71500
72	0.71500
73	0.71500
74	0.71500
75	0.71500
76	0.71500
77	0.71500
78	0.71500
79	0.71500
80	0.71500
81	0.71500
82	0.71500
83	0.71500
84	0.71500
85	0.71500
86	0.71500
87	0.71500
88	0.71500
89	0.71500
90	0.71500
91	0.71500
92	0.71500
93	0.71500
94	0.71500
95	0.71500
96	0.71500
97	0.71500
98	0.71500
99	0.71500
