0	0.00000
1	0.00000
2	0.00000
3	0.04315
4	0.18599
5	0.45206
6	0.80753
7	1.08695
8	1.28430
9	1.40986
10	1.28291
11	1.15014
12	0.95813
13	0.76449
14	0.60761
15	0.46709
16	0.34116
17	0.26531
18	0.20382
19	0.15134
20	0.11914
21	0.09515
22	0.07236
23	0.05971
24	0.04876
25	0.03790
26	0.03187
27	0.02333
28	0.01836
29	0.01577
30	0.00999
31	0.00728
32	0.00682
33	0.00482
34	0.00539
35	0.00450
36	0.00431
37	0.00443
38	0.00354
39	0.00311
40	0.00255
41	0.00185
42	0.00133
43	0.00077
44	0.00056
45	0.00000
46	0.00000
47	0.00000
48	0.00000
49	0.00000
50	0.00000
51	0.00000
52	0.00000
53	0.00000
54	0.00000
55	0.00000
56	0.00000
57	0.00000
58	0.00000
59	0.00000
60	0.00000
61	0.00000
62	0.00000
63	0.00000
64	0.00000
65	0.00000
66	0.00000
67	0.00000
68	0.00000
69	0.00000
70	0.00000
71	0.00000
72	0.00000
73	0.00000
74	0.00000
75	0.00000
76	0.00000
77	0.00000
78	0.00000
79	0.00000
80	0.00000
81	0.00000
82	0.00000
83	0.00000
84	0.00000
85	0.00000
86	0.00000
87	0.00000
88	0.00000
89	0.00000
90	0.00000
91	0.00000
92	0.00000
93	0.00000
94	0.00000
95	0.00000
96	0.00000
97	0.00000
98	0.00000
99	0.00000
