0	0	0	0	0	0	
1	750	0	0	0	0	
2	745	0	0	0	0	
3	677	55	0	0	0	
4	508	156	50	0	0	
5	225	263	149	47	0	
6	70	151	245	141	47	
7	38	29	142	233	184	
8	27	7	29	137	415	
9	16	3	8	25	549	
10	16	1	4	7	567	
11	12	1	3	3	570	
12	10	1	3	2	571	
13	8	1	3	2	568	
14	7	1	3	2	566	
15	3	1	3	2	565	
16	3	0	3	2	565	
17	3	0	3	2	565	
18	2	0	3	2	565	
19	2	0	3	2	564	
20	1	0	3	2	564	
21	0	0	3	2	564	
22	0	0	3	2	564	
23	0	0	3	2	564	
24	0	0	3	2	564	
25	0	0	3	2	564	
26	0	0	3	2	564	
27	0	0	3	2	564	
28	0	0	3	2	564	
29	0	0	3	2	564	
30	0	0	3	2	564	
31	0	0	3	2	564	
32	0	0	3	2	564	
33	0	0	3	2	564	
34	0	0	3	2	564	
35	0	0	3	2	564	
36	0	0	3	2	564	
37	0	0	3	2	564	
38	0	0	3	2	564	
39	0	0	3	2	564	
40	0	0	3	2	564	
41	0	0	3	2	564	
42	0	0	3	2	564	
43	0	0	3	2	564	
44	0	0	3	2	564	
45	0	0	3	2	564	
46	0	0	3	2	564	
47	0	0	3	2	564	
48	0	0	3	2	564	
49	0	0	3	2	564	
50	0	0	3	2	564	
51	0	0	3	2	564	
52	0	0	3	2	564	
53	0	0	3	2	564	
54	0	0	3	2	564	
55	0	0	3	2	564	
56	0	0	3	2	564	
57	0	0	3	2	564	
58	0	0	3	2	564	
59	0	0	3	2	564	
60	0	0	3	2	564	
61	0	0	3	2	564	
62	0	0	3	2	564	
63	0	0	3	2	564	
64	0	0	3	2	564	
65	0	0	3	2	564	
66	0	0	3	2	564	
67	0	0	3	2	564	
68	0	0	3	2	564	
69	0	0	3	2	564	
70	0	0	3	2	564	
71	0	0	3	2	564	
72	0	0	3	2	564	
73	0	0	3	2	564	
74	0	0	3	2	564	
75	0	0	3	2	564	
76	0	0	3	2	564	
77	0	0	3	2	564	
78	0	0	3	2	564	
79	0	0	3	2	564	
80	0	0	3	2	564	
81	0	0	3	2	564	
82	0	0	3	2	564	
83	0	0	3	2	564	
84	0	0	3	2	564	
85	0	0	3	2	564	
86	0	0	3	2	564	
87	0	0	3	2	564	
88	0	0	3	2	564	
89	0	0	3	2	564	
90	0	0	3	2	564	
91	0	0	3	2	564	
92	0	0	3	2	564	
93	0	0	3	2	564	
94	0	0	3	2	564	
95	0	0	3	2	564	
96	0	0	3	2	564	
97	0	0	3	2	564	
98	0	0	3	2	564	
99	0	0	3	2	564	
