0	0.00000
1	0.00000
2	0.00000
3	0.01475
4	0.14605
5	0.58366
6	1.01944
7	1.13721
8	1.42428
9	1.50472
10	1.38743
11	1.22012
12	1.07146
13	0.83563
14	0.64553
15	0.47768
16	0.35687
17	0.27699
18	0.20735
19	0.15883
20	0.12691
21	0.10129
22	0.07961
23	0.06554
24	0.05050
25	0.04187
26	0.03342
27	0.02956
28	0.02275
29	0.01971
30	0.01275
31	0.00940
32	0.00768
33	0.00612
34	0.00365
35	0.00183
36	0.00098
37	0.00057
38	0.00017
39	0.00023
40	0.00048
41	0.00018
42	0.00018
43	0.00009
44	0.00009
45	0.00009
46	0.00000
47	0.00000
48	0.00000
49	0.00000
50	0.00000
51	0.00000
52	0.00000
53	0.00000
54	0.00000
55	0.00000
56	0.00000
57	0.00000
58	0.00000
59	0.00000
60	0.00000
61	0.00000
62	0.00000
63	0.00000
64	0.00000
65	0.00000
66	0.00000
67	0.00000
68	0.00000
69	0.00000
70	0.00000
71	0.00000
72	0.00000
73	0.00000
74	0.00000
75	0.00000
76	0.00000
77	0.00000
78	0.00000
79	0.00000
80	0.00000
81	0.00000
82	0.00000
83	0.00000
84	0.00000
85	0.00000
86	0.00000
87	0.00000
88	0.00000
89	0.00000
90	0.00000
91	0.00000
92	0.00000
93	0.00000
94	0.00000
95	0.00000
96	0.00000
97	0.00000
98	0.00000
99	0.00000
