0	0.00500
1	0.01900
2	0.05150
3	0.14150
4	0.32300
5	0.58500
6	0.75000
7	0.81100
8	0.82300
9	0.82400
10	0.82450
11	0.82450
12	0.82450
13	0.82450
14	0.82450
15	0.82450
16	0.82450
17	0.82450
18	0.82450
19	0.82450
20	0.82450
21	0.82450
22	0.82450
23	0.82450
24	0.82450
25	0.82450
26	0.82450
27	0.82450
28	0.82450
29	0.82450
30	0.82450
31	0.82450
32	0.82450
33	0.82450
34	0.82450
35	0.82450
36	0.82450
37	0.82450
38	0.82450
39	0.82450
40	0.82450
41	0.82450
42	0.82450
43	0.82450
44	0.82450
45	0.82450
46	0.82450
47	0.82450
48	0.82450
49	0.82450
50	0.82450
51	0.82450
52	0.82450
53	0.82450
54	0.82450
55	0.82450
56	0.82450
57	0.82450
58	0.82450
59	0.82450
60	0.82450
61	0.82450
62	0.82450
63	0.82450
64	0.82450
65	0.82450
66	0.82450
67	0.82450
68	0.82450
69	0.82450
70	0.82450
71	0.82450
72	0.82450
73	0.82450
74	0.82450
75	0.82450
76	0.82450
77	0.82450
78	0.82450
79	0.82450
80	0.82450
81	0.82450
82	0.82450
83	0.82450
84	0.82450
85	0.82450
86	0.82450
87	0.82450
88	0.82450
89	0.82450
90	0.82450
91	0.82450
92	0.82450
93	0.82450
94	0.82450
95	0.82450
96	0.82450
97	0.82450
98	0.82450
99	0.82450
100	0.82450
101	0.82450
102	0.82450
103	0.82450
104	0.82450
105	0.82450
106	0.82450
107	0.82450
108	0.82450
109	0.82450
110	0.82450
111	0.82450
112	0.82450
113	0.82450
114	0.82450
115	0.82450
116	0.82450
117	0.82450
118	0.82450
119	0.82450
120	0.82450
121	0.82450
122	0.82450
123	0.82450
124	0.82450
125	0.82450
126	0.82450
127	0.82450
128	0.82450
129	0.82450
130	0.82450
131	0.82450
132	0.82450
133	0.82450
134	0.82450
135	0.82450
136	0.82450
137	0.82450
138	0.82450
139	0.82450
140	0.82450
141	0.82450
142	0.82450
143	0.82450
144	0.82450
145	0.82450
146	0.82450
147	0.82450
148	0.82450
149	0.82450
