0	0.00000
1	0.00000
2	0.00000
3	0.06186
4	0.30785
5	0.63637
6	1.11226
7	1.30760
8	1.52481
9	1.47275
10	1.39821
11	1.24684
12	1.06619
13	0.83281
14	0.63277
15	0.46418
16	0.35391
17	0.26156
18	0.19648
19	0.14945
20	0.11599
21	0.09251
22	0.07429
23	0.05954
24	0.05436
25	0.04567
26	0.03985
27	0.03422
28	0.02902
29	0.02605
30	0.02377
31	0.01919
32	0.01467
33	0.01112
34	0.00841
35	0.00702
36	0.00356
37	0.00092
38	0.00012
39	0.00012
40	0.00012
41	0.00000
42	0.00000
43	0.00000
44	0.00000
45	0.00000
46	0.00000
47	0.00000
48	0.00000
49	0.00000
50	0.00000
51	0.00000
52	0.00000
53	0.00000
54	0.00000
55	0.00000
56	0.00000
57	0.00000
58	0.00000
59	0.00000
60	0.00000
61	0.00000
62	0.00000
63	0.00000
64	0.00000
65	0.00000
66	0.00000
67	0.00000
68	0.00000
69	0.00000
70	0.00000
71	0.00000
72	0.00000
73	0.00000
74	0.00000
75	0.00000
76	0.00000
77	0.00000
78	0.00000
79	0.00000
80	0.00000
81	0.00000
82	0.00000
83	0.00000
84	0.00000
85	0.00000
86	0.00000
87	0.00000
88	0.00000
89	0.00000
90	0.00000
91	0.00000
92	0.00000
93	0.00000
94	0.00000
95	0.00000
96	0.00000
97	0.00000
98	0.00000
99	0.00000
