0	0.00000
1	0.00000
2	0.00000
3	0.04856
4	0.17994
5	0.35042
6	0.74204
7	1.09322
8	1.40968
9	1.37609
10	1.33634
11	1.21514
12	1.07066
13	0.85844
14	0.65521
15	0.48042
16	0.36587
17	0.26765
18	0.20269
19	0.15467
20	0.12014
21	0.09706
22	0.07816
23	0.06243
24	0.05603
25	0.04630
26	0.03963
27	0.03315
28	0.02653
29	0.02360
30	0.02050
31	0.01617
32	0.01309
33	0.01008
34	0.00804
35	0.00707
36	0.00433
37	0.00260
38	0.00103
39	0.00103
40	0.00103
41	0.00022
42	0.00000
43	0.00029
44	0.00029
45	0.00029
46	0.00029
47	0.00029
48	0.00029
49	0.00029
50	0.00000
51	0.00000
52	0.00000
53	0.00000
54	0.00000
55	0.00000
56	0.00000
57	0.00000
58	0.00000
59	0.00000
60	0.00000
61	0.00000
62	0.00000
63	0.00000
64	0.00000
65	0.00000
66	0.00000
67	0.00016
68	0.00016
69	0.00016
70	0.00016
71	0.00016
72	0.00016
73	0.00016
74	0.00000
75	0.00000
76	0.00000
77	0.00000
78	0.00000
79	0.00000
80	0.00000
81	0.00000
82	0.00000
83	0.00000
84	0.00000
85	0.00000
86	0.00000
87	0.00000
88	0.00000
89	0.00000
90	0.00000
91	0.00000
92	0.00000
93	0.00000
94	0.00000
95	0.00000
96	0.00000
97	0.00000
98	0.00000
99	0.00000
