0	0.00500
1	0.01800
2	0.05450
3	0.14450
4	0.34200
5	0.58850
6	0.73600
7	0.79200
8	0.80450
9	0.81150
10	0.81250
11	0.81250
12	0.81300
13	0.81300
14	0.81300
15	0.81300
16	0.81300
17	0.81300
18	0.81300
19	0.81300
20	0.81300
21	0.81300
22	0.81300
23	0.81300
24	0.81300
25	0.81300
26	0.81300
27	0.81300
28	0.81300
29	0.81300
30	0.81300
31	0.81300
32	0.81300
33	0.81300
34	0.81300
35	0.81300
36	0.81300
37	0.81300
38	0.81300
39	0.81300
40	0.81300
41	0.81300
42	0.81300
43	0.81300
44	0.81300
45	0.81300
46	0.81300
47	0.81300
48	0.81300
49	0.81300
50	0.81300
51	0.81300
52	0.81300
53	0.81300
54	0.81300
55	0.81300
56	0.81300
57	0.81300
58	0.81300
59	0.81300
60	0.81300
61	0.81300
62	0.81300
63	0.81300
64	0.81300
65	0.81300
66	0.81300
67	0.81300
68	0.81300
69	0.81300
70	0.81300
71	0.81300
72	0.81300
73	0.81300
74	0.81300
75	0.81300
76	0.81300
77	0.81300
78	0.81300
79	0.81300
80	0.81300
81	0.81300
82	0.81300
83	0.81300
84	0.81300
85	0.81300
86	0.81300
87	0.81300
88	0.81300
89	0.81300
90	0.81300
91	0.81300
92	0.81300
93	0.81300
94	0.81300
95	0.81300
96	0.81300
97	0.81300
98	0.81300
99	0.81300
