0	0.00500
1	0.01550
2	0.03800
3	0.11800
4	0.29000
5	0.57550
6	0.81600
7	0.92800
8	0.95000
9	0.95450
10	0.95550
11	0.95550
12	0.95550
13	0.95550
14	0.95550
15	0.95550
16	0.95550
17	0.95550
18	0.95550
19	0.95550
20	0.95550
21	0.95550
22	0.95550
23	0.95550
24	0.95550
25	0.95550
26	0.95550
27	0.95550
28	0.95550
29	0.95550
30	0.95550
31	0.95550
32	0.95550
33	0.95550
34	0.95550
35	0.95550
36	0.95550
37	0.95550
38	0.95550
39	0.95550
40	0.95550
41	0.95550
42	0.95550
43	0.95550
44	0.95550
45	0.95550
46	0.95550
47	0.95550
48	0.95550
49	0.95550
50	0.95550
51	0.95550
52	0.95550
53	0.95550
54	0.95550
55	0.95550
56	0.95550
57	0.95550
58	0.95550
59	0.95550
60	0.95550
61	0.95550
62	0.95550
63	0.95550
64	0.95550
65	0.95550
66	0.95550
67	0.95550
68	0.95550
69	0.95550
70	0.95550
71	0.95550
72	0.95550
73	0.95550
74	0.95550
75	0.95550
76	0.95550
77	0.95550
78	0.95550
79	0.95550
80	0.95550
81	0.95550
82	0.95550
83	0.95550
84	0.95550
85	0.95550
86	0.95550
87	0.95550
88	0.95550
89	0.95550
90	0.95550
91	0.95550
92	0.95550
93	0.95550
94	0.95550
95	0.95550
96	0.95550
97	0.95550
98	0.95550
99	0.95550
100	0.95550
101	0.95550
102	0.95550
103	0.95550
104	0.95550
105	0.95550
106	0.95550
107	0.95550
108	0.95550
109	0.95550
110	0.95550
111	0.95550
112	0.95550
113	0.95550
114	0.95550
115	0.95550
116	0.95550
117	0.95550
118	0.95550
119	0.95550
120	0.95550
121	0.95550
122	0.95550
123	0.95550
124	0.95550
125	0.95550
126	0.95550
127	0.95550
128	0.95550
129	0.95550
130	0.95550
131	0.95550
132	0.95550
133	0.95550
134	0.95550
135	0.95550
136	0.95550
137	0.95550
138	0.95550
139	0.95550
140	0.95550
141	0.95550
142	0.95550
143	0.95550
144	0.95550
145	0.95550
146	0.95550
147	0.95550
148	0.95550
149	0.95550
