0	0	0	0	0	0	
1	501	0	0	0	0	
2	501	0	0	0	0	
3	501	0	0	0	0	
4	501	0	0	0	0	
5	501	0	0	0	0	
6	500	0	0	0	0	
7	499	0	0	0	0	
8	499	0	0	0	0	
9	499	0	0	0	0	
10	499	0	0	0	0	
11	499	0	0	0	0	
12	498	0	0	0	0	
13	496	0	0	0	0	
14	496	0	0	0	0	
15	496	0	0	0	0	
16	496	0	0	0	0	
17	496	0	0	0	0	
18	493	0	0	0	0	
19	491	0	0	0	0	
20	490	1	0	0	0	
21	484	6	1	0	0	
22	481	0	6	1	0	
23	480	0	0	6	1	
24	474	4	0	0	7	
25	471	0	4	0	7	
26	468	1	0	4	7	
27	467	1	1	0	11	
28	466	1	1	1	11	
29	462	3	1	1	12	
30	458	0	3	1	13	
31	453	1	0	3	14	
32	450	1	0	1	16	
33	449	1	0	1	16	
34	448	1	0	1	16	
35	444	2	0	1	16	
36	442	3	0	1	16	
37	440	2	1	1	16	
38	437	2	0	2	16	
39	430	4	0	2	16	
40	421	4	1	0	18	
41	415	3	1	1	18	
42	408	2	1	1	19	
43	403	2	0	1	20	
44	394	2	0	0	21	
45	387	2	0	0	21	
46	379	2	0	0	21	
47	373	2	0	0	21	
48	365	3	0	0	21	
49	359	3	0	0	21	
50	353	3	0	0	21	
51	350	3	0	0	21	
52	342	3	0	0	21	
53	336	2	0	0	21	
54	332	2	0	0	21	
55	323	2	0	0	21	
56	320	2	0	0	21	
57	314	2	0	0	21	
58	309	2	0	0	21	
59	300	2	0	0	21	
60	296	2	0	0	21	
61	282	2	0	0	21	
62	277	2	0	0	21	
63	271	2	0	0	21	
64	266	2	0	0	21	
65	257	2	0	0	21	
66	253	2	0	0	21	
67	244	2	0	0	21	
68	238	2	0	0	21	
69	233	2	0	0	21	
70	221	2	0	0	21	
71	210	2	0	0	21	
72	204	2	0	0	21	
73	196	2	0	0	21	
74	188	2	0	0	21	
75	180	2	0	0	21	
76	178	2	0	0	21	
77	170	2	0	0	21	
78	165	2	0	0	21	
79	157	2	0	0	21	
80	151	2	0	0	21	
81	143	2	0	0	21	
82	137	2	0	0	21	
83	130	2	0	0	21	
84	126	2	0	0	21	
85	121	2	0	0	21	
86	120	2	0	0	21	
87	116	2	0	0	21	
88	112	2	0	0	21	
89	106	2	0	0	21	
90	101	2	0	0	21	
91	97	2	0	0	21	
92	90	2	0	0	21	
93	86	2	0	0	21	
94	82	2	0	0	21	
95	76	1	0	0	21	
96	70	1	0	0	21	
97	68	1	0	0	21	
98	68	1	0	0	21	
99	66	1	0	0	21	
100	66	1	0	0	21	
101	65	1	0	0	21	
102	61	1	0	0	21	
103	60	1	0	0	21	
104	57	1	0	0	21	
105	54	1	0	0	21	
106	51	1	0	0	21	
107	51	1	0	0	21	
108	48	1	0	0	21	
109	45	1	0	0	21	
110	42	1	0	0	21	
111	41	1	0	0	21	
112	41	1	0	0	21	
113	40	1	0	0	21	
114	39	1	0	0	21	
115	37	1	0	0	21	
116	35	1	0	0	21	
117	33	1	0	0	21	
118	33	1	0	0	21	
119	33	1	0	0	21	
120	30	1	0	0	21	
121	30	1	0	0	21	
122	30	1	0	0	21	
123	30	1	0	0	21	
124	29	1	0	0	21	
125	28	1	0	0	21	
126	25	1	0	0	21	
127	25	1	0	0	21	
128	23	1	0	0	21	
129	23	1	0	0	21	
130	22	1	0	0	21	
131	22	1	0	0	21	
132	22	1	0	0	21	
133	22	1	0	0	21	
134	22	1	0	0	21	
135	22	1	0	0	21	
136	22	1	0	0	21	
137	20	1	0	0	21	
138	18	1	0	0	21	
139	17	1	0	0	21	
140	17	1	0	0	21	
141	16	1	0	0	21	
142	16	1	0	0	21	
143	15	1	0	0	21	
144	12	1	0	0	21	
145	11	1	0	0	21	
146	11	1	0	0	21	
147	10	1	0	0	21	
148	10	1	0	0	21	
149	10	1	0	0	21	
150	9	1	0	0	21	
151	9	1	0	0	21	
152	9	1	0	0	21	
153	9	1	0	0	21	
154	9	1	0	0	21	
155	8	1	0	0	21	
156	8	1	0	0	21	
157	7	1	0	0	21	
158	7	1	0	0	21	
159	7	1	0	0	21	
160	7	1	0	0	21	
161	7	1	0	0	21	
162	7	1	0	0	21	
163	7	1	0	0	21	
164	7	1	0	0	21	
165	7	1	0	0	21	
166	7	1	0	0	21	
167	7	1	0	0	21	
168	6	1	0	0	21	
169	5	1	0	0	21	
170	4	1	0	0	21	
171	3	1	0	0	21	
172	3	1	0	0	21	
173	3	1	0	0	21	
174	3	1	0	0	21	
175	3	1	0	0	21	
176	3	1	0	0	21	
177	3	1	0	0	21	
178	3	1	0	0	21	
179	3	1	0	0	21	
