0	0.00500
1	0.01550
2	0.04150
3	0.11000
4	0.27000
5	0.49050
6	0.67350
7	0.75600
8	0.78050
9	0.78550
10	0.78600
11	0.78750
12	0.78750
13	0.78750
14	0.78750
15	0.78750
16	0.78750
17	0.78750
18	0.78750
19	0.78750
20	0.78750
21	0.78750
22	0.78750
23	0.78750
24	0.78750
25	0.78750
26	0.78750
27	0.78750
28	0.78750
29	0.78750
30	0.78750
31	0.78750
32	0.78750
33	0.78750
34	0.78750
35	0.78750
36	0.78750
37	0.78750
38	0.78750
39	0.78750
40	0.78750
41	0.78750
42	0.78750
43	0.78750
44	0.78750
45	0.78750
46	0.78750
47	0.78750
48	0.78750
49	0.78750
50	0.78750
51	0.78750
52	0.78750
53	0.78750
54	0.78750
55	0.78750
56	0.78750
57	0.78750
58	0.78750
59	0.78750
60	0.78750
61	0.78750
62	0.78750
63	0.78750
64	0.78750
65	0.78750
66	0.78750
67	0.78750
68	0.78750
69	0.78750
70	0.78750
71	0.78750
72	0.78750
73	0.78750
74	0.78750
75	0.78750
76	0.78750
77	0.78750
78	0.78750
79	0.78750
80	0.78750
81	0.78750
82	0.78750
83	0.78750
84	0.78750
85	0.78750
86	0.78750
87	0.78750
88	0.78750
89	0.78750
90	0.78750
91	0.78750
92	0.78750
93	0.78750
94	0.78750
95	0.78750
96	0.78750
97	0.78750
98	0.78750
99	0.78750
100	0.78750
101	0.78750
102	0.78750
103	0.78750
104	0.78750
105	0.78750
106	0.78750
107	0.78750
108	0.78750
109	0.78750
110	0.78750
111	0.78750
112	0.78750
113	0.78750
114	0.78750
115	0.78750
116	0.78750
117	0.78750
118	0.78750
119	0.78750
120	0.78750
121	0.78750
122	0.78750
123	0.78750
124	0.78750
125	0.78750
126	0.78750
127	0.78750
128	0.78750
129	0.78750
130	0.78750
131	0.78750
132	0.78750
133	0.78750
134	0.78750
135	0.78750
136	0.78750
137	0.78750
138	0.78750
139	0.78750
140	0.78750
141	0.78750
142	0.78750
143	0.78750
144	0.78750
145	0.78750
146	0.78750
147	0.78750
148	0.78750
149	0.78750
