0	0.00000
1	0.00000
2	0.00000
3	0.60623
4	0.74712
5	0.76423
6	1.04597
7	1.22010
8	1.35876
9	1.60962
10	1.81104
11	1.85825
12	1.99630
13	2.05169
14	1.94260
15	1.93666
16	1.81378
17	1.69848
18	1.57876
19	1.43877
20	1.33407
21	1.20773
22	1.10329
23	1.02095
24	0.93716
25	0.87560
26	0.81677
27	0.76974
28	0.71743
29	0.67854
30	0.63927
31	0.60414
32	0.56950
33	0.54515
34	0.51935
35	0.49676
36	0.47833
37	0.45730
38	0.43912
39	0.42339
40	0.40772
41	0.39145
42	0.38017
43	0.36584
44	0.35597
45	0.34460
46	0.33401
47	0.32483
48	0.31469
49	0.30615
50	0.29895
51	0.28967
52	0.28461
53	0.27570
54	0.26996
55	0.26319
56	0.25647
57	0.25188
58	0.24488
59	0.24165
60	0.23640
61	0.23002
62	0.22642
63	0.22192
64	0.22129
65	0.21785
66	0.21365
67	0.20953
68	0.20729
69	0.20245
70	0.19895
71	0.19487
72	0.19330
73	0.18872
74	0.18598
75	0.18289
76	0.18110
77	0.17864
78	0.17394
79	0.17172
80	0.16957
81	0.16848
82	0.16544
83	0.16203
84	0.16009
85	0.15780
86	0.15664
87	0.15452
88	0.15256
89	0.15038
90	0.14929
91	0.14626
92	0.14361
93	0.14235
94	0.14184
95	0.13978
96	0.13811
97	0.13696
98	0.13429
99	0.13252
100	0.13159
101	0.12988
102	0.12909
103	0.12759
104	0.12672
105	0.12511
106	0.12315
107	0.12249
108	0.12104
109	0.11911
110	0.11852
111	0.11737
112	0.11647
113	0.11613
114	0.11528
115	0.11381
116	0.11300
117	0.11177
118	0.11082
119	0.10892
120	0.10817
121	0.10666
122	0.10596
123	0.10478
124	0.10410
125	0.10306
126	0.10265
127	0.10183
128	0.10156
129	0.10082
130	0.09983
131	0.09940
132	0.09833
133	0.09775
134	0.09739
135	0.09602
136	0.09396
137	0.09306
138	0.09203
139	0.09151
140	0.09067
141	0.09007
142	0.08980
143	0.08906
144	0.08841
145	0.08833
146	0.08807
147	0.08794
148	0.08732
149	0.08692
150	0.08636
151	0.08563
152	0.08493
153	0.08419
154	0.08398
155	0.08276
156	0.08179
157	0.08063
158	0.08001
159	0.07963
160	0.07954
161	0.07871
162	0.07781
163	0.07745
164	0.07725
165	0.07659
166	0.07627
167	0.07627
168	0.07609
169	0.07562
170	0.07545
171	0.07482
172	0.07459
173	0.07426
174	0.07354
175	0.07323
176	0.07299
177	0.07268
178	0.07268
179	0.07237
180	0.07082
181	0.07032
182	0.06988
183	0.06920
184	0.06920
185	0.06865
186	0.06856
187	0.06856
188	0.06792
189	0.06783
190	0.06688
191	0.06653
192	0.06583
193	0.06561
194	0.06514
195	0.06454
196	0.06437
197	0.06430
198	0.06412
199	0.06389
