0	0.00000
1	0.00000
2	0.00000
3	0.04675
4	0.18022
5	0.52313
6	0.76793
7	1.10499
8	1.40400
9	1.54019
10	1.52232
11	1.37023
12	1.25060
13	1.03450
14	0.81959
15	0.63246
16	0.51512
17	0.39041
18	0.30625
19	0.22541
20	0.17299
21	0.13305
22	0.10050
23	0.08119
24	0.06322
25	0.05278
26	0.04335
27	0.03674
28	0.03293
29	0.02770
30	0.02310
31	0.01871
32	0.01472
33	0.01311
34	0.01037
35	0.00728
36	0.00524
37	0.00254
38	0.00137
39	0.00065
40	0.00005
41	0.00000
42	0.00000
43	0.00000
44	0.00000
45	0.00000
46	0.00000
47	0.00000
48	0.00000
49	0.00000
50	0.00000
51	0.00000
52	0.00000
53	0.00000
54	0.00000
55	0.00000
56	0.00000
57	0.00000
58	0.00000
59	0.00000
60	0.00000
61	0.00000
62	0.00000
63	0.00000
64	0.00000
65	0.00000
66	0.00000
67	0.00000
68	0.00000
69	0.00000
70	0.00000
71	0.00000
72	0.00000
73	0.00000
74	0.00000
75	0.00000
76	0.00000
77	0.00000
78	0.00000
79	0.00000
80	0.00000
81	0.00000
82	0.00000
83	0.00000
84	0.00000
85	0.00000
86	0.00000
87	0.00000
88	0.00000
89	0.00000
90	0.00000
91	0.00000
92	0.00000
93	0.00000
94	0.00000
95	0.00000
96	0.00000
97	0.00000
98	0.00000
99	0.00000
