0	0.00500
1	0.00900
2	0.01200
3	0.01950
4	0.02950
5	0.04850
6	0.08200
7	0.12550
8	0.17400
9	0.23950
10	0.30350
11	0.36400
12	0.41550
13	0.46600
14	0.51150
15	0.54950
16	0.58350
17	0.60100
18	0.62150
19	0.63550
20	0.64600
21	0.65850
22	0.66450
23	0.67100
24	0.67450
25	0.67750
26	0.68100
27	0.68350
28	0.68550
29	0.68650
30	0.68750
31	0.68950
32	0.69000
33	0.69050
34	0.69050
35	0.69050
36	0.69050
37	0.69050
38	0.69050
39	0.69050
40	0.69150
41	0.69150
42	0.69150
43	0.69150
44	0.69150
45	0.69150
46	0.69150
47	0.69200
48	0.69200
49	0.69200
50	0.69200
51	0.69200
52	0.69200
53	0.69200
54	0.69200
55	0.69200
56	0.69200
57	0.69200
58	0.69200
59	0.69200
60	0.69200
61	0.69200
62	0.69200
63	0.69200
64	0.69200
65	0.69200
66	0.69200
67	0.69200
68	0.69200
69	0.69200
70	0.69200
71	0.69200
72	0.69200
73	0.69200
74	0.69200
75	0.69200
76	0.69200
77	0.69200
78	0.69200
79	0.69200
80	0.69200
81	0.69200
82	0.69200
83	0.69200
84	0.69200
85	0.69200
86	0.69200
87	0.69200
88	0.69200
89	0.69200
90	0.69200
91	0.69200
92	0.69200
93	0.69200
94	0.69200
95	0.69200
96	0.69200
97	0.69200
98	0.69200
99	0.69200
