0	0	0	0	0	0	
1	743	0	0	0	0	
2	723	0	0	0	0	
3	0	653	0	0	0	
4	0	0	556	0	0	
5	0	0	0	451	0	
6	0	0	0	0	408	
7	0	0	0	0	407	
8	0	0	0	0	405	
9	0	0	0	0	405	
10	0	0	0	0	405	
11	0	0	0	0	405	
12	0	0	0	0	405	
13	0	0	0	0	405	
14	0	0	0	0	405	
15	0	0	0	0	405	
16	0	0	0	0	405	
17	0	0	0	0	405	
18	0	0	0	0	405	
19	0	0	0	0	405	
20	0	0	0	0	405	
21	0	0	0	0	405	
22	0	0	0	0	405	
23	0	0	0	0	405	
24	0	0	0	0	405	
25	0	0	0	0	405	
26	0	0	0	0	405	
27	0	0	0	0	405	
28	0	0	0	0	405	
29	0	0	0	0	405	
30	0	0	0	0	405	
31	0	0	0	0	405	
32	0	0	0	0	405	
33	0	0	0	0	405	
34	0	0	0	0	405	
35	0	0	0	0	405	
36	0	0	0	0	405	
37	0	0	0	0	405	
38	0	0	0	0	405	
39	0	0	0	0	405	
40	0	0	0	0	405	
41	0	0	0	0	405	
42	0	0	0	0	405	
43	0	0	0	0	405	
44	0	0	0	0	405	
45	0	0	0	0	405	
46	0	0	0	0	405	
47	0	0	0	0	405	
48	0	0	0	0	405	
49	0	0	0	0	405	
50	0	0	0	0	405	
51	0	0	0	0	405	
52	0	0	0	0	405	
53	0	0	0	0	405	
54	0	0	0	0	405	
55	0	0	0	0	405	
56	0	0	0	0	405	
57	0	0	0	0	405	
58	0	0	0	0	405	
59	0	0	0	0	405	
60	0	0	0	0	405	
61	0	0	0	0	405	
62	0	0	0	0	405	
63	0	0	0	0	405	
64	0	0	0	0	405	
65	0	0	0	0	405	
66	0	0	0	0	405	
67	0	0	0	0	405	
68	0	0	0	0	405	
69	0	0	0	0	405	
70	0	0	0	0	405	
71	0	0	0	0	405	
72	0	0	0	0	405	
73	0	0	0	0	405	
74	0	0	0	0	405	
75	0	0	0	0	405	
76	0	0	0	0	405	
77	0	0	0	0	405	
78	0	0	0	0	405	
79	0	0	0	0	405	
80	0	0	0	0	405	
81	0	0	0	0	405	
82	0	0	0	0	405	
83	0	0	0	0	405	
84	0	0	0	0	405	
85	0	0	0	0	405	
86	0	0	0	0	405	
87	0	0	0	0	405	
88	0	0	0	0	405	
89	0	0	0	0	405	
90	0	0	0	0	405	
91	0	0	0	0	405	
92	0	0	0	0	405	
93	0	0	0	0	405	
94	0	0	0	0	405	
95	0	0	0	0	405	
96	0	0	0	0	405	
97	0	0	0	0	405	
98	0	0	0	0	405	
99	0	0	0	0	405	
100	0	0	0	0	405	
101	0	0	0	0	405	
102	0	0	0	0	405	
103	0	0	0	0	405	
104	0	0	0	0	405	
105	0	0	0	0	405	
106	0	0	0	0	405	
107	0	0	0	0	405	
108	0	0	0	0	405	
109	0	0	0	0	405	
110	0	0	0	0	405	
111	0	0	0	0	405	
112	0	0	0	0	405	
113	0	0	0	0	405	
114	0	0	0	0	405	
115	0	0	0	0	405	
116	0	0	0	0	405	
117	0	0	0	0	405	
118	0	0	0	0	405	
119	0	0	0	0	405	
120	0	0	0	0	405	
121	0	0	0	0	405	
122	0	0	0	0	405	
123	0	0	0	0	405	
124	0	0	0	0	405	
125	0	0	0	0	405	
126	0	0	0	0	405	
127	0	0	0	0	405	
128	0	0	0	0	405	
129	0	0	0	0	405	
130	0	0	0	0	405	
131	0	0	0	0	405	
132	0	0	0	0	405	
133	0	0	0	0	405	
134	0	0	0	0	405	
135	0	0	0	0	405	
136	0	0	0	0	405	
137	0	0	0	0	405	
138	0	0	0	0	405	
139	0	0	0	0	405	
140	0	0	0	0	405	
141	0	0	0	0	405	
142	0	0	0	0	405	
143	0	0	0	0	405	
144	0	0	0	0	405	
145	0	0	0	0	405	
146	0	0	0	0	405	
147	0	0	0	0	405	
148	0	0	0	0	405	
149	0	0	0	0	405	
