0	0.00500
1	0.00600
2	0.00850
3	0.01500
4	0.02800
5	0.04950
6	0.08950
7	0.14000
8	0.22300
9	0.32800
10	0.43950
11	0.54100
12	0.63000
13	0.69950
14	0.75200
15	0.79000
16	0.82200
17	0.84300
18	0.85750
19	0.87100
20	0.88050
21	0.88850
22	0.89300
23	0.89650
24	0.89750
25	0.89750
26	0.89850
27	0.89850
28	0.89900
29	0.90050
30	0.90100
31	0.90150
32	0.90200
33	0.90250
34	0.90300
35	0.90400
36	0.90400
37	0.90400
38	0.90400
39	0.90450
40	0.90450
41	0.90450
42	0.90450
43	0.90450
44	0.90450
45	0.90450
46	0.90450
47	0.90450
48	0.90450
49	0.90450
50	0.90450
51	0.90450
52	0.90450
53	0.90450
54	0.90450
55	0.90450
56	0.90450
57	0.90450
58	0.90450
59	0.90450
60	0.90450
61	0.90450
62	0.90450
63	0.90450
64	0.90450
65	0.90450
66	0.90450
67	0.90450
68	0.90450
69	0.90450
70	0.90450
71	0.90450
72	0.90450
73	0.90450
74	0.90450
75	0.90450
76	0.90450
77	0.90450
78	0.90450
79	0.90450
80	0.90450
81	0.90450
82	0.90450
83	0.90450
84	0.90450
85	0.90450
86	0.90450
87	0.90450
88	0.90450
89	0.90450
90	0.90450
91	0.90450
92	0.90450
93	0.90450
94	0.90450
95	0.90450
96	0.90450
97	0.90450
98	0.90450
99	0.90450
