0	0.00000
1	0.00000
2	0.00000
3	0.01540
4	0.08788
5	0.19634
6	0.47556
7	0.77046
8	1.09202
9	1.38201
10	1.60275
11	1.64228
12	1.45589
13	1.22982
14	0.96125
15	0.71554
16	0.51278
17	0.35307
18	0.25092
19	0.17315
20	0.12342
21	0.09175
22	0.06678
23	0.05335
24	0.04197
25	0.03220
26	0.02633
27	0.01977
28	0.01555
29	0.01140
30	0.00729
31	0.00489
32	0.00395
33	0.00376
34	0.00379
35	0.00346
36	0.00376
37	0.00358
38	0.00261
39	0.00230
40	0.00165
41	0.00147
42	0.00104
43	0.00074
44	0.00000
45	0.00000
46	0.00000
47	0.00000
48	0.00000
49	0.00000
50	0.00000
51	0.00000
52	0.00000
53	0.00000
54	0.00000
55	0.00000
56	0.00000
57	0.00000
58	0.00000
59	0.00000
60	0.00000
61	0.00000
62	0.00000
63	0.00000
64	0.00000
65	0.00000
66	0.00000
67	0.00000
68	0.00000
69	0.00000
70	0.00000
71	0.00000
72	0.00000
73	0.00000
74	0.00000
75	0.00000
76	0.00000
77	0.00000
78	0.00000
79	0.00000
80	0.00000
81	0.00000
82	0.00000
83	0.00000
84	0.00000
85	0.00000
86	0.00000
87	0.00000
88	0.00000
89	0.00000
90	0.00000
91	0.00000
92	0.00000
93	0.00000
94	0.00000
95	0.00000
96	0.00000
97	0.00000
98	0.00000
99	0.00000
