10	414.35294117647058823529
20	425.00000000000000000000
30	429.84615384615384615384
40	430.71428571428571428571
50	431.60000000000000000000
60	427.08333333333333333333
70	434
80	431.81818181818181818181
90	412.84615384615384615384
100	420.75862068965517241379
110	412.42857142857142857142
120	406.27777777777777777777
130	403.33333333333333333333
140	392.66666666666666666666
150	366.66666666666666666666
160	364.60000000000000000000
170	318.80000000000000000000
180	315.50000000000000000000
190	301.50000000000000000000
200	191.50000000000000000000
210	183.00000000000000000000
220	101.66666666666666666666
230	65.00000000000000000000
240	16.75000000000000000000
250	16.00000000000000000000
260	4.00000000000000000000
270	.50000000000000000000
280	4.00000000000000000000
290	3.50000000000000000000
300	0
310	0
320	0
330	0
340	0
