0	0.00000
1	0.00000
2	0.00000
3	0.00575
4	0.07757
5	0.33491
6	0.71985
7	1.04412
8	1.28469
9	1.58719
10	1.59847
11	1.51973
12	1.31608
13	1.11650
14	0.87684
15	0.66648
16	0.49265
17	0.35695
18	0.26028
19	0.19895
20	0.14820
21	0.11502
22	0.08904
23	0.07016
24	0.05634
25	0.04624
26	0.03730
27	0.03300
28	0.02618
29	0.02169
30	0.01763
31	0.01191
32	0.01041
33	0.00739
34	0.00588
35	0.00415
36	0.00285
37	0.00235
38	0.00151
39	0.00105
40	0.00071
41	0.00039
42	0.00019
43	0.00000
44	0.00000
45	0.00000
46	0.00000
47	0.00000
48	0.00000
49	0.00000
50	0.00000
51	0.00000
52	0.00000
53	0.00000
54	0.00000
55	0.00000
56	0.00000
57	0.00000
58	0.00000
59	0.00000
60	0.00000
61	0.00000
62	0.00000
63	0.00000
64	0.00000
65	0.00000
66	0.00000
67	0.00000
68	0.00000
69	0.00000
70	0.00000
71	0.00000
72	0.00000
73	0.00000
74	0.00000
75	0.00000
76	0.00000
77	0.00000
78	0.00000
79	0.00000
80	0.00000
81	0.00000
82	0.00000
83	0.00000
84	0.00000
85	0.00000
86	0.00000
87	0.00000
88	0.00000
89	0.00000
90	0.00000
91	0.00000
92	0.00000
93	0.00000
94	0.00000
95	0.00000
96	0.00000
97	0.00000
98	0.00000
99	0.00000
