0	0.00500
1	0.01600
2	0.04350
3	0.10900
4	0.24450
5	0.46950
6	0.65100
7	0.73550
8	0.76900
9	0.78050
10	0.78350
11	0.78400
12	0.78450
13	0.78450
14	0.78450
15	0.78450
16	0.78450
17	0.78450
18	0.78450
19	0.78450
20	0.78450
21	0.78450
22	0.78450
23	0.78450
24	0.78450
25	0.78450
26	0.78450
27	0.78450
28	0.78450
29	0.78450
30	0.78450
31	0.78450
32	0.78450
33	0.78450
34	0.78450
35	0.78450
36	0.78450
37	0.78450
38	0.78450
39	0.78450
40	0.78450
41	0.78450
42	0.78450
43	0.78450
44	0.78450
45	0.78450
46	0.78450
47	0.78450
48	0.78450
49	0.78450
50	0.78450
51	0.78450
52	0.78450
53	0.78450
54	0.78450
55	0.78450
56	0.78450
57	0.78450
58	0.78450
59	0.78450
60	0.78450
61	0.78450
62	0.78450
63	0.78450
64	0.78450
65	0.78450
66	0.78450
67	0.78450
68	0.78450
69	0.78450
70	0.78450
71	0.78450
72	0.78450
73	0.78450
74	0.78450
75	0.78450
76	0.78450
77	0.78450
78	0.78450
79	0.78450
80	0.78450
81	0.78450
82	0.78450
83	0.78450
84	0.78450
85	0.78450
86	0.78450
87	0.78450
88	0.78450
89	0.78450
90	0.78450
91	0.78450
92	0.78450
93	0.78450
94	0.78450
95	0.78450
96	0.78450
97	0.78450
98	0.78450
99	0.78450
100	0.78450
101	0.78450
102	0.78450
103	0.78450
104	0.78450
105	0.78450
106	0.78450
107	0.78450
108	0.78450
109	0.78450
110	0.78450
111	0.78450
112	0.78450
113	0.78450
114	0.78450
115	0.78450
116	0.78450
117	0.78450
118	0.78450
119	0.78450
120	0.78450
121	0.78450
122	0.78450
123	0.78450
124	0.78450
125	0.78450
126	0.78450
127	0.78450
128	0.78450
129	0.78450
130	0.78450
131	0.78450
132	0.78450
133	0.78450
134	0.78450
135	0.78450
136	0.78450
137	0.78450
138	0.78450
139	0.78450
140	0.78450
141	0.78450
142	0.78450
143	0.78450
144	0.78450
145	0.78450
146	0.78450
147	0.78450
148	0.78450
149	0.78450
150	0.78450
