0	0.00500
1	0.01350
2	0.04050
3	0.11550
4	0.28150
5	0.55300
6	0.78650
7	0.88050
8	0.91250
9	0.91550
10	0.91750
11	0.91800
12	0.91800
13	0.91800
14	0.91800
15	0.91800
16	0.91800
17	0.91800
18	0.91800
19	0.91800
20	0.91800
21	0.91800
22	0.91800
23	0.91800
24	0.91800
25	0.91800
26	0.91800
27	0.91800
28	0.91800
29	0.91800
30	0.91800
31	0.91800
32	0.91800
33	0.91800
34	0.91800
35	0.91800
36	0.91800
37	0.91800
38	0.91800
39	0.91800
40	0.91800
41	0.91800
42	0.91800
43	0.91800
44	0.91800
45	0.91800
46	0.91800
47	0.91800
48	0.91800
49	0.91800
50	0.91800
51	0.91800
52	0.91800
53	0.91800
54	0.91800
55	0.91800
56	0.91800
57	0.91800
58	0.91800
59	0.91800
60	0.91800
61	0.91800
62	0.91800
63	0.91800
64	0.91800
65	0.91800
66	0.91800
67	0.91800
68	0.91800
69	0.91800
70	0.91800
71	0.91800
72	0.91800
73	0.91800
74	0.91800
75	0.91800
76	0.91800
77	0.91800
78	0.91800
79	0.91800
80	0.91800
81	0.91800
82	0.91800
83	0.91800
84	0.91800
85	0.91800
86	0.91800
87	0.91800
88	0.91800
89	0.91800
90	0.91800
91	0.91800
92	0.91800
93	0.91800
94	0.91800
95	0.91800
96	0.91800
97	0.91800
98	0.91800
99	0.91800
100	0.91800
101	0.91800
102	0.91800
103	0.91800
104	0.91800
105	0.91800
106	0.91800
107	0.91800
108	0.91800
109	0.91800
110	0.91800
111	0.91800
112	0.91800
113	0.91800
114	0.91800
115	0.91800
116	0.91800
117	0.91800
118	0.91800
119	0.91800
120	0.91800
121	0.91800
122	0.91800
123	0.91800
124	0.91800
125	0.91800
126	0.91800
127	0.91800
128	0.91800
129	0.91800
130	0.91800
131	0.91800
132	0.91800
133	0.91800
134	0.91800
135	0.91800
136	0.91800
137	0.91800
138	0.91800
139	0.91800
140	0.91800
141	0.91800
142	0.91800
143	0.91800
144	0.91800
145	0.91800
146	0.91800
147	0.91800
148	0.91800
149	0.91800
