0	0	0	0	0	0	
1	741	0	0	0	0	
2	717	0	0	0	0	
3	0	666	0	0	0	
4	0	0	558	0	0	
5	0	0	0	467	0	
6	0	0	0	0	425	
7	0	0	0	0	421	
8	0	0	0	0	420	
9	0	0	0	0	419	
10	0	0	0	0	419	
11	0	0	0	0	419	
12	0	0	0	0	419	
13	0	0	0	0	419	
14	0	0	0	0	419	
15	0	0	0	0	419	
16	0	0	0	0	419	
17	0	0	0	0	419	
18	0	0	0	0	419	
19	0	0	0	0	419	
20	0	0	0	0	419	
21	0	0	0	0	419	
22	0	0	0	0	419	
23	0	0	0	0	419	
24	0	0	0	0	419	
25	0	0	0	0	419	
26	0	0	0	0	419	
27	0	0	0	0	419	
28	0	0	0	0	419	
29	0	0	0	0	419	
30	0	0	0	0	419	
31	0	0	0	0	419	
32	0	0	0	0	419	
33	0	0	0	0	419	
34	0	0	0	0	419	
35	0	0	0	0	419	
36	0	0	0	0	419	
37	0	0	0	0	419	
38	0	0	0	0	419	
39	0	0	0	0	419	
40	0	0	0	0	419	
41	0	0	0	0	419	
42	0	0	0	0	419	
43	0	0	0	0	419	
44	0	0	0	0	419	
45	0	0	0	0	419	
46	0	0	0	0	419	
47	0	0	0	0	419	
48	0	0	0	0	419	
49	0	0	0	0	419	
50	0	0	0	0	419	
51	0	0	0	0	419	
52	0	0	0	0	419	
53	0	0	0	0	419	
54	0	0	0	0	419	
55	0	0	0	0	419	
56	0	0	0	0	419	
57	0	0	0	0	419	
58	0	0	0	0	419	
59	0	0	0	0	419	
60	0	0	0	0	419	
61	0	0	0	0	419	
62	0	0	0	0	419	
63	0	0	0	0	419	
64	0	0	0	0	419	
65	0	0	0	0	419	
66	0	0	0	0	419	
67	0	0	0	0	419	
68	0	0	0	0	419	
69	0	0	0	0	419	
70	0	0	0	0	419	
71	0	0	0	0	419	
72	0	0	0	0	419	
73	0	0	0	0	419	
74	0	0	0	0	419	
75	0	0	0	0	419	
76	0	0	0	0	419	
77	0	0	0	0	419	
78	0	0	0	0	419	
79	0	0	0	0	419	
80	0	0	0	0	419	
81	0	0	0	0	419	
82	0	0	0	0	419	
83	0	0	0	0	419	
84	0	0	0	0	419	
85	0	0	0	0	419	
86	0	0	0	0	419	
87	0	0	0	0	419	
88	0	0	0	0	419	
89	0	0	0	0	419	
90	0	0	0	0	419	
91	0	0	0	0	419	
92	0	0	0	0	419	
93	0	0	0	0	419	
94	0	0	0	0	419	
95	0	0	0	0	419	
96	0	0	0	0	419	
97	0	0	0	0	419	
98	0	0	0	0	419	
99	0	0	0	0	419	
100	0	0	0	0	419	
101	0	0	0	0	419	
102	0	0	0	0	419	
103	0	0	0	0	419	
104	0	0	0	0	419	
105	0	0	0	0	419	
106	0	0	0	0	419	
107	0	0	0	0	419	
108	0	0	0	0	419	
109	0	0	0	0	419	
110	0	0	0	0	419	
111	0	0	0	0	419	
112	0	0	0	0	419	
113	0	0	0	0	419	
114	0	0	0	0	419	
115	0	0	0	0	419	
116	0	0	0	0	419	
117	0	0	0	0	419	
118	0	0	0	0	419	
119	0	0	0	0	419	
120	0	0	0	0	419	
121	0	0	0	0	419	
122	0	0	0	0	419	
123	0	0	0	0	419	
124	0	0	0	0	419	
125	0	0	0	0	419	
126	0	0	0	0	419	
127	0	0	0	0	419	
128	0	0	0	0	419	
129	0	0	0	0	419	
130	0	0	0	0	419	
131	0	0	0	0	419	
132	0	0	0	0	419	
133	0	0	0	0	419	
134	0	0	0	0	419	
135	0	0	0	0	419	
136	0	0	0	0	419	
137	0	0	0	0	419	
138	0	0	0	0	419	
139	0	0	0	0	419	
140	0	0	0	0	419	
141	0	0	0	0	419	
142	0	0	0	0	419	
143	0	0	0	0	419	
144	0	0	0	0	419	
145	0	0	0	0	419	
146	0	0	0	0	419	
147	0	0	0	0	419	
148	0	0	0	0	419	
149	0	0	0	0	419	
