0	0.00000
1	0.00040
2	0.00140
3	0.00220
4	0.00260
5	0.00420
6	0.00440
7	0.00320
8	0.00340
9	0.00320
10	0.00360
11	0.00360
12	0.00460
13	0.00240
14	0.00460
15	0.00560
16	0.00600
17	0.00600
18	0.00780
19	0.00840
20	0.00500
21	0.00920
22	0.00960
23	0.01000
24	0.01000
25	0.00840
26	0.01020
27	0.01140
28	0.01080
29	0.01040
30	0.00920
31	0.00840
32	0.00800
33	0.00800
34	0.00940
35	0.00720
36	0.00500
37	0.00520
38	0.00500
39	0.00520
40	0.00300
41	0.00760
42	0.00280
43	0.00260
44	0.00300
45	0.00280
46	0.00280
47	0.00320
48	0.00220
49	0.00120
50	0.00200
51	0.00220
52	0.00220
53	0.00100
54	0.00020
55	0.00060
56	0.00060
57	0.00060
58	0.00080
59	0.00040
60	0.00080
61	0.00020
62	0.00020
63	0.00000
64	0.00000
65	0.00000
66	0.00020
67	0.00000
68	0.00020
69	0.00040
70	0.00000
71	0.00000
72	0.00000
73	0.00000
74	0.00000
75	0.00000
76	0.00020
77	0.00000
78	0.00000
79	0.00020
80	0.00000
81	0.00000
82	0.00020
83	0.00000
84	0.00000
85	0.00000
86	0.00000
87	0.00000
88	0.00000
89	0.00000
90	0.00000
91	0.00000
92	0.00000
93	0.00000
94	0.00000
95	0.00000
96	0.00000
97	0.00000
98	0.00000
99	0.00000
