0	0.00000
1	0.00000
2	0.00000
3	0.01929
4	0.20063
5	0.61516
6	0.87505
7	1.09394
8	1.28991
9	1.41481
10	1.35397
11	1.30893
12	1.13850
13	0.96843
14	0.73983
15	0.56627
16	0.42526
17	0.32809
18	0.24397
19	0.19016
20	0.15005
21	0.11772
22	0.09546
23	0.07755
24	0.06136
25	0.04891
26	0.04041
27	0.03503
28	0.03078
29	0.02666
30	0.02042
31	0.01896
32	0.01709
33	0.01463
34	0.01026
35	0.01009
36	0.00811
37	0.00693
38	0.00461
39	0.00274
40	0.00191
41	0.00137
42	0.00016
43	0.00000
44	0.00000
45	0.00000
46	0.00000
47	0.00000
48	0.00000
49	0.00000
50	0.00000
51	0.00000
52	0.00000
53	0.00000
54	0.00000
55	0.00000
56	0.00000
57	0.00000
58	0.00000
59	0.00000
60	0.00000
61	0.00000
62	0.00000
63	0.00000
64	0.00000
65	0.00000
66	0.00000
67	0.00000
68	0.00000
69	0.00000
70	0.00000
71	0.00000
72	0.00000
73	0.00000
74	0.00000
75	0.00000
76	0.00000
77	0.00000
78	0.00000
79	0.00000
80	0.00000
81	0.00000
82	0.00000
83	0.00000
84	0.00000
85	0.00000
86	0.00000
87	0.00000
88	0.00000
89	0.00000
90	0.00000
91	0.00000
92	0.00000
93	0.00000
94	0.00000
95	0.00000
96	0.00000
97	0.00000
98	0.00000
99	0.00000
