0	0.00000
1	0.00000
2	0.00000
3	0.03129
4	0.13451
5	0.34023
6	0.59862
7	0.88200
8	1.20519
9	1.35774
10	1.34293
11	1.33130
12	1.17042
13	1.00438
14	0.77202
15	0.59591
16	0.44807
17	0.34360
18	0.25389
19	0.19740
20	0.15588
21	0.12276
22	0.09963
23	0.08018
24	0.06306
25	0.04963
26	0.04032
27	0.03366
28	0.02924
29	0.02455
30	0.01826
31	0.01649
32	0.01486
33	0.01268
34	0.01004
35	0.00958
36	0.00882
37	0.00793
38	0.00589
39	0.00483
40	0.00421
41	0.00382
42	0.00194
43	0.00054
44	0.00025
45	0.00025
46	0.00025
47	0.00000
48	0.00000
49	0.00000
50	0.00000
51	0.00000
52	0.00000
53	0.00010
54	0.00010
55	0.00010
56	0.00010
57	0.00010
58	0.00010
59	0.00010
60	0.00000
61	0.00000
62	0.00000
63	0.00000
64	0.00000
65	0.00000
66	0.00000
67	0.00000
68	0.00000
69	0.00000
70	0.00000
71	0.00000
72	0.00000
73	0.00000
74	0.00000
75	0.00000
76	0.00000
77	0.00000
78	0.00000
79	0.00000
80	0.00000
81	0.00000
82	0.00000
83	0.00000
84	0.00000
85	0.00000
86	0.00000
87	0.00000
88	0.00000
89	0.00000
90	0.00000
91	0.00000
92	0.00000
93	0.00000
94	0.00000
95	0.00000
96	0.00000
97	0.00000
98	0.00000
99	0.00000
