0	0	0	0	0	0	
1	750	0	0	0	0	
2	745	0	0	0	0	
3	715	21	0	0	0	
4	563	145	20	0	0	
5	287	265	142	18	0	
6	119	165	252	136	17	
7	45	75	157	250	150	
8	30	13	70	152	397	
9	24	5	12	65	540	
10	21	4	5	11	602	
11	18	2	3	4	612	
12	15	1	2	2	614	
13	9	1	2	1	612	
14	8	1	2	1	611	
15	8	1	2	1	611	
16	6	1	2	1	611	
17	4	0	2	1	610	
18	3	0	2	1	606	
19	3	0	2	1	605	
20	2	0	2	1	605	
21	2	0	2	1	604	
22	2	0	2	1	604	
23	1	0	2	1	604	
24	1	0	2	1	603	
25	1	0	2	1	603	
26	1	0	2	1	603	
27	1	0	2	1	603	
28	1	0	2	1	603	
29	1	0	2	1	603	
30	1	0	2	1	603	
31	1	0	2	1	603	
32	1	0	2	1	603	
33	1	0	2	1	603	
34	1	0	2	1	603	
35	1	0	2	1	603	
36	1	0	2	1	603	
37	1	0	2	1	603	
38	0	0	2	1	603	
39	0	0	2	1	603	
40	0	0	2	1	603	
41	0	0	2	1	603	
42	0	0	2	1	603	
43	0	0	2	1	603	
44	0	0	2	1	603	
45	0	0	2	1	603	
46	0	0	2	1	603	
47	0	0	2	1	603	
48	0	0	2	1	603	
49	0	0	2	1	603	
50	0	0	2	1	603	
51	0	0	2	1	603	
52	0	0	2	1	603	
53	0	0	2	1	603	
54	0	0	2	1	603	
55	0	0	2	1	603	
56	0	0	2	1	603	
57	0	0	2	1	603	
58	0	0	2	1	603	
59	0	0	2	1	603	
60	0	0	2	1	603	
61	0	0	2	1	603	
62	0	0	2	1	603	
63	0	0	2	1	603	
64	0	0	2	1	603	
65	0	0	2	1	603	
66	0	0	2	1	603	
67	0	0	2	1	603	
68	0	0	2	1	603	
69	0	0	2	1	603	
70	0	0	2	1	603	
71	0	0	2	1	603	
72	0	0	2	1	603	
73	0	0	2	1	603	
74	0	0	2	1	603	
75	0	0	2	1	603	
76	0	0	2	1	603	
77	0	0	2	1	603	
78	0	0	2	1	603	
79	0	0	2	1	603	
80	0	0	2	1	603	
81	0	0	2	1	603	
82	0	0	2	1	603	
83	0	0	2	1	603	
84	0	0	2	1	603	
85	0	0	2	1	603	
86	0	0	2	1	603	
87	0	0	2	1	603	
88	0	0	2	1	603	
89	0	0	2	1	603	
90	0	0	2	1	603	
91	0	0	2	1	603	
92	0	0	2	1	603	
93	0	0	2	1	603	
94	0	0	2	1	603	
95	0	0	2	1	603	
96	0	0	2	1	603	
97	0	0	2	1	603	
98	0	0	2	1	603	
99	0	0	2	1	603	
