0	0.00500
1	0.00550
2	0.00600
3	0.00600
4	0.00600
5	0.00650
6	0.00700
7	0.00850
8	0.00900
9	0.01000
10	0.01100
11	0.01200
12	0.01400
13	0.01500
14	0.01650
15	0.01800
16	0.02000
17	0.02100
18	0.02300
19	0.02400
20	0.02800
21	0.03150
22	0.03350
23	0.03500
24	0.03700
25	0.04250
26	0.04850
27	0.05250
28	0.05900
29	0.06350
30	0.06950
31	0.07600
32	0.08100
33	0.08550
34	0.09650
35	0.10700
36	0.11700
37	0.12850
38	0.13700
39	0.14950
40	0.16200
41	0.17700
42	0.19250
43	0.21000
44	0.22300
45	0.23400
46	0.24650
47	0.25700
48	0.27300
49	0.29250
50	0.30950
51	0.33000
52	0.34850
53	0.36450
54	0.38100
55	0.39250
56	0.40900
57	0.42550
58	0.44550
59	0.45800
60	0.47350
61	0.49350
62	0.50900
63	0.52450
64	0.53950
65	0.55400
66	0.57150
67	0.59200
68	0.60450
69	0.62000
70	0.63300
71	0.64500
72	0.66050
73	0.67150
74	0.68550
75	0.69650
76	0.70800
77	0.71950
78	0.73150
79	0.74050
80	0.74850
81	0.76400
82	0.77000
83	0.77900
84	0.78900
85	0.79650
86	0.80600
87	0.81050
88	0.81850
89	0.82800
90	0.83400
91	0.83800
92	0.84600
93	0.85350
94	0.86000
95	0.86500
96	0.87150
97	0.87500
98	0.87800
99	0.88300
100	0.88850
101	0.89100
102	0.89500
103	0.90150
104	0.90600
105	0.91150
106	0.91300
107	0.91650
108	0.92150
109	0.92300
110	0.92550
111	0.92800
112	0.92950
113	0.93200
114	0.93650
115	0.93950
116	0.94200
117	0.94650
118	0.94800
119	0.95150
120	0.95350
121	0.95650
122	0.95950
123	0.96100
124	0.96200
125	0.96300
126	0.96400
127	0.96500
128	0.96650
129	0.96650
130	0.96800
131	0.96950
132	0.97100
133	0.97200
134	0.97550
135	0.97650
136	0.97700
137	0.97850
138	0.97900
139	0.97950
140	0.98100
141	0.98100
142	0.98150
143	0.98200
144	0.98300
145	0.98350
146	0.98500
147	0.98600
148	0.98650
149	0.98650
150	0.98650
151	0.98700
152	0.98850
153	0.98900
154	0.99000
155	0.99050
156	0.99050
157	0.99100
158	0.99100
159	0.99250
160	0.99250
161	0.99250
162	0.99300
163	0.99300
164	0.99300
165	0.99350
166	0.99400
167	0.99400
168	0.99400
169	0.99450
170	0.99450
171	0.99500
172	0.99500
173	0.99550
174	0.99600
175	0.99600
176	0.99600
177	0.99650
178	0.99750
179	0.99750
