0	0.00000
1	0.00000
2	0.00000
3	0.00729
4	0.01350
5	0.01350
6	0.01351
7	0.01673
8	0.02392
9	0.08451
10	0.10372
11	0.12508
12	0.13645
13	0.16549
14	0.21747
15	0.19994
16	0.20013
17	0.20629
18	0.28287
19	0.24620
20	0.26302
21	0.22617
22	0.34946
23	0.38361
24	0.41152
25	0.39699
26	0.39048
27	0.50130
28	0.58520
29	0.54195
30	0.60886
31	0.61060
32	0.61406
33	0.59559
34	0.54022
35	0.49340
36	0.55073
37	0.57454
38	0.54629
39	0.52428
40	0.46845
41	0.44010
42	0.46671
43	0.46327
44	0.45884
45	0.44493
46	0.39624
47	0.34333
48	0.30277
49	0.24781
50	0.22389
51	0.23711
52	0.23385
53	0.24106
54	0.22814
55	0.21073
56	0.20760
57	0.18369
58	0.17204
59	0.15591
60	0.16397
61	0.15051
62	0.14540
63	0.14822
64	0.13447
65	0.12707
66	0.11495
67	0.10413
68	0.10510
69	0.10290
70	0.09697
71	0.09322
72	0.08829
73	0.08818
74	0.08853
75	0.07710
76	0.07616
77	0.06967
78	0.06692
79	0.06633
80	0.06521
81	0.06063
82	0.05699
83	0.05667
84	0.05242
85	0.04850
86	0.04451
87	0.04212
88	0.04259
89	0.03880
90	0.03434
91	0.03445
92	0.03363
93	0.03311
94	0.03263
95	0.03315
96	0.03423
97	0.03387
98	0.03409
99	0.03279
100	0.02966
101	0.02715
102	0.02738
103	0.02411
104	0.02456
105	0.02349
106	0.02121
107	0.02291
108	0.02005
109	0.01747
110	0.01770
111	0.01652
112	0.01534
113	0.01475
114	0.01141
115	0.01188
116	0.01148
117	0.01147
118	0.01173
119	0.01333
120	0.01315
121	0.01420
122	0.01424
123	0.01335
124	0.01331
125	0.01375
126	0.01545
127	0.01687
128	0.01630
129	0.01282
130	0.01056
131	0.00722
132	0.00745
133	0.00490
134	0.00271
135	0.00251
136	0.00650
137	0.00618
138	0.00712
139	0.00652
140	0.00794
141	0.00794
142	0.00750
143	0.00466
144	0.00615
145	0.00533
146	0.00596
147	0.00515
148	0.00689
149	0.00761
150	0.00601
151	0.00464
152	0.00388
153	0.00386
154	0.00443
155	0.00256
156	0.00181
157	0.00041
158	0.00021
159	0.00025
160	0.00025
161	0.00025
162	0.00026
163	0.00000
164	0.00000
165	0.00000
166	0.00000
167	0.00000
168	0.00000
169	0.00000
170	0.00000
171	0.00000
172	0.00000
173	0.00000
174	0.00000
175	0.00000
176	0.00000
177	0.00000
178	0.00000
179	0.00000
