0	0	0	0	0	0	
1	501	0	0	0	0	
2	501	0	0	0	0	
3	501	0	0	0	0	
4	501	0	0	0	0	
5	501	0	0	0	0	
6	501	0	0	0	0	
7	499	0	0	0	0	
8	498	0	0	0	0	
9	497	0	0	0	0	
10	496	0	0	0	0	
11	496	0	0	0	0	
12	495	0	0	0	0	
13	494	0	0	0	0	
14	493	0	0	0	0	
15	493	0	0	0	0	
16	492	0	0	0	0	
17	492	0	0	0	0	
18	492	0	0	0	0	
19	492	0	0	0	0	
20	489	0	0	0	0	
21	489	0	0	0	0	
22	488	0	0	0	0	
23	487	1	0	0	0	
24	486	0	1	0	0	
25	482	0	0	1	0	
26	479	0	0	0	0	
27	475	1	0	0	0	
28	473	0	1	0	0	
29	468	1	0	1	0	
30	463	0	1	0	1	
31	459	0	1	0	1	
32	454	0	1	0	1	
33	451	0	1	0	1	
34	442	0	1	0	1	
35	433	0	0	0	1	
36	428	0	0	0	1	
37	424	0	0	0	1	
38	418	0	0	0	1	
39	411	0	0	0	1	
40	405	0	0	0	1	
41	397	0	0	0	1	
42	391	0	0	0	1	
43	383	0	0	0	1	
44	377	0	0	0	1	
45	372	0	0	0	1	
46	365	0	0	0	1	
47	360	0	0	0	1	
48	348	0	0	0	1	
49	338	0	0	0	1	
50	323	0	0	0	1	
51	310	0	0	0	1	
52	302	0	0	0	1	
53	294	0	0	0	1	
54	289	0	0	0	1	
55	283	0	0	0	1	
56	276	0	0	0	1	
57	275	0	0	0	1	
58	270	0	0	0	1	
59	265	0	0	0	1	
60	257	0	0	0	1	
61	248	0	0	0	1	
62	240	0	0	0	1	
63	234	0	0	0	1	
64	226	0	0	0	1	
65	216	0	0	0	1	
66	205	0	0	0	1	
67	195	0	0	0	1	
68	187	0	0	0	1	
69	178	0	0	0	1	
70	173	0	0	0	1	
71	166	0	0	0	1	
72	156	0	0	0	1	
73	150	0	0	0	1	
74	145	0	0	0	1	
75	140	0	0	0	1	
76	135	0	0	0	1	
77	131	0	0	0	1	
78	127	0	0	0	1	
79	123	0	0	0	1	
80	116	0	0	0	1	
81	109	0	0	0	1	
82	109	0	0	0	1	
83	103	0	0	0	1	
84	97	0	0	0	1	
85	94	0	0	0	1	
86	88	0	0	0	1	
87	87	0	0	0	1	
88	85	0	0	0	1	
89	82	0	0	0	1	
90	80	0	0	0	1	
91	79	0	0	0	1	
92	77	0	0	0	1	
93	76	0	0	0	1	
94	72	0	0	0	1	
95	71	0	0	0	1	
96	65	0	0	0	1	
97	63	0	0	0	1	
98	59	0	0	0	1	
99	58	0	0	0	1	
100	53	0	0	0	1	
101	52	0	0	0	1	
102	49	0	0	0	1	
103	46	0	0	0	1	
104	43	0	0	0	1	
105	39	0	0	0	1	
106	38	0	0	0	1	
107	35	0	0	0	1	
108	34	0	0	0	1	
109	34	0	0	0	1	
110	33	0	0	0	1	
111	31	0	0	0	1	
112	30	0	0	0	1	
113	30	0	0	0	1	
114	26	0	0	0	1	
115	25	0	0	0	1	
116	23	0	0	0	1	
117	22	0	0	0	1	
118	21	0	0	0	1	
119	19	0	0	0	1	
120	17	0	0	0	1	
121	17	0	0	0	1	
122	17	0	0	0	1	
123	16	0	0	0	1	
124	16	0	0	0	1	
125	16	0	0	0	1	
126	16	0	0	0	1	
127	16	0	0	0	1	
128	16	0	0	0	1	
129	16	0	0	0	1	
130	15	0	0	0	1	
131	13	0	0	0	1	
132	12	0	0	0	1	
133	12	0	0	0	1	
134	12	0	0	0	1	
135	11	0	0	0	1	
136	11	0	0	0	1	
137	9	0	0	0	1	
138	9	0	0	0	1	
139	8	0	0	0	1	
140	8	0	0	0	1	
141	8	0	0	0	1	
142	8	0	0	0	1	
143	8	0	0	0	1	
144	8	0	0	0	1	
145	8	0	0	0	1	
146	8	0	0	0	1	
147	7	0	0	0	1	
148	7	0	0	0	1	
149	7	0	0	0	1	
150	7	0	0	0	1	
151	7	0	0	0	1	
152	7	0	0	0	1	
153	6	0	0	0	1	
154	6	0	0	0	1	
155	6	0	0	0	1	
156	6	0	0	0	1	
157	6	0	0	0	1	
158	6	0	0	0	1	
159	5	0	0	0	1	
160	5	0	0	0	1	
161	5	0	0	0	1	
162	5	0	0	0	1	
163	5	0	0	0	1	
164	5	0	0	0	1	
165	4	0	0	0	1	
166	4	0	0	0	1	
167	4	0	0	0	1	
168	4	0	0	0	1	
169	3	0	0	0	1	
170	3	0	0	0	1	
171	3	0	0	0	1	
172	3	0	0	0	1	
173	3	0	0	0	1	
174	2	0	0	0	1	
175	2	0	0	0	1	
176	2	0	0	0	1	
177	2	0	0	0	1	
178	2	0	0	0	1	
179	2	0	0	0	1	
