0	0.00000
1	0.00000
2	0.00000
3	0.00000
4	0.00000
5	0.00100
6	0.00050
7	0.00000
8	0.00050
9	0.00000
10	0.00100
11	0.00050
12	0.00050
13	0.00000
14	0.00100
15	0.00100
16	0.00000
17	0.00050
18	0.00050
19	0.00050
20	0.00100
21	0.00100
22	0.00150
23	0.00350
24	0.00150
25	0.00200
26	0.00400
27	0.00250
28	0.00150
29	0.00350
30	0.00400
31	0.00500
32	0.00500
33	0.00350
34	0.00400
35	0.00550
36	0.00850
37	0.00800
38	0.00600
39	0.00600
40	0.00450
41	0.00850
42	0.00900
43	0.00650
44	0.01050
45	0.01150
46	0.00700
47	0.00950
48	0.01300
49	0.00950
50	0.01400
51	0.00600
52	0.01300
53	0.01500
54	0.01050
55	0.01450
56	0.01300
57	0.01550
58	0.01200
59	0.01600
60	0.01850
61	0.01750
62	0.01300
63	0.01600
64	0.01200
65	0.01650
66	0.01650
67	0.01600
68	0.01300
69	0.01650
70	0.01050
71	0.00900
72	0.01500
73	0.01550
74	0.01050
75	0.01650
76	0.01800
77	0.01050
78	0.01050
79	0.01100
80	0.01050
81	0.01100
82	0.01500
83	0.00950
84	0.01300
85	0.01650
86	0.01000
87	0.00850
88	0.01050
89	0.01150
90	0.00850
91	0.00850
92	0.01050
93	0.00750
94	0.00800
95	0.00800
96	0.01000
97	0.01000
98	0.00700
99	0.00600
100	0.00700
101	0.00750
102	0.00500
103	0.00550
104	0.00450
105	0.00750
106	0.00650
107	0.00300
108	0.00400
109	0.00200
110	0.00750
111	0.00550
112	0.00450
113	0.00200
114	0.00400
115	0.00500
116	0.00400
117	0.00400
118	0.00450
119	0.00350
120	0.00350
121	0.00400
122	0.00200
123	0.00300
124	0.00150
125	0.00450
126	0.00350
127	0.00450
128	0.00200
129	0.00100
130	0.00150
131	0.00350
132	0.00050
133	0.00200
134	0.00100
135	0.00200
136	0.00200
137	0.00100
138	0.00100
139	0.00150
140	0.00250
141	0.00150
142	0.00000
143	0.00150
144	0.00050
145	0.00050
146	0.00100
147	0.00100
148	0.00050
149	0.00150
150	0.00100
151	0.00000
152	0.00100
153	0.00000
154	0.00050
155	0.00100
156	0.00000
157	0.00050
158	0.00050
159	0.00150
160	0.00000
161	0.00050
162	0.00100
163	0.00000
164	0.00050
165	0.00050
166	0.00100
167	0.00050
168	0.00100
169	0.00050
170	0.00050
171	0.00150
172	0.00200
173	0.00000
174	0.00000
175	0.00150
176	0.00100
177	0.00000
178	0.00100
179	0.00050
