0	0.00000
1	0.00000
2	0.00000
3	0.00000
4	0.00000
5	0.00000
6	0.00000
7	0.00931
8	0.02459
9	0.02459
10	0.03461
11	0.03311
12	0.04339
13	0.04755
14	0.04659
15	0.03410
16	0.06439
17	0.06985
18	0.06626
19	0.05819
20	0.06962
21	0.08596
22	0.09553
23	0.16288
24	0.18613
25	0.38692
26	0.39039
27	0.43749
28	0.44556
29	0.45000
30	0.42486
31	0.45675
32	0.43918
33	0.52257
34	0.60669
35	0.56431
36	0.53049
37	0.53474
38	0.57565
39	0.55114
40	0.54188
41	0.46837
42	0.43809
43	0.47500
44	0.46490
45	0.40726
46	0.42587
47	0.42414
48	0.38325
49	0.34088
50	0.34757
51	0.34157
52	0.33948
53	0.30388
54	0.28088
55	0.28527
56	0.27090
57	0.26334
58	0.25161
59	0.25178
60	0.23336
61	0.22411
62	0.22178
63	0.21348
64	0.19656
65	0.18816
66	0.17150
67	0.17437
68	0.16779
69	0.16053
70	0.14805
71	0.14848
72	0.13325
73	0.11461
74	0.11466
75	0.11223
76	0.09932
77	0.10406
78	0.10526
79	0.09944
80	0.09136
81	0.08600
82	0.07828
83	0.07593
84	0.07419
85	0.06815
86	0.07433
87	0.07858
88	0.07435
89	0.06896
90	0.06745
91	0.06921
92	0.06252
93	0.05919
94	0.05832
95	0.05202
96	0.05185
97	0.04794
98	0.04780
99	0.04785
100	0.04682
101	0.04307
102	0.04180
103	0.04164
104	0.03952
105	0.03822
106	0.03409
107	0.03489
108	0.03433
109	0.03182
110	0.03068
111	0.02732
112	0.02741
113	0.02866
114	0.02812
115	0.02403
116	0.02397
117	0.02389
118	0.02458
119	0.02358
120	0.02237
121	0.02061
122	0.02008
123	0.02079
124	0.01862
125	0.01616
126	0.01523
127	0.01673
128	0.01805
129	0.01858
130	0.01741
131	0.01512
132	0.01387
133	0.01319
134	0.01085
135	0.00873
136	0.00726
137	0.00766
138	0.00849
139	0.00905
140	0.00773
141	0.00798
142	0.00856
143	0.00791
144	0.00747
145	0.00670
146	0.00496
147	0.00539
148	0.00507
149	0.00372
150	0.00320
151	0.00400
152	0.00454
153	0.00416
154	0.00367
155	0.00299
156	0.00220
157	0.00260
158	0.00211
159	0.00187
160	0.00284
161	0.00336
162	0.00316
163	0.00314
164	0.00261
165	0.00264
166	0.00234
167	0.00222
168	0.00161
169	0.00181
170	0.00256
171	0.00211
172	0.00353
173	0.00483
174	0.00546
175	0.00427
176	0.00369
177	0.00363
178	0.00402
179	0.00297
