0	0	0	0	0	0	
1	501	0	0	0	0	
2	501	0	0	0	0	
3	501	0	0	0	0	
4	501	0	0	0	0	
5	501	0	0	0	0	
6	501	0	0	0	0	
7	501	0	0	0	0	
8	500	0	0	0	0	
9	500	0	0	0	0	
10	499	0	0	0	0	
11	499	0	0	0	0	
12	499	0	0	0	0	
13	499	0	0	0	0	
14	498	0	0	0	0	
15	497	0	0	0	0	
16	497	0	0	0	0	
17	497	0	0	0	0	
18	496	0	0	0	0	
19	496	0	0	0	0	
20	495	0	0	0	0	
21	494	0	0	0	0	
22	494	0	0	0	0	
23	488	4	0	0	0	
24	486	3	2	0	0	
25	471	15	3	2	0	
26	468	2	15	3	2	
27	462	5	2	15	5	
28	458	4	5	2	20	
29	454	3	4	5	22	
30	449	2	3	5	26	
31	444	6	2	2	31	
32	441	3	6	1	33	
33	436	4	3	5	34	
34	431	4	3	3	39	
35	428	2	3	3	42	
36	425	2	1	3	45	
37	420	6	0	1	48	
38	415	3	5	0	49	
39	407	6	1	5	49	
40	403	5	4	2	52	
41	400	3	2	5	52	
42	399	2	1	2	56	
43	395	3	1	2	57	
44	390	2	2	2	58	
45	383	1	2	3	58	
46	379	1	1	4	58	
47	375	1	1	2	60	
48	369	1	0	2	60	
49	366	1	0	2	60	
50	361	1	0	2	60	
51	361	1	0	2	60	
52	354	2	0	2	60	
53	347	1	1	2	60	
54	345	1	1	2	60	
55	339	1	1	2	60	
56	334	1	1	2	60	
57	326	1	1	2	59	
58	323	1	1	2	59	
59	314	1	1	2	59	
60	303	1	1	1	59	
61	293	1	1	1	59	
62	286	1	1	1	59	
63	279	1	1	1	59	
64	273	1	1	1	59	
65	268	1	1	1	59	
66	259	1	1	1	59	
67	251	1	1	1	59	
68	246	1	1	1	59	
69	239	1	1	1	59	
70	232	1	1	1	59	
71	228	1	0	1	59	
72	222	1	0	1	58	
73	217	1	0	1	58	
74	213	1	0	1	58	
75	208	1	0	1	58	
76	196	1	0	1	58	
77	188	1	0	1	58	
78	187	1	0	1	58	
79	183	1	0	1	58	
80	176	1	0	1	58	
81	174	1	0	1	58	
82	166	1	0	1	58	
83	163	1	0	1	58	
84	158	1	0	1	58	
85	152	0	0	1	58	
86	146	0	0	1	58	
87	145	0	0	1	58	
88	140	0	0	1	58	
89	134	0	0	1	58	
90	129	0	0	1	58	
91	124	0	0	1	58	
92	117	0	0	1	58	
93	112	0	0	1	58	
94	109	0	0	1	57	
95	102	0	0	1	57	
96	95	0	0	1	57	
97	90	0	0	1	57	
98	82	0	0	1	56	
99	82	0	0	1	56	
100	78	0	0	1	56	
101	73	0	0	1	56	
102	72	0	0	1	56	
103	71	0	0	1	56	
104	69	0	0	1	56	
105	66	0	0	1	56	
106	66	0	0	1	56	
107	64	0	0	1	56	
108	62	0	0	1	56	
109	61	0	0	1	56	
110	55	0	0	0	56	
111	54	0	0	0	56	
112	54	0	0	0	56	
113	53	0	0	0	56	
114	52	0	0	0	56	
115	51	0	0	0	56	
116	49	0	0	0	56	
117	48	0	0	0	56	
118	44	0	0	0	56	
119	44	0	0	0	56	
120	43	0	0	0	56	
121	39	0	0	0	56	
122	38	0	0	0	56	
123	37	0	0	0	56	
124	36	0	0	0	56	
125	33	0	0	0	56	
126	32	0	0	0	56	
127	31	0	0	0	56	
128	29	0	0	0	56	
129	28	0	0	0	56	
130	28	0	0	0	56	
131	27	0	0	0	56	
132	27	0	0	0	56	
133	25	0	0	0	56	
134	24	0	0	0	56	
135	24	0	0	0	56	
136	23	0	0	0	56	
137	22	0	0	0	56	
138	21	0	0	0	56	
139	20	0	0	0	56	
140	16	0	0	0	56	
141	16	0	0	0	56	
142	16	0	0	0	56	
143	16	0	0	0	56	
144	15	0	0	0	56	
145	15	0	0	0	56	
146	14	0	0	0	56	
147	13	0	0	0	56	
148	13	0	0	0	56	
149	12	0	0	0	56	
150	12	0	0	0	56	
151	12	0	0	0	56	
152	11	0	0	0	56	
153	11	0	0	0	56	
154	11	0	0	0	56	
155	11	0	0	0	56	
156	11	0	0	0	56	
157	11	0	0	0	56	
158	11	0	0	0	56	
159	10	0	0	0	56	
160	10	0	0	0	56	
161	10	0	0	0	56	
162	10	0	0	0	56	
163	10	0	0	0	56	
164	10	0	0	0	56	
165	9	0	0	0	56	
166	8	0	0	0	56	
167	8	0	0	0	56	
168	7	0	0	0	56	
169	7	0	0	0	56	
170	7	0	0	0	56	
171	7	0	0	0	56	
172	7	0	0	0	56	
173	7	0	0	0	56	
174	7	0	0	0	56	
175	6	0	0	0	56	
176	6	0	0	0	56	
177	6	0	0	0	56	
178	6	0	0	0	56	
179	5	0	0	0	56	
