0	0.00000
1	0.00000
2	0.00000
3	0.12805
4	0.39848
5	0.50256
6	0.88529
7	1.30503
8	1.59693
9	1.52200
10	1.61685
11	1.80497
12	1.94949
13	2.07708
14	2.09957
15	2.04643
16	1.92920
17	1.76892
18	1.65028
19	1.51847
20	1.40378
21	1.29846
22	1.19352
23	1.09837
24	1.00466
25	0.93688
26	0.88276
27	0.84052
28	0.77051
29	0.72597
30	0.69040
31	0.65571
32	0.62887
33	0.59958
34	0.57341
35	0.54847
36	0.53141
37	0.50439
38	0.48983
39	0.47104
40	0.45383
41	0.44055
42	0.41813
43	0.40611
44	0.39343
45	0.38414
46	0.37151
47	0.36114
48	0.35313
49	0.34583
50	0.33750
51	0.32925
52	0.32292
53	0.31356
54	0.30740
55	0.29553
56	0.28925
57	0.28398
58	0.27756
59	0.27410
60	0.26639
61	0.26251
62	0.25827
63	0.25368
64	0.24918
65	0.24425
66	0.24056
67	0.23507
68	0.23157
69	0.22908
70	0.22456
71	0.22177
72	0.21845
73	0.21558
74	0.21174
75	0.20846
76	0.20635
77	0.20291
78	0.20025
79	0.19700
80	0.19543
81	0.19262
82	0.19059
83	0.17734
84	0.17541
85	0.17339
86	0.17058
87	0.16852
88	0.16650
89	0.16478
90	0.16353
91	0.16110
92	0.15831
93	0.15658
94	0.15445
95	0.15286
96	0.15134
97	0.15075
98	0.14999
99	0.14540
100	0.14205
101	0.14123
102	0.13983
103	0.13931
104	0.13662
105	0.13249
106	0.13128
107	0.12978
108	0.12854
109	0.12713
110	0.12642
111	0.12518
112	0.12333
113	0.12226
114	0.12178
115	0.12022
116	0.11906
117	0.11794
118	0.11676
119	0.11529
120	0.11462
121	0.11311
122	0.11228
123	0.11128
124	0.10984
125	0.10899
126	0.10828
127	0.10694
128	0.10616
129	0.10576
130	0.10511
131	0.10428
132	0.10356
133	0.10264
134	0.10220
135	0.10113
136	0.10018
137	0.09960
138	0.09822
139	0.09799
140	0.09743
141	0.09722
142	0.09639
143	0.09552
144	0.09462
145	0.09424
146	0.09404
147	0.09319
148	0.09190
149	0.09067
150	0.09001
151	0.08988
152	0.08952
153	0.08846
154	0.08830
155	0.08693
156	0.08631
157	0.08599
158	0.08555
159	0.08532
160	0.08475
161	0.08379
162	0.08326
163	0.08300
164	0.08271
165	0.08214
166	0.08188
167	0.08167
168	0.08106
169	0.08088
170	0.08010
171	0.07941
172	0.07922
173	0.07853
174	0.07813
175	0.07793
176	0.07782
177	0.07695
178	0.07622
179	0.07536
180	0.07498
181	0.07455
182	0.07383
183	0.07345
184	0.07313
185	0.07271
186	0.07178
187	0.07136
188	0.07104
189	0.07068
190	0.07049
191	0.07043
192	0.07025
193	0.07018
194	0.06989
195	0.06977
196	0.06924
197	0.06895
198	0.06849
199	0.06796
