0	0.00000
1	0.00000
2	0.00000
3	0.56717
4	0.54682
5	0.90286
6	1.01591
7	1.05220
8	1.46880
9	1.57972
10	1.86455
11	2.14585
12	2.14958
13	2.17440
14	2.30053
15	2.31951
16	2.21102
17	2.19957
18	2.01717
19	1.87381
20	1.75567
21	1.59307
22	1.45710
23	1.31401
24	1.19181
25	1.09821
26	1.02072
27	0.95017
28	0.89371
29	0.83380
30	0.78135
31	0.74277
32	0.70391
33	0.66479
34	0.63289
35	0.60357
36	0.57440
37	0.55016
38	0.52600
39	0.50662
40	0.48456
41	0.46629
42	0.45138
43	0.43556
44	0.42152
45	0.40664
46	0.39546
47	0.38288
48	0.37453
49	0.35979
50	0.35253
51	0.34147
52	0.33358
53	0.32413
54	0.31671
55	0.30944
56	0.30185
57	0.29539
58	0.28917
59	0.28334
60	0.27688
61	0.27093
62	0.26655
63	0.25994
64	0.25424
65	0.25042
66	0.24557
67	0.23972
68	0.23686
69	0.23344
70	0.22841
71	0.22326
72	0.22110
73	0.21650
74	0.21329
75	0.20954
76	0.20625
77	0.20403
78	0.19969
79	0.19659
80	0.19411
81	0.19142
82	0.18877
83	0.18533
84	0.18322
85	0.18068
86	0.17777
87	0.17600
88	0.17299
89	0.17156
90	0.16942
91	0.16749
92	0.16438
93	0.16294
94	0.16003
95	0.15889
96	0.15759
97	0.15519
98	0.15309
99	0.15147
100	0.15036
101	0.14821
102	0.14655
103	0.14538
104	0.14404
105	0.14123
106	0.14017
107	0.13870
108	0.13710
109	0.13542
110	0.13460
111	0.13355
112	0.13162
113	0.13071
114	0.12967
115	0.12834
116	0.12695
117	0.12556
118	0.12454
119	0.12338
120	0.12228
121	0.12137
122	0.12073
123	0.11945
124	0.11800
125	0.11713
126	0.11568
127	0.11529
128	0.11401
129	0.11323
130	0.11275
131	0.11119
132	0.11019
133	0.10917
134	0.10872
135	0.10809
136	0.10724
137	0.10610
138	0.10504
139	0.10428
140	0.10337
141	0.10255
142	0.10236
143	0.10166
144	0.10123
145	0.10006
146	0.09911
147	0.09859
148	0.09746
149	0.09617
150	0.09572
151	0.09491
152	0.09437
153	0.09383
154	0.09355
155	0.09326
156	0.09304
157	0.09173
158	0.09139
159	0.09063
160	0.09039
161	0.09007
162	0.08969
163	0.08876
164	0.08803
165	0.08756
166	0.08585
167	0.08585
168	0.08504
169	0.08482
170	0.08408
171	0.08372
172	0.08360
173	0.08294
174	0.08281
175	0.08228
176	0.08206
177	0.08169
178	0.08169
179	0.08058
180	0.07974
181	0.07931
182	0.07885
183	0.07848
184	0.07817
185	0.07744
186	0.07630
187	0.07592
188	0.07558
189	0.07545
190	0.07510
191	0.07510
192	0.07480
193	0.07422
194	0.07400
195	0.07387
196	0.07355
197	0.07311
198	0.07311
199	0.07276
