0	0.00000
1	0.00000
2	0.00000
3	0.00000
4	0.00000
5	0.00000
6	0.00000
7	0.00000
8	0.00000
9	0.00000
10	0.00000
11	0.00000
12	0.00000
13	0.00000
14	0.00000
15	0.00000
16	0.00000
17	0.00000
18	0.00000
19	0.00000
20	0.00000
21	0.00000
22	0.00000
23	0.00000
24	0.00243
25	0.00197
26	0.01240
27	0.01964
28	0.02231
29	0.02212
30	0.01830
31	0.01550
32	0.01520
33	0.01308
34	0.01349
35	0.01956
36	0.01949
37	0.01742
38	0.02573
39	0.02642
40	0.04370
41	0.03988
42	0.03803
43	0.03718
44	0.04255
45	0.03977
46	0.03521
47	0.03031
48	0.03622
49	0.04375
50	0.04113
51	0.03970
52	0.04151
53	0.03710
54	0.03364
55	0.03024
56	0.02636
57	0.02561
58	0.02623
59	0.02608
60	0.02678
61	0.02691
62	0.02525
63	0.02467
64	0.02749
65	0.02179
66	0.01936
67	0.01724
68	0.01491
69	0.01197
70	0.01085
71	0.00994
72	0.00959
73	0.01018
74	0.00986
75	0.00935
76	0.00918
77	0.00761
78	0.00646
79	0.00588
80	0.00538
81	0.00492
82	0.00343
83	0.00301
84	0.00298
85	0.00292
86	0.00260
87	0.00241
88	0.00242
89	0.00225
90	0.00217
91	0.00197
92	0.00205
93	0.00231
94	0.00218
95	0.00188
96	0.00147
97	0.00115
98	0.00105
99	0.00081
100	0.00069
101	0.00068
102	0.00063
103	0.00066
104	0.00074
105	0.00038
106	0.00078
107	0.00078
108	0.00030
109	0.00033
110	0.00029
111	0.00026
112	0.00000
113	0.00000
114	0.00000
115	0.00000
116	0.00000
117	0.00000
118	0.00000
119	0.00000
120	0.00000
121	0.00000
122	0.00000
123	0.00000
124	0.00000
125	0.00000
126	0.00000
127	0.00000
128	0.00000
129	0.00000
130	0.00000
131	0.00000
132	0.00000
133	0.00000
134	0.00000
135	0.00000
136	0.00000
137	0.00000
138	0.00000
139	0.00000
140	0.00000
141	0.00000
142	0.00000
143	0.00000
144	0.00000
145	0.00000
146	0.00000
147	0.00000
148	0.00000
149	0.00000
150	0.00000
151	0.00000
152	0.00000
153	0.00000
154	0.00000
155	0.00000
156	0.00000
157	0.00000
158	0.00000
159	0.00000
160	0.00000
161	0.00000
162	0.00000
163	0.00000
164	0.00000
165	0.00000
166	0.00000
167	0.00000
168	0.00000
169	0.00000
170	0.00000
171	0.00000
172	0.00000
173	0.00000
174	0.00000
175	0.00000
176	0.00000
177	0.00000
178	0.00000
179	0.00000
