0	0.00000
1	0.00000
2	0.00000
3	0.00000
4	0.00000
5	0.00553
6	0.00553
7	0.00553
8	0.00554
9	0.00554
10	0.04616
11	0.04190
12	0.03913
13	0.04908
14	0.04913
15	0.04459
16	0.07488
17	0.04827
18	0.04827
19	0.04419
20	0.06421
21	0.07606
22	0.12562
23	0.18331
24	0.22966
25	0.21083
26	0.23538
27	0.33428
28	0.33489
29	0.30127
30	0.30229
31	0.31121
32	0.30761
33	0.29331
34	0.28081
35	0.29325
36	0.31122
37	0.30401
38	0.39991
39	0.39542
40	0.56107
41	0.50744
42	0.49708
43	0.47617
44	0.49829
45	0.48739
46	0.46830
47	0.40269
48	0.42410
49	0.56241
50	0.52952
51	0.52517
52	0.56058
53	0.48131
54	0.45364
55	0.41396
56	0.36584
57	0.34035
58	0.33815
59	0.34042
60	0.34997
61	0.32964
62	0.31831
63	0.31075
64	0.32608
65	0.27991
66	0.24279
67	0.21505
68	0.18727
69	0.16492
70	0.15789
71	0.15400
72	0.16106
73	0.16511
74	0.15734
75	0.14744
76	0.14808
77	0.13402
78	0.12336
79	0.11721
80	0.10857
81	0.10020
82	0.08974
83	0.08569
84	0.08711
85	0.08053
86	0.07160
87	0.07270
88	0.06954
89	0.06809
90	0.06914
91	0.06120
92	0.06597
93	0.06342
94	0.05895
95	0.05697
96	0.05736
97	0.05460
98	0.05252
99	0.05257
100	0.04783
101	0.04356
102	0.04601
103	0.04368
104	0.04504
105	0.04419
106	0.04031
107	0.03716
108	0.03436
109	0.03144
110	0.02899
111	0.02752
112	0.02415
113	0.02617
114	0.02512
115	0.02346
116	0.02170
117	0.02175
118	0.02112
119	0.01882
120	0.01604
121	0.01420
122	0.01310
123	0.01720
124	0.01598
125	0.01345
126	0.01176
127	0.01241
128	0.01291
129	0.01512
130	0.01613
131	0.01635
132	0.01712
133	0.01677
134	0.01439
135	0.01253
136	0.01103
137	0.01074
138	0.00946
139	0.00866
140	0.01029
141	0.00972
142	0.01042
143	0.01093
144	0.00928
145	0.00927
146	0.00965
147	0.00897
148	0.00978
149	0.00979
150	0.00878
151	0.00703
152	0.00536
153	0.00495
154	0.00589
155	0.00333
156	0.00363
157	0.00367
158	0.00422
159	0.00440
160	0.00424
161	0.00266
162	0.00227
163	0.00198
164	0.00492
165	0.00456
166	0.00518
167	0.00544
168	0.00551
169	0.00624
170	0.00548
171	0.00321
172	0.00344
173	0.00197
174	0.00153
175	0.00212
176	0.00188
177	0.00143
178	0.00143
179	0.00143
