0	0.00500
1	0.01550
2	0.04500
3	0.13250
4	0.31300
5	0.55650
6	0.71200
7	0.77750
8	0.79450
9	0.80050
10	0.80150
11	0.80150
12	0.80150
13	0.80150
14	0.80150
15	0.80150
16	0.80150
17	0.80150
18	0.80150
19	0.80150
20	0.80150
21	0.80150
22	0.80150
23	0.80150
24	0.80150
25	0.80150
26	0.80150
27	0.80150
28	0.80150
29	0.80150
30	0.80150
31	0.80150
32	0.80150
33	0.80150
34	0.80150
35	0.80150
36	0.80150
37	0.80150
38	0.80150
39	0.80150
40	0.80150
41	0.80150
42	0.80150
43	0.80150
44	0.80150
45	0.80150
46	0.80150
47	0.80150
48	0.80150
49	0.80150
50	0.80150
51	0.80150
52	0.80150
53	0.80150
54	0.80150
55	0.80150
56	0.80150
57	0.80150
58	0.80150
59	0.80150
60	0.80150
61	0.80150
62	0.80150
63	0.80150
64	0.80150
65	0.80150
66	0.80150
67	0.80150
68	0.80150
69	0.80150
70	0.80150
71	0.80150
72	0.80150
73	0.80150
74	0.80150
75	0.80150
76	0.80150
77	0.80150
78	0.80150
79	0.80150
80	0.80150
81	0.80150
82	0.80150
83	0.80150
84	0.80150
85	0.80150
86	0.80150
87	0.80150
88	0.80150
89	0.80150
90	0.80150
91	0.80150
92	0.80150
93	0.80150
94	0.80150
95	0.80150
96	0.80150
97	0.80150
98	0.80150
99	0.80150
100	0.80150
101	0.80150
102	0.80150
103	0.80150
104	0.80150
105	0.80150
106	0.80150
107	0.80150
108	0.80150
109	0.80150
110	0.80150
111	0.80150
112	0.80150
113	0.80150
114	0.80150
115	0.80150
116	0.80150
117	0.80150
118	0.80150
119	0.80150
120	0.80150
121	0.80150
122	0.80150
123	0.80150
124	0.80150
125	0.80150
126	0.80150
127	0.80150
128	0.80150
129	0.80150
130	0.80150
131	0.80150
132	0.80150
133	0.80150
134	0.80150
135	0.80150
136	0.80150
137	0.80150
138	0.80150
139	0.80150
140	0.80150
141	0.80150
142	0.80150
143	0.80150
144	0.80150
145	0.80150
146	0.80150
147	0.80150
148	0.80150
149	0.80150
