0	0	0	0	0	0	
1	741	0	0	0	0	
2	714	0	0	0	0	
3	0	660	0	0	0	
4	0	0	540	0	0	
5	0	0	0	436	0	
6	0	0	0	0	398	
7	0	0	0	0	398	
8	0	0	0	0	397	
9	0	0	0	0	396	
10	0	0	0	0	396	
11	0	0	0	0	396	
12	0	0	0	0	396	
13	0	0	0	0	396	
14	0	0	0	0	396	
15	0	0	0	0	396	
16	0	0	0	0	396	
17	0	0	0	0	396	
18	0	0	0	0	396	
19	0	0	0	0	396	
20	0	0	0	0	396	
21	0	0	0	0	396	
22	0	0	0	0	396	
23	0	0	0	0	396	
24	0	0	0	0	396	
25	0	0	0	0	396	
26	0	0	0	0	396	
27	0	0	0	0	396	
28	0	0	0	0	396	
29	0	0	0	0	396	
30	0	0	0	0	396	
31	0	0	0	0	396	
32	0	0	0	0	396	
33	0	0	0	0	396	
34	0	0	0	0	396	
35	0	0	0	0	396	
36	0	0	0	0	396	
37	0	0	0	0	396	
38	0	0	0	0	396	
39	0	0	0	0	396	
40	0	0	0	0	396	
41	0	0	0	0	396	
42	0	0	0	0	396	
43	0	0	0	0	396	
44	0	0	0	0	396	
45	0	0	0	0	396	
46	0	0	0	0	396	
47	0	0	0	0	396	
48	0	0	0	0	396	
49	0	0	0	0	396	
50	0	0	0	0	396	
51	0	0	0	0	396	
52	0	0	0	0	396	
53	0	0	0	0	396	
54	0	0	0	0	396	
55	0	0	0	0	396	
56	0	0	0	0	396	
57	0	0	0	0	396	
58	0	0	0	0	396	
59	0	0	0	0	396	
60	0	0	0	0	396	
61	0	0	0	0	396	
62	0	0	0	0	396	
63	0	0	0	0	396	
64	0	0	0	0	396	
65	0	0	0	0	396	
66	0	0	0	0	396	
67	0	0	0	0	396	
68	0	0	0	0	396	
69	0	0	0	0	396	
70	0	0	0	0	396	
71	0	0	0	0	396	
72	0	0	0	0	396	
73	0	0	0	0	396	
74	0	0	0	0	396	
75	0	0	0	0	396	
76	0	0	0	0	396	
77	0	0	0	0	396	
78	0	0	0	0	396	
79	0	0	0	0	396	
80	0	0	0	0	396	
81	0	0	0	0	396	
82	0	0	0	0	396	
83	0	0	0	0	396	
84	0	0	0	0	396	
85	0	0	0	0	396	
86	0	0	0	0	396	
87	0	0	0	0	396	
88	0	0	0	0	396	
89	0	0	0	0	396	
90	0	0	0	0	396	
91	0	0	0	0	396	
92	0	0	0	0	396	
93	0	0	0	0	396	
94	0	0	0	0	396	
95	0	0	0	0	396	
96	0	0	0	0	396	
97	0	0	0	0	396	
98	0	0	0	0	396	
99	0	0	0	0	396	
100	0	0	0	0	396	
101	0	0	0	0	396	
102	0	0	0	0	396	
103	0	0	0	0	396	
104	0	0	0	0	396	
105	0	0	0	0	396	
106	0	0	0	0	396	
107	0	0	0	0	396	
108	0	0	0	0	396	
109	0	0	0	0	396	
110	0	0	0	0	396	
111	0	0	0	0	396	
112	0	0	0	0	396	
113	0	0	0	0	396	
114	0	0	0	0	396	
115	0	0	0	0	396	
116	0	0	0	0	396	
117	0	0	0	0	396	
118	0	0	0	0	396	
119	0	0	0	0	396	
120	0	0	0	0	396	
121	0	0	0	0	396	
122	0	0	0	0	396	
123	0	0	0	0	396	
124	0	0	0	0	396	
125	0	0	0	0	396	
126	0	0	0	0	396	
127	0	0	0	0	396	
128	0	0	0	0	396	
129	0	0	0	0	396	
130	0	0	0	0	396	
131	0	0	0	0	396	
132	0	0	0	0	396	
133	0	0	0	0	396	
134	0	0	0	0	396	
135	0	0	0	0	396	
136	0	0	0	0	396	
137	0	0	0	0	396	
138	0	0	0	0	396	
139	0	0	0	0	396	
140	0	0	0	0	396	
141	0	0	0	0	396	
142	0	0	0	0	396	
143	0	0	0	0	396	
144	0	0	0	0	396	
145	0	0	0	0	396	
146	0	0	0	0	396	
147	0	0	0	0	396	
148	0	0	0	0	396	
149	0	0	0	0	396	
