0	0.00500
1	0.00750
2	0.01150
3	0.02300
4	0.04200
5	0.07600
6	0.12300
7	0.20150
8	0.30100
9	0.41350
10	0.53350
11	0.64500
12	0.73600
13	0.80200
14	0.85450
15	0.89000
16	0.91750
17	0.94350
18	0.95750
19	0.96800
20	0.97750
21	0.97950
22	0.98150
23	0.98450
24	0.98550
25	0.98600
26	0.98750
27	0.98850
28	0.99000
29	0.99000
30	0.99100
31	0.99100
32	0.99100
33	0.99100
34	0.99100
35	0.99100
36	0.99100
37	0.99100
38	0.99100
39	0.99150
40	0.99150
41	0.99150
42	0.99150
43	0.99150
44	0.99150
45	0.99150
46	0.99150
47	0.99150
48	0.99150
49	0.99150
50	0.99150
51	0.99150
52	0.99150
53	0.99150
54	0.99150
55	0.99150
56	0.99150
57	0.99150
58	0.99150
59	0.99150
60	0.99150
61	0.99150
62	0.99150
63	0.99150
64	0.99150
65	0.99150
66	0.99150
67	0.99150
68	0.99150
69	0.99150
70	0.99150
71	0.99150
72	0.99150
73	0.99150
74	0.99150
75	0.99150
76	0.99150
77	0.99150
78	0.99150
79	0.99150
80	0.99150
81	0.99150
82	0.99150
83	0.99150
84	0.99150
85	0.99150
86	0.99150
87	0.99150
88	0.99150
89	0.99150
90	0.99150
91	0.99150
92	0.99150
93	0.99150
94	0.99150
95	0.99150
96	0.99150
97	0.99150
98	0.99150
99	0.99150
