0	0.00000
1	0.00100
2	0.00150
3	0.00050
4	0.00150
5	0.00050
6	0.00100
7	0.00050
8	0.00200
9	0.00250
10	0.00150
11	0.00200
12	0.00100
13	0.00300
14	0.00150
15	0.00350
16	0.00300
17	0.00250
18	0.00550
19	0.00500
20	0.00450
21	0.00350
22	0.00500
23	0.00400
24	0.00500
25	0.00500
26	0.00950
27	0.00900
28	0.01000
29	0.00900
30	0.00950
31	0.01050
32	0.01300
33	0.01200
34	0.01550
35	0.01100
36	0.02050
37	0.01600
38	0.01100
39	0.01050
40	0.01600
41	0.01500
42	0.01600
43	0.01100
44	0.01500
45	0.01850
46	0.01300
47	0.01700
48	0.01600
49	0.01800
50	0.01100
51	0.01750
52	0.01750
53	0.01550
54	0.01950
55	0.01300
56	0.01400
57	0.01550
58	0.01350
59	0.02200
60	0.01250
61	0.01750
62	0.02000
63	0.01550
64	0.01100
65	0.01250
66	0.01550
67	0.01150
68	0.01150
69	0.01150
70	0.01200
71	0.01450
72	0.01000
73	0.00950
74	0.01350
75	0.01150
76	0.01050
77	0.00800
78	0.00800
79	0.01100
80	0.01000
81	0.00900
82	0.00600
83	0.00500
84	0.00600
85	0.00800
86	0.00450
87	0.00350
88	0.00650
89	0.00500
90	0.00450
91	0.00550
92	0.00400
93	0.00700
94	0.00450
95	0.00250
96	0.00700
97	0.00350
98	0.00400
99	0.00350
100	0.00350
101	0.00450
102	0.00300
103	0.00350
104	0.00350
105	0.00100
106	0.00400
107	0.00400
108	0.00300
109	0.00050
110	0.00350
111	0.00400
112	0.00200
113	0.00200
114	0.00100
115	0.00050
116	0.00100
117	0.00150
118	0.00150
119	0.00050
120	0.00050
121	0.00000
122	0.00300
123	0.00100
124	0.00100
125	0.00200
126	0.00200
127	0.00150
128	0.00100
129	0.00250
130	0.00050
131	0.00100
132	0.00050
133	0.00100
134	0.00000
135	0.00100
136	0.00050
137	0.00050
138	0.00000
139	0.00100
140	0.00050
141	0.00000
142	0.00100
143	0.00100
144	0.00000
145	0.00050
146	0.00100
147	0.00200
148	0.00150
149	0.00000
150	0.00100
151	0.00000
152	0.00050
153	0.00000
154	0.00000
155	0.00050
156	0.00050
157	0.00000
158	0.00000
159	0.00050
160	0.00050
161	0.00050
162	0.00050
163	0.00000
164	0.00000
165	0.00050
166	0.00000
167	0.00000
168	0.00000
169	0.00000
170	0.00000
171	0.00000
172	0.00000
173	0.00050
174	0.00000
175	0.00000
176	0.00000
177	0.00000
178	0.00000
179	0.00000
