0	0.00500
1	0.00650
2	0.01150
3	0.02300
4	0.04150
5	0.06550
6	0.10500
7	0.16000
8	0.22800
9	0.28750
10	0.34700
11	0.41250
12	0.46250
13	0.51300
14	0.55800
15	0.59050
16	0.61250
17	0.63700
18	0.65350
19	0.66200
20	0.66900
21	0.67500
22	0.68050
23	0.68400
24	0.68750
25	0.68950
26	0.69300
27	0.69650
28	0.69900
29	0.70000
30	0.70000
31	0.70150
32	0.70150
33	0.70150
34	0.70150
35	0.70150
36	0.70150
37	0.70150
38	0.70150
39	0.70150
40	0.70150
41	0.70200
42	0.70200
43	0.70200
44	0.70200
45	0.70200
46	0.70200
47	0.70200
48	0.70200
49	0.70200
50	0.70200
51	0.70200
52	0.70200
53	0.70200
54	0.70200
55	0.70200
56	0.70200
57	0.70250
58	0.70250
59	0.70250
60	0.70250
61	0.70250
62	0.70250
63	0.70250
64	0.70250
65	0.70250
66	0.70250
67	0.70250
68	0.70250
69	0.70250
70	0.70250
71	0.70250
72	0.70250
73	0.70250
74	0.70250
75	0.70250
76	0.70250
77	0.70250
78	0.70250
79	0.70250
80	0.70250
81	0.70250
82	0.70250
83	0.70250
84	0.70250
85	0.70250
86	0.70250
87	0.70250
88	0.70250
89	0.70250
90	0.70250
91	0.70250
92	0.70250
93	0.70250
94	0.70250
95	0.70250
96	0.70250
97	0.70250
98	0.70250
99	0.70250
