0	0.00500
1	0.01400
2	0.04050
3	0.11650
4	0.27700
5	0.51500
6	0.69550
7	0.76450
8	0.78250
9	0.78900
10	0.78950
11	0.78950
12	0.78950
13	0.78950
14	0.78950
15	0.78950
16	0.78950
17	0.78950
18	0.78950
19	0.78950
20	0.78950
21	0.78950
22	0.78950
23	0.78950
24	0.78950
25	0.78950
26	0.78950
27	0.78950
28	0.78950
29	0.78950
30	0.78950
31	0.78950
32	0.78950
33	0.78950
34	0.78950
35	0.78950
36	0.78950
37	0.78950
38	0.78950
39	0.78950
40	0.78950
41	0.78950
42	0.78950
43	0.78950
44	0.78950
45	0.78950
46	0.78950
47	0.78950
48	0.78950
49	0.78950
50	0.78950
51	0.78950
52	0.78950
53	0.78950
54	0.78950
55	0.78950
56	0.78950
57	0.78950
58	0.78950
59	0.78950
60	0.78950
61	0.78950
62	0.78950
63	0.78950
64	0.78950
65	0.78950
66	0.78950
67	0.78950
68	0.78950
69	0.78950
70	0.78950
71	0.78950
72	0.78950
73	0.78950
74	0.78950
75	0.78950
76	0.78950
77	0.78950
78	0.78950
79	0.78950
80	0.78950
81	0.78950
82	0.78950
83	0.78950
84	0.78950
85	0.78950
86	0.78950
87	0.78950
88	0.78950
89	0.78950
90	0.78950
91	0.78950
92	0.78950
93	0.78950
94	0.78950
95	0.78950
96	0.78950
97	0.78950
98	0.78950
99	0.78950
100	0.78950
101	0.78950
102	0.78950
103	0.78950
104	0.78950
105	0.78950
106	0.78950
107	0.78950
108	0.78950
109	0.78950
110	0.78950
111	0.78950
112	0.78950
113	0.78950
114	0.78950
115	0.78950
116	0.78950
117	0.78950
118	0.78950
119	0.78950
120	0.78950
121	0.78950
122	0.78950
123	0.78950
124	0.78950
125	0.78950
126	0.78950
127	0.78950
128	0.78950
129	0.78950
130	0.78950
131	0.78950
132	0.78950
133	0.78950
134	0.78950
135	0.78950
136	0.78950
137	0.78950
138	0.78950
139	0.78950
140	0.78950
141	0.78950
142	0.78950
143	0.78950
144	0.78950
145	0.78950
146	0.78950
147	0.78950
148	0.78950
149	0.78950
