0	0.00500
1	0.00550
2	0.00600
3	0.00600
4	0.00650
5	0.00650
6	0.00750
7	0.00750
8	0.00800
9	0.00850
10	0.00900
11	0.00900
12	0.00950
13	0.01000
14	0.01050
15	0.01100
16	0.01150
17	0.01150
18	0.01200
19	0.01250
20	0.01400
21	0.01500
22	0.01550
23	0.01550
24	0.01600
25	0.01750
26	0.01950
27	0.02050
28	0.02350
29	0.02450
30	0.02700
31	0.03000
32	0.03150
33	0.03500
34	0.03650
35	0.04050
36	0.04750
37	0.05300
38	0.05600
39	0.06250
40	0.06750
41	0.07650
42	0.08300
43	0.09150
44	0.10000
45	0.11000
46	0.12700
47	0.13450
48	0.14500
49	0.15400
50	0.16950
51	0.18050
52	0.19700
53	0.20900
54	0.22250
55	0.23550
56	0.25050
57	0.26550
58	0.27800
59	0.29650
60	0.31150
61	0.32900
62	0.34400
63	0.36650
64	0.38100
65	0.39800
66	0.41850
67	0.43550
68	0.45050
69	0.46150
70	0.47700
71	0.49200
72	0.50700
73	0.52400
74	0.53900
75	0.55600
76	0.57350
77	0.58500
78	0.59700
79	0.61150
80	0.62800
81	0.64650
82	0.65700
83	0.66800
84	0.67900
85	0.69250
86	0.70650
87	0.72250
88	0.73300
89	0.74450
90	0.75450
91	0.76100
92	0.77250
93	0.78200
94	0.79350
95	0.80500
96	0.81300
97	0.82000
98	0.82600
99	0.83050
100	0.83500
101	0.84100
102	0.84900
103	0.85350
104	0.85950
105	0.86150
106	0.86550
107	0.87050
108	0.87850
109	0.88450
110	0.88950
111	0.89350
112	0.89650
113	0.90150
114	0.90350
115	0.90650
116	0.90900
117	0.91250
118	0.91650
119	0.92150
120	0.92250
121	0.92700
122	0.93050
123	0.93350
124	0.93550
125	0.93750
126	0.94100
127	0.94450
128	0.94650
129	0.95000
130	0.95450
131	0.95650
132	0.95750
133	0.96000
134	0.96000
135	0.96050
136	0.96300
137	0.96400
138	0.96550
139	0.96650
140	0.96800
141	0.96850
142	0.96950
143	0.97050
144	0.97150
145	0.97200
146	0.97450
147	0.97550
148	0.97600
149	0.97600
150	0.97700
151	0.97700
152	0.97750
153	0.97750
154	0.97800
155	0.98050
156	0.98100
157	0.98150
158	0.98200
159	0.98300
160	0.98450
161	0.98450
162	0.98550
163	0.98550
164	0.98550
165	0.98550
166	0.98600
167	0.98650
168	0.98700
169	0.98700
170	0.98750
171	0.98750
172	0.98750
173	0.98750
174	0.98750
175	0.98750
176	0.98800
177	0.98800
178	0.98850
179	0.98900
