0	0.00000
1	0.00000
2	0.00000
3	0.00500
4	0.00000
5	0.00000
6	0.00000
7	0.00000
8	0.00000
9	0.00000
10	0.00500
11	0.00000
12	0.00000
13	0.00500
14	0.00000
15	0.00000
16	0.00000
17	0.00000
18	0.00000
19	0.00000
20	0.00000
21	0.00000
22	0.00000
23	0.00000
24	0.00000
25	0.00500
26	0.00000
27	0.00000
28	0.00500
29	0.00000
30	0.00000
31	0.00000
32	0.00500
33	0.00000
34	0.00500
35	0.00000
36	0.00000
37	0.00000
38	0.00000
39	0.00500
40	0.00000
41	0.00000
42	0.01000
43	0.01500
44	0.00000
45	0.00500
46	0.00000
47	0.00000
48	0.00000
49	0.00000
50	0.00500
51	0.00000
52	0.01000
53	0.00000
54	0.00500
55	0.01000
56	0.01500
57	0.01500
58	0.00500
59	0.01500
60	0.01000
61	0.01500
62	0.00000
63	0.01000
64	0.02000
65	0.00500
66	0.01500
67	0.02500
68	0.02000
69	0.02500
70	0.01000
71	0.01000
72	0.00500
73	0.01500
74	0.02500
75	0.00000
76	0.00500
77	0.01000
78	0.01000
79	0.01500
80	0.00500
81	0.00500
82	0.01000
83	0.02000
84	0.00000
85	0.02500
86	0.01000
87	0.01500
88	0.01000
89	0.02000
90	0.01500
91	0.01000
92	0.00500
93	0.03000
94	0.00500
95	0.00500
96	0.02500
97	0.01000
98	0.01000
99	0.00500
100	0.01500
101	0.01500
102	0.00500
103	0.01000
104	0.01000
105	0.00000
106	0.00500
107	0.01500
108	0.01500
109	0.01500
110	0.01500
111	0.02500
112	0.01000
113	0.00000
114	0.00000
115	0.00500
116	0.00500
117	0.00000
118	0.01000
119	0.00500
120	0.01000
121	0.00000
122	0.00000
123	0.00000
124	0.00000
125	0.00000
126	0.01000
127	0.01000
128	0.01000
129	0.00000
130	0.00000
131	0.00000
132	0.00000
133	0.00000
134	0.00500
135	0.00000
136	0.00000
137	0.00000
138	0.00000
139	0.00500
140	0.00000
141	0.00000
142	0.00000
143	0.00000
144	0.00000
145	0.00000
146	0.00500
147	0.00500
148	0.00000
149	0.00500
150	0.00000
151	0.00000
152	0.00000
153	0.00000
154	0.00500
155	0.00000
156	0.00000
157	0.00000
158	0.00000
159	0.00000
160	0.00000
161	0.00000
162	0.00000
163	0.00000
164	0.00000
165	0.00000
166	0.00000
167	0.00500
168	0.00500
169	0.00000
170	0.00000
171	0.00500
172	0.00000
173	0.00000
174	0.00000
175	0.00000
176	0.00500
177	0.00000
178	0.00000
179	0.00500
180	0.00500
181	0.00000
182	0.00000
183	0.00000
184	0.00000
185	0.00000
186	0.00000
187	0.00500
188	0.00000
189	0.00000
190	0.00000
191	0.00000
192	0.00000
193	0.00000
194	0.00000
195	0.00000
196	0.00000
197	0.00000
198	0.00000
199	0.00000
