0	0.02000
1	0.02000
2	0.02000
3	0.02500
4	0.02500
5	0.02500
6	0.02500
7	0.02500
8	0.02500
9	0.02500
10	0.03000
11	0.03000
12	0.03000
13	0.03500
14	0.03500
15	0.03500
16	0.03500
17	0.03500
18	0.03500
19	0.03500
20	0.03500
21	0.03500
22	0.03500
23	0.03500
24	0.03500
25	0.04000
26	0.04000
27	0.04000
28	0.04500
29	0.04500
30	0.04500
31	0.04500
32	0.05000
33	0.05000
34	0.05500
35	0.05500
36	0.05500
37	0.05500
38	0.05500
39	0.06000
40	0.06000
41	0.06000
42	0.07000
43	0.08500
44	0.08500
45	0.09000
46	0.09000
47	0.09000
48	0.09000
49	0.09000
50	0.09500
51	0.09500
52	0.10500
53	0.10500
54	0.11000
55	0.12000
56	0.13500
57	0.15000
58	0.15500
59	0.17000
60	0.18000
61	0.19500
62	0.19500
63	0.20500
64	0.22500
65	0.23000
66	0.24500
67	0.27000
68	0.29000
69	0.31500
70	0.32500
71	0.33500
72	0.34000
73	0.35500
74	0.38000
75	0.38000
76	0.38500
77	0.39500
78	0.40500
79	0.42000
80	0.42500
81	0.43000
82	0.44000
83	0.46000
84	0.46000
85	0.48500
86	0.49500
87	0.51000
88	0.52000
89	0.54000
90	0.55500
91	0.56500
92	0.57000
93	0.60000
94	0.60500
95	0.61000
96	0.63500
97	0.64500
98	0.65500
99	0.66000
100	0.67500
101	0.69000
102	0.69500
103	0.70500
104	0.71500
105	0.71500
106	0.72000
107	0.73500
108	0.75000
109	0.76500
110	0.78000
111	0.80500
112	0.81500
113	0.81500
114	0.81500
115	0.82000
116	0.82500
117	0.82500
118	0.83500
119	0.84000
120	0.85000
121	0.85000
122	0.85000
123	0.85000
124	0.85000
125	0.85000
126	0.86000
127	0.87000
128	0.88000
129	0.88000
130	0.88000
131	0.88000
132	0.88000
133	0.88000
134	0.88500
135	0.88500
136	0.88500
137	0.88500
138	0.88500
139	0.89000
140	0.89000
141	0.89000
142	0.89000
143	0.89000
144	0.89000
145	0.89000
146	0.89500
147	0.90000
148	0.90000
149	0.90500
150	0.90500
151	0.90500
152	0.90500
153	0.90500
154	0.91000
155	0.91000
156	0.91000
157	0.91000
158	0.91000
159	0.91000
160	0.91000
161	0.91000
162	0.91000
163	0.91000
164	0.91000
165	0.91000
166	0.91000
167	0.91500
168	0.92000
169	0.92000
170	0.92000
171	0.92500
172	0.92500
173	0.92500
174	0.92500
175	0.92500
176	0.93000
177	0.93000
178	0.93000
179	0.93500
180	0.94000
181	0.94000
182	0.94000
183	0.94000
184	0.94000
185	0.94000
186	0.94000
187	0.94500
188	0.94500
189	0.94500
190	0.94500
191	0.94500
192	0.94500
193	0.94500
194	0.94500
195	0.94500
196	0.94500
197	0.94500
198	0.94500
199	0.94500
