0	0.00000
1	0.00000
2	0.00000
3	0.00000
4	0.00000
5	0.01538
6	0.01538
7	0.01538
8	0.01538
9	0.01538
10	0.01546
11	0.01546
12	0.03093
13	0.02591
14	0.02591
15	0.04922
16	0.04922
17	0.04145
18	0.04145
19	0.02073
20	0.02073
21	0.02073
22	0.00000
23	0.00000
24	0.00000
25	0.00000
26	0.00000
27	0.03906
28	0.03927
29	0.03927
30	0.06545
31	0.06545
32	0.05789
33	0.05789
34	0.04674
35	0.04674
36	0.08025
37	0.05644
38	0.05644
39	0.05674
40	0.05674
41	0.05674
42	0.05735
43	0.02368
44	0.10610
45	0.20467
46	0.19643
47	0.24038
48	0.20211
49	0.18562
50	0.18297
51	0.13186
52	0.09777
53	0.08939
54	0.16573
55	0.16761
56	0.21869
57	0.27304
58	0.40306
59	0.40050
60	0.40894
61	0.45642
62	0.42894
63	0.46641
64	0.37561
65	0.34568
66	0.42352
67	0.37838
68	0.42355
69	0.48584
70	0.50680
71	0.53613
72	0.49263
73	0.44491
74	0.38369
75	0.36280
76	0.36999
77	0.26632
78	0.24102
79	0.21346
80	0.20168
81	0.19957
82	0.17821
83	0.15180
84	0.17009
85	0.17118
86	0.14956
87	0.21282
88	0.19630
89	0.19214
90	0.19077
91	0.19640
92	0.22858
93	0.22773
94	0.17298
95	0.18758
96	0.17219
97	0.14945
98	0.15307
99	0.15458
100	0.16117
101	0.14330
102	0.12084
103	0.14197
104	0.11201
105	0.11580
106	0.10628
107	0.09069
108	0.07106
109	0.08193
110	0.08558
111	0.09508
112	0.09808
113	0.10701
114	0.11087
115	0.09656
116	0.07454
117	0.06137
118	0.05649
119	0.05084
120	0.04123
121	0.04611
122	0.05497
123	0.05133
124	0.04583
125	0.03660
126	0.03922
127	0.02363
128	0.02680
129	0.02580
130	0.03421
131	0.03078
132	0.02499
133	0.02499
134	0.02608
135	0.01572
136	0.02267
137	0.01449
138	0.01449
139	0.01515
140	0.01515
141	0.02733
142	0.02733
143	0.01218
144	0.01218
145	0.01218
146	0.00595
147	0.00625
148	0.00000
149	0.00000
150	0.00000
151	0.01184
152	0.01184
153	0.01184
154	0.01250
155	0.01250
156	0.02449
157	0.01678
158	0.01122
159	0.01122
160	0.01122
161	0.01122
162	0.01122
163	0.00000
164	0.00000
165	0.00000
166	0.00000
167	0.00000
168	0.00000
169	0.00000
170	0.00000
171	0.00000
172	0.00000
173	0.00000
174	0.00000
175	0.00000
176	0.00000
177	0.00000
178	0.08163
179	0.08791
180	0.01190
181	0.02403
182	0.02403
183	0.02403
184	0.02403
185	0.01212
186	0.01212
187	0.01322
188	0.00000
189	0.01136
190	0.01136
191	0.01136
192	0.01136
193	0.01136
194	0.01136
195	0.01136
196	0.00000
197	0.00000
198	0.00000
199	0.00000
