0	0.00000
1	0.00000
2	0.00000
3	0.00050
4	0.00050
5	0.00050
6	0.00050
7	0.00050
8	0.00200
9	0.00000
10	0.00050
11	0.00050
12	0.00100
13	0.00050
14	0.00150
15	0.00050
16	0.00200
17	0.00250
18	0.00050
19	0.00100
20	0.00350
21	0.00100
22	0.00400
23	0.00300
24	0.00150
25	0.00200
26	0.00400
27	0.00100
28	0.00400
29	0.00450
30	0.00450
31	0.00550
32	0.00700
33	0.00800
34	0.00450
35	0.00550
36	0.01350
37	0.01000
38	0.01250
39	0.00700
40	0.00900
41	0.00800
42	0.00750
43	0.01350
44	0.01300
45	0.01100
46	0.01800
47	0.01500
48	0.01600
49	0.01250
50	0.01950
51	0.01500
52	0.01250
53	0.01950
54	0.01300
55	0.01400
56	0.01550
57	0.01800
58	0.01450
59	0.01600
60	0.01900
61	0.01400
62	0.01900
63	0.01800
64	0.01550
65	0.02050
66	0.01700
67	0.02350
68	0.01300
69	0.01150
70	0.01700
71	0.01050
72	0.01450
73	0.00750
74	0.01600
75	0.01000
76	0.01200
77	0.01400
78	0.01550
79	0.00850
80	0.01050
81	0.00900
82	0.01000
83	0.01450
84	0.01400
85	0.01200
86	0.01050
87	0.01100
88	0.00900
89	0.00750
90	0.01200
91	0.00550
92	0.00450
93	0.00500
94	0.00800
95	0.00650
96	0.00550
97	0.00600
98	0.00500
99	0.00600
100	0.00500
101	0.00450
102	0.00250
103	0.00550
104	0.00250
105	0.00450
106	0.00250
107	0.00250
108	0.00650
109	0.00700
110	0.00200
111	0.00600
112	0.00150
113	0.00350
114	0.00000
115	0.00250
116	0.00150
117	0.00100
118	0.00100
119	0.00150
120	0.00250
121	0.00200
122	0.00400
123	0.00200
124	0.00150
125	0.00150
126	0.00200
127	0.00250
128	0.00150
129	0.00150
130	0.00150
131	0.00200
132	0.00350
133	0.00000
134	0.00100
135	0.00200
136	0.00100
137	0.00100
138	0.00100
139	0.00150
140	0.00000
141	0.00000
142	0.00050
143	0.00150
144	0.00150
145	0.00100
146	0.00050
147	0.00000
148	0.00000
149	0.00050
150	0.00100
151	0.00100
152	0.00000
153	0.00000
154	0.00100
155	0.00000
156	0.00000
157	0.00000
158	0.00050
159	0.00150
160	0.00000
161	0.00000
162	0.00100
163	0.00050
164	0.00050
165	0.00000
166	0.00000
167	0.00100
168	0.00100
169	0.00050
170	0.00000
171	0.00000
172	0.00050
173	0.00050
174	0.00000
175	0.00050
176	0.00000
177	0.00050
178	0.00000
179	0.00050
