0	0.00000
1	0.00000
2	0.00000
3	0.00000
4	0.00000
5	0.00252
6	0.00655
7	0.03140
8	0.06243
9	0.07664
10	0.11229
11	0.10237
12	0.11098
13	0.14456
14	0.15989
15	0.13756
16	0.16231
17	0.17154
18	0.21970
19	0.25780
20	0.21651
21	0.23981
22	0.32852
23	0.32664
24	0.36034
25	0.39719
26	0.35909
27	0.38869
28	0.44401
29	0.42453
30	0.48709
31	0.58037
32	0.54170
33	0.54207
34	0.55084
35	0.59028
36	0.53828
37	0.53100
38	0.61345
39	0.58337
40	0.58030
41	0.50259
42	0.45769
43	0.40488
44	0.35329
45	0.35621
46	0.38649
47	0.37800
48	0.38831
49	0.38998
50	0.35951
51	0.31390
52	0.31214
53	0.27788
54	0.24524
55	0.24249
56	0.21816
57	0.20526
58	0.19407
59	0.18255
60	0.16524
61	0.16648
62	0.16596
63	0.15870
64	0.15547
65	0.14963
66	0.14459
67	0.14759
68	0.13860
69	0.13814
70	0.12010
71	0.10849
72	0.10665
73	0.09508
74	0.08961
75	0.08084
76	0.08129
77	0.07737
78	0.07520
79	0.07591
80	0.07744
81	0.07208
82	0.06897
83	0.06550
84	0.06052
85	0.06155
86	0.05837
87	0.05592
88	0.05456
89	0.05433
90	0.05417
91	0.04835
92	0.04948
93	0.04199
94	0.03718
95	0.03560
96	0.03662
97	0.03272
98	0.03227
99	0.03034
100	0.02783
101	0.03020
102	0.03104
103	0.02851
104	0.02378
105	0.02333
106	0.02228
107	0.02248
108	0.02045
109	0.02088
110	0.02186
111	0.02135
112	0.01907
113	0.02148
114	0.01798
115	0.01653
116	0.01363
117	0.01181
118	0.01093
119	0.01014
120	0.00809
121	0.00846
122	0.00853
123	0.00941
124	0.01048
125	0.00799
126	0.00727
127	0.00822
128	0.00975
129	0.00993
130	0.01030
131	0.00919
132	0.00896
133	0.00778
134	0.01025
135	0.00902
136	0.00918
137	0.00887
138	0.00670
139	0.00652
140	0.00757
141	0.00430
142	0.00439
143	0.00308
144	0.00329
145	0.00275
146	0.00282
147	0.00199
148	0.00115
149	0.00118
150	0.00125
151	0.00013
152	0.00013
153	0.00111
154	0.00118
155	0.00118
156	0.00118
157	0.00118
158	0.00122
159	0.00134
160	0.00123
161	0.00246
162	0.00132
163	0.00137
164	0.00160
165	0.00160
166	0.00160
167	0.00174
168	0.00021
169	0.00022
170	0.00022
171	0.00022
172	0.00023
173	0.00025
174	0.00025
175	0.00080
176	0.00054
177	0.00057
178	0.00057
179	0.00090
