0	0	0	0	0	0	
1	501	0	0	0	0	
2	501	0	0	0	0	
3	501	0	0	0	0	
4	501	0	0	0	0	
5	501	0	0	0	0	
6	501	0	0	0	0	
7	500	0	0	0	0	
8	498	0	0	0	0	
9	498	0	0	0	0	
10	497	0	0	0	0	
11	497	0	0	0	0	
12	497	0	0	0	0	
13	497	0	0	0	0	
14	496	0	0	0	0	
15	496	0	0	0	0	
16	495	0	0	0	0	
17	494	0	0	0	0	
18	494	0	0	0	0	
19	493	0	0	0	0	
20	492	0	0	0	0	
21	491	0	0	0	0	
22	491	0	0	0	0	
23	490	0	0	0	0	
24	489	0	0	0	0	
25	488	0	0	0	0	
26	485	0	0	0	0	
27	485	0	0	0	0	
28	483	0	0	0	0	
29	481	0	0	0	0	
30	476	0	0	0	0	
31	473	1	0	0	0	
32	471	1	1	0	0	
33	465	1	1	1	0	
34	462	1	0	1	1	
35	462	1	0	0	2	
36	452	1	0	0	2	
37	449	1	0	0	2	
38	446	0	1	0	2	
39	443	1	0	1	2	
40	441	1	0	0	3	
41	435	1	0	0	3	
42	432	1	0	0	3	
43	424	1	0	0	3	
44	420	1	0	0	3	
45	412	1	0	0	3	
46	404	1	0	0	3	
47	394	1	0	0	3	
48	384	1	0	0	3	
49	377	1	0	0	3	
50	362	1	0	0	3	
51	358	1	0	0	3	
52	348	1	0	0	3	
53	342	1	0	0	3	
54	332	1	0	0	3	
55	328	1	0	0	3	
56	320	1	0	0	3	
57	308	1	0	0	3	
58	301	1	0	0	3	
59	294	1	0	0	3	
60	282	0	0	0	3	
61	274	0	0	0	3	
62	263	0	0	0	3	
63	256	0	0	0	3	
64	249	0	0	0	3	
65	237	0	0	0	3	
66	229	0	0	0	3	
67	220	0	0	0	3	
68	213	0	0	0	3	
69	207	0	0	0	3	
70	203	0	0	0	3	
71	196	0	0	0	3	
72	187	0	0	0	3	
73	186	0	0	0	3	
74	182	0	0	0	3	
75	179	0	0	0	3	
76	175	0	0	0	3	
77	169	0	0	0	3	
78	158	0	0	0	3	
79	153	0	0	0	3	
80	150	0	0	0	3	
81	144	0	0	0	3	
82	140	0	0	0	3	
83	129	0	0	0	3	
84	122	0	0	0	3	
85	114	0	0	0	3	
86	109	0	0	0	3	
87	105	0	0	0	3	
88	96	0	0	0	3	
89	94	0	0	0	3	
90	88	0	0	0	3	
91	86	0	0	0	3	
92	84	0	0	0	3	
93	82	0	0	0	3	
94	80	0	0	0	3	
95	75	0	0	0	3	
96	73	0	0	0	3	
97	71	0	0	0	3	
98	68	0	0	0	3	
99	66	0	0	0	3	
100	63	0	0	0	3	
101	59	0	0	0	3	
102	57	0	0	0	3	
103	52	0	0	0	3	
104	51	0	0	0	3	
105	48	0	0	0	3	
106	46	0	0	0	3	
107	46	0	0	0	3	
108	43	0	0	0	3	
109	35	0	0	0	3	
110	35	0	0	0	3	
111	32	0	0	0	3	
112	31	0	0	0	3	
113	28	0	0	0	3	
114	28	0	0	0	3	
115	27	0	0	0	3	
116	27	0	0	0	3	
117	27	0	0	0	3	
118	27	0	0	0	3	
119	26	0	0	0	3	
120	26	0	0	0	3	
121	24	0	0	0	3	
122	21	0	0	0	3	
123	20	0	0	0	3	
124	19	0	0	0	3	
125	18	0	0	0	3	
126	18	0	0	0	3	
127	18	0	0	0	3	
128	18	0	0	0	3	
129	17	0	0	0	3	
130	16	0	0	0	3	
131	13	0	0	0	3	
132	11	0	0	0	3	
133	11	0	0	0	3	
134	11	0	0	0	3	
135	11	0	0	0	3	
136	10	0	0	0	3	
137	10	0	0	0	3	
138	10	0	0	0	3	
139	10	0	0	0	3	
140	10	0	0	0	3	
141	10	0	0	0	3	
142	10	0	0	0	3	
143	10	0	0	0	3	
144	10	0	0	0	3	
145	10	0	0	0	3	
146	10	0	0	0	3	
147	10	0	0	0	3	
148	10	0	0	0	3	
149	9	0	0	0	3	
150	8	0	0	0	3	
151	8	0	0	0	3	
152	8	0	0	0	3	
153	8	0	0	0	3	
154	6	0	0	0	3	
155	6	0	0	0	3	
156	6	0	0	0	3	
157	6	0	0	0	3	
158	6	0	0	0	3	
159	4	0	0	0	3	
160	4	0	0	0	3	
161	4	0	0	0	3	
162	3	0	0	0	3	
163	3	0	0	0	3	
164	3	0	0	0	3	
165	3	0	0	0	3	
166	3	0	0	0	3	
167	3	0	0	0	3	
168	3	0	0	0	3	
169	3	0	0	0	3	
170	3	0	0	0	3	
171	3	0	0	0	3	
172	3	0	0	0	3	
173	2	0	0	0	3	
174	2	0	0	0	3	
175	2	0	0	0	3	
176	2	0	0	0	3	
177	2	0	0	0	3	
178	2	0	0	0	3	
179	2	0	0	0	3	
