0	0.00000
1	0.00000
2	0.00000
3	0.00000
4	0.00000
5	0.00000
6	0.00000
7	0.00000
8	0.00000
9	0.00000
10	0.00000
11	0.00000
12	0.00000
13	0.00000
14	0.00000
15	0.00000
16	0.00205
17	0.00196
18	0.00158
19	0.00141
20	0.00301
21	0.00314
22	0.00290
23	0.00310
24	0.00291
25	0.00550
26	0.00880
27	0.01468
28	0.00662
29	0.01227
30	0.01356
31	0.01268
32	0.01270
33	0.01124
34	0.01322
35	0.01222
36	0.01112
37	0.01162
38	0.01310
39	0.01368
40	0.01182
41	0.00995
42	0.00667
43	0.00661
44	0.00941
45	0.00748
46	0.00587
47	0.00510
48	0.00480
49	0.00484
50	0.00480
51	0.00449
52	0.00406
53	0.00379
54	0.00322
55	0.00194
56	0.00137
57	0.00139
58	0.00153
59	0.00164
60	0.00163
61	0.00102
62	0.00103
63	0.00105
64	0.00092
65	0.00090
66	0.00105
67	0.00096
68	0.00046
69	0.00050
70	0.00044
71	0.00045
72	0.00051
73	0.00000
74	0.00000
75	0.00000
76	0.00000
77	0.00000
78	0.00000
79	0.00000
80	0.00000
81	0.00000
82	0.00000
83	0.00000
84	0.00000
85	0.00000
86	0.00000
87	0.00000
88	0.00000
89	0.00000
90	0.00000
91	0.00000
92	0.00000
93	0.00000
94	0.00000
95	0.00000
96	0.00000
97	0.00000
98	0.00000
99	0.00000
100	0.00000
101	0.00000
102	0.00000
103	0.00000
104	0.00000
105	0.00000
106	0.00000
107	0.00000
108	0.00000
109	0.00000
110	0.00000
111	0.00000
112	0.00000
113	0.00000
114	0.00000
115	0.00000
116	0.00000
117	0.00000
118	0.00000
119	0.00000
120	0.00000
121	0.00000
122	0.00000
123	0.00000
124	0.00000
125	0.00000
126	0.00000
127	0.00000
128	0.00000
129	0.00000
130	0.00000
131	0.00000
132	0.00000
133	0.00000
134	0.00000
135	0.00000
136	0.00000
137	0.00000
138	0.00000
139	0.00000
140	0.00000
141	0.00000
142	0.00000
143	0.00000
144	0.00000
145	0.00000
146	0.00000
147	0.00000
148	0.00000
149	0.00000
150	0.00000
151	0.00000
152	0.00000
153	0.00000
154	0.00000
155	0.00000
156	0.00000
157	0.00000
158	0.00000
159	0.00000
160	0.00000
161	0.00000
162	0.00000
163	0.00000
164	0.00000
165	0.00000
166	0.00000
167	0.00000
168	0.00000
169	0.00000
170	0.00000
171	0.00000
172	0.00000
173	0.00000
174	0.00000
175	0.00000
176	0.00000
177	0.00000
178	0.00000
179	0.00000
