0	0.00200
1	0.00320
2	0.00400
3	0.00560
4	0.00780
5	0.01140
6	0.01720
7	0.02300
8	0.02960
9	0.03540
10	0.04240
11	0.05100
12	0.06080
13	0.07120
14	0.08380
15	0.09720
16	0.11120
17	0.13200
18	0.15300
19	0.17140
20	0.19240
21	0.21220
22	0.23400
23	0.25480
24	0.27780
25	0.29680
26	0.31520
27	0.33300
28	0.35020
29	0.36140
30	0.37100
31	0.38400
32	0.39280
33	0.40100
34	0.40640
35	0.41300
36	0.41640
37	0.42060
38	0.42260
39	0.42500
40	0.42640
41	0.42780
42	0.42960
43	0.43120
44	0.43160
45	0.43220
46	0.43240
47	0.43260
48	0.43280
49	0.43300
50	0.43300
51	0.43300
52	0.43300
53	0.43320
54	0.43320
55	0.43320
56	0.43320
57	0.43320
58	0.43320
59	0.43320
60	0.43320
61	0.43320
62	0.43320
63	0.43320
64	0.43320
65	0.43320
66	0.43320
67	0.43320
68	0.43320
69	0.43320
70	0.43320
71	0.43320
72	0.43320
73	0.43320
74	0.43320
75	0.43320
76	0.43320
77	0.43320
78	0.43320
79	0.43320
80	0.43320
81	0.43320
82	0.43320
83	0.43320
84	0.43320
85	0.43320
86	0.43320
87	0.43320
88	0.43320
89	0.43320
90	0.43320
91	0.43320
92	0.43320
93	0.43320
94	0.43320
95	0.43320
96	0.43320
97	0.43320
98	0.43320
99	0.43320
