0	0	0	0	0	0	
1	2997	0	0	0	0	
2	2995	0	0	0	0	
3	2990	0	0	0	0	
4	2983	0	0	0	0	
5	0	2974	0	0	0	
6	0	0	2961	0	0	
7	0	0	0	2946	0	
8	0	0	0	0	2938	
9	0	0	0	0	2937	
10	0	0	0	0	2933	
11	0	0	0	0	2933	
12	0	0	0	0	2931	
13	0	0	0	0	2930	
14	0	0	0	0	2925	
15	0	0	0	0	2923	
16	0	0	0	0	2922	
17	0	0	0	0	2916	
18	0	0	0	0	2911	
19	0	0	0	0	2909	
20	0	0	0	0	2905	
21	0	0	0	0	2900	
22	0	0	0	0	2891	
23	0	0	0	0	2883	
24	0	0	0	0	2874	
25	0	0	0	0	2870	
26	0	0	0	0	2863	
27	0	0	0	0	2857	
28	0	0	0	0	2852	
29	0	0	0	0	2851	
30	0	0	0	0	2849	
31	0	0	0	0	2844	
32	0	0	0	0	2844	
33	0	0	0	0	2841	
34	0	0	0	0	2839	
35	0	0	0	0	2838	
36	0	0	0	0	2837	
37	0	0	0	0	2836	
38	0	0	0	0	2834	
39	0	0	0	0	2834	
40	0	0	0	0	2834	
41	0	0	0	0	2834	
42	0	0	0	0	2834	
43	0	0	0	0	2834	
44	0	0	0	0	2834	
45	0	0	0	0	2834	
46	0	0	0	0	2834	
47	0	0	0	0	2833	
48	0	0	0	0	2833	
49	0	0	0	0	2833	
50	0	0	0	0	2833	
51	0	0	0	0	2833	
52	0	0	0	0	2833	
53	0	0	0	0	2833	
54	0	0	0	0	2833	
55	0	0	0	0	2833	
56	0	0	0	0	2833	
57	0	0	0	0	2833	
58	0	0	0	0	2833	
59	0	0	0	0	2833	
60	0	0	0	0	2833	
61	0	0	0	0	2833	
62	0	0	0	0	2833	
63	0	0	0	0	2833	
64	0	0	0	0	2833	
65	0	0	0	0	2833	
66	0	0	0	0	2833	
67	0	0	0	0	2833	
68	0	0	0	0	2833	
69	0	0	0	0	2833	
70	0	0	0	0	2833	
71	0	0	0	0	2833	
72	0	0	0	0	2833	
73	0	0	0	0	2833	
74	0	0	0	0	2833	
75	0	0	0	0	2833	
76	0	0	0	0	2833	
77	0	0	0	0	2833	
78	0	0	0	0	2833	
79	0	0	0	0	2833	
80	0	0	0	0	2833	
81	0	0	0	0	2833	
82	0	0	0	0	2833	
83	0	0	0	0	2833	
84	0	0	0	0	2833	
85	0	0	0	0	2833	
86	0	0	0	0	2833	
87	0	0	0	0	2833	
88	0	0	0	0	2833	
89	0	0	0	0	2833	
90	0	0	0	0	2833	
91	0	0	0	0	2833	
92	0	0	0	0	2833	
93	0	0	0	0	2833	
94	0	0	0	0	2833	
95	0	0	0	0	2833	
96	0	0	0	0	2833	
97	0	0	0	0	2833	
98	0	0	0	0	2833	
99	0	0	0	0	2833	
