0	0.00000
1	0.00000
2	0.00000
3	0.00000
4	0.00297
5	0.01773
6	0.04205
7	0.09797
8	0.14002
9	0.28902
10	0.31199
11	0.31612
12	0.30852
13	0.32755
14	0.31305
15	0.25350
16	0.23544
17	0.23060
18	0.23028
19	0.20060
20	0.20276
21	0.16956
22	0.15376
23	0.13966
24	0.12510
25	0.10703
26	0.09468
27	0.07825
28	0.05848
29	0.05986
30	0.04777
31	0.03969
32	0.03204
33	0.02790
34	0.01925
35	0.01718
36	0.01469
37	0.01151
38	0.00834
39	0.00525
40	0.00471
41	0.00364
42	0.00309
43	0.00271
44	0.00227
45	0.00166
46	0.00114
47	0.00100
48	0.00084
49	0.00069
50	0.00053
51	0.00041
52	0.00028
53	0.00026
54	0.00023
55	0.00023
56	0.00014
57	0.00013
58	0.00012
59	0.00013
60	0.00011
61	0.00010
62	0.00005
63	0.00004
64	0.00004
65	0.00000
66	0.00000
67	0.00000
68	0.00000
69	0.00000
70	0.00000
71	0.00000
72	0.00000
73	0.00000
74	0.00000
75	0.00000
76	0.00000
77	0.00000
78	0.00000
79	0.00000
80	0.00000
81	0.00000
82	0.00000
83	0.00000
84	0.00000
85	0.00000
86	0.00000
87	0.00000
88	0.00000
89	0.00000
90	0.00000
91	0.00000
92	0.00000
93	0.00000
94	0.00000
95	0.00000
96	0.00000
97	0.00000
98	0.00000
99	0.00000
100	0.00000
101	0.00000
102	0.00000
103	0.00000
104	0.00000
105	0.00000
106	0.00000
107	0.00000
108	0.00000
109	0.00000
110	0.00000
111	0.00000
112	0.00000
113	0.00000
114	0.00000
115	0.00000
116	0.00000
117	0.00000
118	0.00000
119	0.00000
120	0.00000
121	0.00000
122	0.00000
123	0.00000
124	0.00000
125	0.00000
126	0.00000
127	0.00000
128	0.00000
129	0.00000
130	0.00000
131	0.00000
132	0.00000
133	0.00000
134	0.00000
135	0.00000
136	0.00000
137	0.00000
138	0.00000
139	0.00000
140	0.00000
141	0.00000
142	0.00000
143	0.00000
144	0.00000
145	0.00000
146	0.00000
147	0.00000
148	0.00000
149	0.00000
150	0.00000
151	0.00000
152	0.00000
153	0.00000
154	0.00000
155	0.00000
156	0.00000
157	0.00000
158	0.00000
159	0.00000
160	0.00000
161	0.00000
162	0.00000
163	0.00000
164	0.00000
165	0.00000
166	0.00000
167	0.00000
168	0.00000
169	0.00000
170	0.00000
171	0.00000
172	0.00000
173	0.00000
174	0.00000
175	0.00000
176	0.00000
177	0.00000
178	0.00000
179	0.00000
