0	0.00000
1	0.00000
2	0.00000
3	0.00000
4	0.00000
5	0.00000
6	0.00000
7	0.00000
8	0.00000
9	0.00000
10	0.00000
11	0.00000
12	0.00000
13	0.00500
14	0.00000
15	0.00000
16	0.00000
17	0.00000
18	0.00000
19	0.00000
20	0.00000
21	0.00000
22	0.00000
23	0.00000
24	0.00000
25	0.00000
26	0.00000
27	0.00000
28	0.00500
29	0.00000
30	0.00000
31	0.00000
32	0.00000
33	0.00000
34	0.00500
35	0.00000
36	0.00500
37	0.00000
38	0.00000
39	0.00000
40	0.00000
41	0.00000
42	0.00000
43	0.00000
44	0.00000
45	0.00000
46	0.00000
47	0.00000
48	0.00000
49	0.00000
50	0.00500
51	0.00000
52	0.00000
53	0.00000
54	0.00000
55	0.00500
56	0.00000
57	0.00000
58	0.01000
59	0.00000
60	0.00500
61	0.00000
62	0.00000
63	0.00500
64	0.00000
65	0.00000
66	0.00500
67	0.01000
68	0.00500
69	0.00000
70	0.00000
71	0.00000
72	0.00000
73	0.00000
74	0.00000
75	0.00000
76	0.00000
77	0.00000
78	0.00000
79	0.00000
80	0.00000
81	0.00000
82	0.00000
83	0.00000
84	0.01000
85	0.00000
86	0.00000
87	0.00000
88	0.00000
89	0.00500
90	0.00000
91	0.00000
92	0.00000
93	0.00500
94	0.00000
95	0.00500
96	0.00000
97	0.00000
98	0.00000
99	0.00000
100	0.01000
101	0.00000
102	0.00500
103	0.00000
104	0.00000
105	0.00000
106	0.00500
107	0.00000
108	0.00000
109	0.00000
110	0.00500
111	0.00500
112	0.00000
113	0.00000
114	0.00000
115	0.00000
116	0.00500
117	0.00500
118	0.00500
119	0.00500
120	0.00000
121	0.00000
122	0.00000
123	0.00000
124	0.00000
125	0.00500
126	0.00000
127	0.00000
128	0.00000
129	0.01000
130	0.00000
131	0.00500
132	0.00000
133	0.00000
134	0.00000
135	0.00000
136	0.00000
137	0.00000
138	0.01000
139	0.00000
140	0.00500
141	0.00000
142	0.00500
143	0.00500
144	0.00000
145	0.00500
146	0.00000
147	0.00500
148	0.01000
149	0.00000
