0	0.00000
1	0.00000
2	0.00000
3	0.00000
4	0.00252
5	0.00540
6	0.01362
7	0.01362
8	0.02506
9	0.02633
10	0.03111
11	0.01695
12	0.01027
13	0.00858
14	0.00858
15	0.00000
16	0.00000
17	0.00000
18	0.00000
19	0.04364
20	0.04486
21	0.03991
22	0.03961
23	0.10125
24	0.11348
25	0.10129
26	0.14527
27	0.16871
28	0.17312
29	0.16037
30	0.13645
31	0.18405
32	0.22330
33	0.22024
34	0.17538
35	0.18587
36	0.23484
37	0.25709
38	0.24156
39	0.23358
40	0.19911
41	0.20889
42	0.25850
43	0.21923
44	0.22056
45	0.23677
46	0.22586
47	0.26129
48	0.26846
49	0.31102
50	0.32272
51	0.34376
52	0.29628
53	0.29529
54	0.26039
55	0.22973
56	0.21727
57	0.20114
58	0.20239
59	0.17358
60	0.18585
61	0.18186
62	0.16903
63	0.15863
64	0.14314
65	0.13600
66	0.13961
67	0.13062
68	0.14695
69	0.12869
70	0.13684
71	0.12670
72	0.12547
73	0.12573
74	0.12437
75	0.12638
76	0.12129
77	0.12173
78	0.11966
79	0.10242
80	0.09739
81	0.08924
82	0.09317
83	0.09693
84	0.09241
85	0.10983
86	0.09837
87	0.10147
88	0.09330
89	0.07890
90	0.08165
91	0.07427
92	0.06380
93	0.06624
94	0.05715
95	0.05935
96	0.06696
97	0.06517
98	0.06028
99	0.05565
100	0.05393
101	0.05358
102	0.05094
103	0.04360
104	0.04367
105	0.04098
106	0.03692
107	0.04785
108	0.04423
109	0.04040
110	0.03683
111	0.03274
112	0.03560
113	0.03531
114	0.03311
115	0.03323
116	0.03388
117	0.03389
118	0.03363
119	0.03456
120	0.03206
121	0.03085
122	0.02876
123	0.02595
124	0.02385
125	0.02791
126	0.02258
127	0.02730
128	0.02580
129	0.02705
130	0.02765
131	0.02830
132	0.02414
133	0.02332
134	0.02297
135	0.02152
136	0.02322
137	0.02225
138	0.02063
139	0.02059
140	0.01976
141	0.01861
142	0.01564
143	0.01447
144	0.01461
145	0.01478
146	0.01409
147	0.01732
148	0.01504
149	0.01370
150	0.01189
151	0.01062
152	0.00891
153	0.00974
154	0.00805
155	0.00790
156	0.00887
157	0.01201
158	0.01264
159	0.01264
160	0.01179
161	0.01101
162	0.01069
163	0.01167
164	0.00864
165	0.00796
166	0.00689
167	0.00524
168	0.00489
169	0.00331
170	0.00293
171	0.00396
172	0.00427
173	0.00528
174	0.00481
175	0.00391
176	0.00439
177	0.00453
178	0.00688
179	0.00652
180	0.00749
181	0.00834
182	0.00904
183	0.00868
184	0.00761
185	0.00660
186	0.00665
187	0.00519
188	0.00382
189	0.00327
190	0.00373
191	0.00400
192	0.00410
193	0.00335
194	0.00301
195	0.00220
196	0.00168
197	0.00107
198	0.00065
199	0.00057
200	0.00039
201	0.00019
202	0.00043
203	0.00158
204	0.00199
205	0.00169
206	0.00210
207	0.00178
208	0.00200
209	0.00174
210	0.00139
211	0.00167
212	0.00195
213	0.00147
214	0.00146
215	0.00239
216	0.00200
217	0.00103
218	0.00081
219	0.00067
220	0.00057
221	0.00050
222	0.00007
223	0.00000
224	0.00000
225	0.00000
226	0.00018
227	0.00018
228	0.00018
229	0.00044
230	0.00044
231	0.00054
232	0.00089
233	0.00073
234	0.00096
235	0.00093
236	0.00066
237	0.00066
238	0.00052
239	0.00038
240	0.00031
241	0.00008
242	0.00000
243	0.00008
244	0.00008
245	0.00008
246	0.00000
247	0.00000
248	0.00000
249	0.00000
250	0.00000
251	0.00000
252	0.00000
253	0.00000
254	0.00000
255	0.00000
256	0.00000
257	0.00000
258	0.00000
259	0.00000
260	0.00000
261	0.00000
262	0.00000
263	0.00000
264	0.00000
265	0.00000
266	0.00000
267	0.00000
268	0.00000
269	0.00000
270	0.00000
271	0.00000
272	0.00000
273	0.00000
274	0.00000
275	0.00000
276	0.00000
277	0.00000
278	0.00000
279	0.00000
280	0.00000
281	0.00000
282	0.00000
283	0.00000
284	0.00000
285	0.00000
286	0.00007
287	0.00007
288	0.00007
289	0.00000
290	0.00000
291	0.00000
292	0.00000
293	0.00010
294	0.00010
295	0.00009
296	0.00009
297	0.00009
298	0.00009
299	0.00000
300	0.00000
301	0.00000
302	0.00000
303	0.00000
304	0.00000
305	0.00000
306	0.00000
307	0.00000
308	0.00000
309	0.00000
310	0.00000
311	0.00000
312	0.00000
313	0.00000
314	0.00000
315	0.00000
316	0.00000
317	0.00000
318	0.00000
319	0.00000
320	0.00000
321	0.00000
322	0.00000
323	0.00000
324	0.00000
325	0.00000
326	0.00000
327	0.00000
328	0.00000
329	0.00000
330	0.00000
331	0.00000
332	0.00000
333	0.00000
334	0.00000
335	0.00000
336	0.00000
337	0.00000
338	0.00000
339	0.00000
340	0.00000
341	0.00000
342	0.00000
343	0.00000
344	0.00000
345	0.00000
346	0.00000
347	0.00000
348	0.00000
349	0.00000
350	0.00000
351	0.00000
352	0.00000
353	0.00000
354	0.00000
355	0.00000
356	0.00000
357	0.00000
358	0.00000
359	0.00000
360	0.00000
361	0.00000
362	0.00000
363	0.00000
364	0.00000
365	0.00000
366	0.00000
367	0.00000
368	0.00000
369	0.00000
370	0.00000
371	0.00000
372	0.00000
373	0.00000
374	0.00000
375	0.00000
376	0.00000
377	0.00000
378	0.00000
379	0.00000
380	0.00000
381	0.00000
382	0.00000
383	0.00000
384	0.00000
385	0.00000
386	0.00000
387	0.00000
388	0.00000
389	0.00000
390	0.00000
391	0.00000
392	0.00000
393	0.00000
394	0.00000
395	0.00000
396	0.00000
397	0.00000
398	0.00000
