0	0.00000
1	0.00000
2	0.00000
3	0.01394
4	0.02923
5	0.04246
6	0.04419
7	0.04783
8	0.08929
9	0.09493
10	0.08440
11	0.06669
12	0.05416
13	0.05193
14	0.04951
15	0.01421
16	0.03261
17	0.02872
18	0.02873
19	0.07981
20	0.08694
21	0.07850
22	0.08086
23	0.16190
24	0.19866
25	0.20390
26	0.24164
27	0.26463
28	0.26983
29	0.25096
30	0.21762
31	0.25808
32	0.29739
33	0.30677
34	0.30993
35	0.30680
36	0.33482
37	0.34543
38	0.32745
39	0.32958
40	0.27775
41	0.28156
42	0.34614
43	0.33370
44	0.33324
45	0.38336
46	0.37257
47	0.41516
48	0.39844
49	0.46274
50	0.45538
51	0.51064
52	0.41904
53	0.41936
54	0.39297
55	0.35537
56	0.33264
57	0.31704
58	0.30661
59	0.27974
60	0.28988
61	0.29120
62	0.27478
63	0.24721
64	0.22659
65	0.22770
66	0.22054
67	0.20687
68	0.22238
69	0.19495
70	0.19520
71	0.18569
72	0.18181
73	0.18283
74	0.18615
75	0.19042
76	0.18255
77	0.17848
78	0.17518
79	0.15831
80	0.14670
81	0.13644
82	0.13177
83	0.14260
84	0.13990
85	0.16057
86	0.14710
87	0.14867
88	0.13171
89	0.11542
90	0.11794
91	0.10404
92	0.09201
93	0.09333
94	0.08503
95	0.08562
96	0.09304
97	0.08638
98	0.08640
99	0.08073
100	0.07492
101	0.07428
102	0.06926
103	0.06436
104	0.06502
105	0.06188
106	0.05526
107	0.06704
108	0.06243
109	0.05722
110	0.05148
111	0.04776
112	0.05149
113	0.05203
114	0.04968
115	0.05071
116	0.05247
117	0.05392
118	0.05335
119	0.05111
120	0.04832
121	0.04620
122	0.04505
123	0.04197
124	0.03785
125	0.04176
126	0.03599
127	0.04269
128	0.04022
129	0.04059
130	0.04020
131	0.04056
132	0.03545
133	0.03563
134	0.03532
135	0.03563
136	0.03591
137	0.03500
138	0.03163
139	0.03099
140	0.02936
141	0.02740
142	0.02559
143	0.02393
144	0.02490
145	0.02393
146	0.02135
147	0.02442
148	0.02271
149	0.02009
150	0.01703
151	0.01534
152	0.01352
153	0.01577
154	0.01377
155	0.01455
156	0.01474
157	0.01807
158	0.01833
159	0.01849
160	0.01778
161	0.01793
162	0.01780
163	0.01865
164	0.01518
165	0.01375
166	0.01317
167	0.01104
168	0.00970
169	0.00794
170	0.00651
171	0.00809
172	0.00887
173	0.00992
174	0.00968
175	0.00855
176	0.00983
177	0.00990
178	0.01291
179	0.01274
180	0.01342
181	0.01368
182	0.01365
183	0.01381
184	0.01351
185	0.01133
186	0.01210
187	0.01002
188	0.00980
189	0.00913
190	0.00827
191	0.00907
192	0.00867
193	0.00728
194	0.00693
195	0.00561
196	0.00523
197	0.00417
198	0.00283
199	0.00264
200	0.00256
201	0.00229
202	0.00288
203	0.00465
204	0.00567
205	0.00521
206	0.00582
207	0.00524
208	0.00550
209	0.00532
210	0.00472
211	0.00510
212	0.00530
213	0.00481
214	0.00478
215	0.00530
216	0.00523
217	0.00411
218	0.00388
219	0.00338
220	0.00245
221	0.00276
222	0.00202
223	0.00158
224	0.00158
225	0.00097
226	0.00144
227	0.00146
228	0.00198
229	0.00225
230	0.00226
231	0.00239
232	0.00270
233	0.00256
234	0.00276
235	0.00328
236	0.00245
237	0.00246
238	0.00222
239	0.00199
240	0.00201
241	0.00183
242	0.00064
243	0.00117
244	0.00117
245	0.00117
246	0.00094
247	0.00057
248	0.00097
249	0.00097
250	0.00041
251	0.00041
252	0.00041
253	0.00041
254	0.00041
255	0.00000
256	0.00000
257	0.00059
258	0.00059
259	0.00118
260	0.00118
261	0.00118
262	0.00119
263	0.00119
264	0.00082
265	0.00079
266	0.00022
267	0.00022
268	0.00022
269	0.00022
270	0.00022
271	0.00000
272	0.00000
273	0.00000
274	0.00000
275	0.00000
276	0.00000
277	0.00000
278	0.00000
279	0.00045
280	0.00045
281	0.00045
282	0.00111
283	0.00111
284	0.00111
285	0.00111
286	0.00128
287	0.00128
288	0.00128
289	0.00062
290	0.00062
291	0.00063
292	0.00103
293	0.00087
294	0.00087
295	0.00113
296	0.00113
297	0.00113
298	0.00113
299	0.00118
300	0.00085
301	0.00085
302	0.00059
303	0.00059
304	0.00059
305	0.00059
306	0.00000
307	0.00000
308	0.00000
309	0.00000
310	0.00000
311	0.00000
312	0.00000
313	0.00040
314	0.00041
315	0.00041
316	0.00075
317	0.00075
318	0.00075
319	0.00075
320	0.00034
321	0.00057
322	0.00057
323	0.00023
324	0.00023
325	0.00065
326	0.00065
327	0.00065
328	0.00042
329	0.00042
330	0.00042
331	0.00042
332	0.00002
333	0.00002
334	0.00002
335	0.00002
336	0.00002
337	0.00002
338	0.00002
339	0.00000
340	0.00000
341	0.00000
342	0.00000
343	0.00000
344	0.00000
345	0.00038
346	0.00075
347	0.00075
348	0.00075
349	0.00075
350	0.00075
351	0.00075
352	0.00037
353	0.00000
354	0.00000
355	0.00000
356	0.00000
357	0.00000
358	0.00000
359	0.00000
360	0.00000
361	0.00000
362	0.00000
363	0.00000
364	0.00000
365	0.00000
366	0.00000
367	0.00000
368	0.00000
369	0.00000
370	0.00000
371	0.00000
372	0.00000
373	0.00000
374	0.00000
375	0.00000
376	0.00000
377	0.00000
378	0.00000
379	0.00000
380	0.00000
381	0.00000
382	0.00000
383	0.00000
384	0.00000
385	0.00000
386	0.00000
387	0.00000
388	0.00000
389	0.00000
390	0.00000
391	0.00000
392	0.00000
393	0.00000
394	0.00000
395	0.00000
396	0.00000
397	0.00000
398	0.00000
