0	0	0	0	0	0	
1	1000	0	0	0	0	
2	995	0	0	0	0	
3	994	0	0	0	0	
4	992	0	0	0	0	
5	985	0	0	0	0	
6	982	0	0	0	0	
7	981	0	0	0	0	
8	978	0	0	0	0	
9	975	0	0	0	0	
10	961	0	0	0	0	
11	956	0	0	0	0	
12	946	0	0	0	0	
13	942	0	0	0	0	
14	934	0	0	0	0	
15	918	0	0	0	0	
16	904	0	0	0	0	
17	882	0	0	0	0	
18	864	0	0	0	0	
19	839	0	0	0	0	
20	823	0	0	0	0	
21	786	0	0	0	0	
22	748	0	0	0	0	
23	719	0	0	0	0	
24	674	0	0	0	0	
25	626	0	0	0	0	
26	582	0	0	0	0	
27	543	0	0	0	0	
28	509	0	0	0	0	
29	462	0	0	0	0	
30	418	0	0	0	0	
31	363	0	0	0	0	
32	317	0	0	0	0	
33	271	0	0	0	0	
34	236	0	0	0	0	
35	209	0	0	0	0	
36	180	0	0	0	0	
37	156	0	0	0	0	
38	127	0	0	0	0	
39	107	0	0	0	0	
40	83	0	0	0	0	
41	66	0	0	0	0	
42	57	0	0	0	0	
43	49	0	0	0	0	
44	38	0	0	0	0	
45	33	0	0	0	0	
46	27	0	0	0	0	
47	22	0	0	0	0	
48	16	0	0	0	0	
49	13	0	0	0	0	
50	11	0	0	0	0	
51	10	0	0	0	0	
52	8	0	0	0	0	
53	7	0	0	0	0	
54	7	0	0	0	0	
55	6	0	0	0	0	
56	5	0	0	0	0	
57	4	0	0	0	0	
58	3	0	0	0	0	
59	3	0	0	0	0	
60	3	0	0	0	0	
61	3	0	0	0	0	
62	3	0	0	0	0	
63	3	0	0	0	0	
64	3	0	0	0	0	
65	3	0	0	0	0	
66	3	0	0	0	0	
67	3	0	0	0	0	
68	3	0	0	0	0	
69	3	0	0	0	0	
70	3	0	0	0	0	
71	3	0	0	0	0	
72	3	0	0	0	0	
73	3	0	0	0	0	
74	3	0	0	0	0	
75	3	0	0	0	0	
76	3	0	0	0	0	
77	3	0	0	0	0	
78	3	0	0	0	0	
79	3	0	0	0	0	
80	2	0	0	0	0	
81	2	0	0	0	0	
82	2	0	0	0	0	
83	2	0	0	0	0	
84	2	0	0	0	0	
85	2	0	0	0	0	
86	2	0	0	0	0	
87	2	0	0	0	0	
88	2	0	0	0	0	
89	2	0	0	0	0	
90	2	0	0	0	0	
91	2	0	0	0	0	
92	2	0	0	0	0	
93	2	0	0	0	0	
94	2	0	0	0	0	
95	2	0	0	0	0	
96	2	0	0	0	0	
97	2	0	0	0	0	
98	2	0	0	0	0	
99	2	0	0	0	0	
