0	0.00000
1	0.00000
2	0.00000
3	0.00000
4	0.00000
5	0.00000
6	0.00000
7	0.00000
8	0.00000
9	0.00000
10	0.00000
11	0.00000
12	0.00000
13	0.00169
14	0.00370
15	0.00345
16	0.00508
17	0.00412
18	0.01061
19	0.01006
20	0.01036
21	0.02222
22	0.03049
23	0.02487
24	0.03364
25	0.03314
26	0.03206
27	0.03303
28	0.03072
29	0.02827
30	0.03476
31	0.03070
32	0.02731
33	0.02669
34	0.03205
35	0.02831
36	0.02889
37	0.03053
38	0.02706
39	0.02911
40	0.02396
41	0.02256
42	0.02332
43	0.02172
44	0.02221
45	0.02253
46	0.01937
47	0.01733
48	0.01610
49	0.01430
50	0.01428
51	0.01388
52	0.01320
53	0.01316
54	0.01240
55	0.01147
56	0.01004
57	0.00894
58	0.00706
59	0.00689
60	0.00723
61	0.00560
62	0.00584
63	0.00575
64	0.00559
65	0.00427
66	0.00359
67	0.00343
68	0.00268
69	0.00266
70	0.00231
71	0.00151
72	0.00154
73	0.00168
74	0.00123
75	0.00175
76	0.00118
77	0.00079
78	0.00081
79	0.00038
80	0.00042
81	0.00045
82	0.00041
83	0.00038
84	0.00036
85	0.00034
86	0.00031
87	0.00033
88	0.00032
89	0.00035
90	0.00033
91	0.00033
92	0.00000
93	0.00000
94	0.00000
95	0.00000
96	0.00000
97	0.00000
98	0.00000
99	0.00000
100	0.00000
101	0.00000
102	0.00000
103	0.00000
104	0.00000
105	0.00000
106	0.00000
107	0.00000
108	0.00000
109	0.00000
110	0.00000
111	0.00000
112	0.00000
113	0.00000
114	0.00000
115	0.00000
116	0.00000
117	0.00000
118	0.00000
119	0.00000
120	0.00000
121	0.00000
122	0.00000
123	0.00000
124	0.00000
125	0.00000
126	0.00000
127	0.00000
128	0.00000
129	0.00000
130	0.00000
131	0.00000
132	0.00000
133	0.00000
134	0.00000
135	0.00000
136	0.00000
137	0.00000
138	0.00000
139	0.00000
140	0.00000
141	0.00000
142	0.00000
143	0.00000
144	0.00000
145	0.00000
146	0.00000
147	0.00000
148	0.00000
149	0.00000
150	0.00000
151	0.00000
152	0.00000
153	0.00000
154	0.00000
155	0.00000
156	0.00000
157	0.00000
158	0.00000
159	0.00000
160	0.00000
161	0.00000
162	0.00000
163	0.00000
164	0.00000
165	0.00000
166	0.00000
167	0.00000
168	0.00000
169	0.00000
170	0.00000
171	0.00000
172	0.00000
173	0.00000
174	0.00000
175	0.00000
176	0.00000
177	0.00000
178	0.00000
179	0.00000
