0	0.00500
1	0.00600
2	0.00750
3	0.00800
4	0.00800
5	0.00800
6	0.00800
7	0.01000
8	0.01050
9	0.01250
10	0.01400
11	0.01600
12	0.01750
13	0.01950
14	0.02050
15	0.02100
16	0.02450
17	0.02550
18	0.02750
19	0.03300
20	0.03650
21	0.03700
22	0.04100
23	0.04400
24	0.04850
25	0.05450
26	0.06100
27	0.06450
28	0.06900
29	0.07400
30	0.07800
31	0.08350
32	0.09150
33	0.09700
34	0.10550
35	0.11500
36	0.12100
37	0.13100
38	0.13950
39	0.14900
40	0.16350
41	0.17700
42	0.19000
43	0.20550
44	0.21900
45	0.23300
46	0.24400
47	0.25750
48	0.27200
49	0.29000
50	0.30650
51	0.32250
52	0.33900
53	0.35550
54	0.36750
55	0.37850
56	0.39700
57	0.41100
58	0.42950
59	0.44550
60	0.45850
61	0.47450
62	0.48600
63	0.49850
64	0.51000
65	0.52100
66	0.53350
67	0.54750
68	0.55900
69	0.57150
70	0.58450
71	0.59950
72	0.61350
73	0.62950
74	0.64050
75	0.65050
76	0.66450
77	0.67300
78	0.68500
79	0.69700
80	0.70850
81	0.71800
82	0.73000
83	0.73950
84	0.74950
85	0.76100
86	0.76850
87	0.77650
88	0.78350
89	0.79250
90	0.80100
91	0.80950
92	0.81600
93	0.82100
94	0.82750
95	0.83250
96	0.83650
97	0.84400
98	0.84950
99	0.85500
100	0.86100
101	0.86650
102	0.87100
103	0.87450
104	0.88000
105	0.88700
106	0.89100
107	0.89200
108	0.89650
109	0.90050
110	0.90400
111	0.90850
112	0.91000
113	0.91350
114	0.91550
115	0.91750
116	0.91950
117	0.92500
118	0.92650
119	0.92750
120	0.93150
121	0.93200
122	0.93500
123	0.93700
124	0.93900
125	0.94250
126	0.94400
127	0.94550
128	0.94800
129	0.94850
130	0.94850
131	0.95000
132	0.95150
133	0.95150
134	0.95350
135	0.95550
136	0.95750
137	0.96000
138	0.96100
139	0.96150
140	0.96350
141	0.96500
142	0.96650
143	0.96800
144	0.96850
145	0.96900
146	0.97000
147	0.97000
148	0.97050
149	0.97100
150	0.97250
151	0.97350
152	0.97400
153	0.97500
154	0.97500
155	0.97550
156	0.97650
157	0.97650
158	0.97750
159	0.97750
160	0.97900
161	0.97900
162	0.97950
163	0.97950
164	0.98000
165	0.98050
166	0.98100
167	0.98100
168	0.98100
169	0.98150
170	0.98150
171	0.98150
172	0.98150
173	0.98200
174	0.98200
175	0.98200
176	0.98200
177	0.98200
178	0.98200
179	0.98200
