0	0.00000
1	0.00150
2	0.00200
3	0.00200
4	0.00250
5	0.00150
6	0.00550
7	0.00450
8	0.00300
9	0.00400
10	0.00400
11	0.00350
12	0.00250
13	0.00350
14	0.00400
15	0.00700
16	0.00500
17	0.00550
18	0.00850
19	0.00400
20	0.00700
21	0.00950
22	0.01000
23	0.01150
24	0.00950
25	0.01100
26	0.00800
27	0.01500
28	0.01050
29	0.01450
30	0.01100
31	0.01000
32	0.01750
33	0.01650
34	0.01300
35	0.01400
36	0.01600
37	0.01800
38	0.01300
39	0.01400
40	0.01150
41	0.01050
42	0.01150
43	0.00850
44	0.01200
45	0.01350
46	0.01200
47	0.00500
48	0.01100
49	0.01050
50	0.00900
51	0.01000
52	0.00550
53	0.00900
54	0.00850
55	0.00550
56	0.00350
57	0.00500
58	0.00200
59	0.00500
60	0.00300
61	0.00250
62	0.00250
63	0.00300
64	0.00150
65	0.00050
66	0.00300
67	0.00150
68	0.00250
69	0.00300
70	0.00100
71	0.00100
72	0.00000
73	0.00150
74	0.00100
75	0.00050
76	0.00100
77	0.00150
78	0.00050
79	0.00050
80	0.00000
81	0.00050
82	0.00050
83	0.00000
84	0.00000
85	0.00000
86	0.00050
87	0.00050
88	0.00000
89	0.00100
90	0.00000
91	0.00000
92	0.00000
93	0.00050
94	0.00000
95	0.00000
96	0.00000
97	0.00000
98	0.00000
99	0.00000
