0	0.00500
1	0.00600
2	0.00700
3	0.01000
4	0.01150
5	0.01500
6	0.01950
7	0.02400
8	0.02650
9	0.03150
10	0.03500
11	0.04000
12	0.04750
13	0.05800
14	0.06950
15	0.07800
16	0.08700
17	0.10400
18	0.12100
19	0.13800
20	0.15950
21	0.18300
22	0.20500
23	0.22850
24	0.24900
25	0.28250
26	0.30900
27	0.34000
28	0.37650
29	0.40900
30	0.43900
31	0.47200
32	0.50100
33	0.52300
34	0.55150
35	0.58150
36	0.60050
37	0.61700
38	0.63400
39	0.64800
40	0.66500
41	0.67650
42	0.68800
43	0.70050
44	0.70500
45	0.71050
46	0.71750
47	0.72100
48	0.72700
49	0.73050
50	0.73550
51	0.73800
52	0.74050
53	0.74550
54	0.74650
55	0.74800
56	0.75050
57	0.75150
58	0.75350
59	0.75400
60	0.75500
61	0.75650
62	0.75750
63	0.75850
64	0.75850
65	0.75900
66	0.75950
67	0.76050
68	0.76050
69	0.76050
70	0.76050
71	0.76050
72	0.76050
73	0.76050
74	0.76050
75	0.76050
76	0.76150
77	0.76150
78	0.76200
79	0.76200
80	0.76200
81	0.76200
82	0.76200
83	0.76250
84	0.76250
85	0.76250
86	0.76250
87	0.76250
88	0.76250
89	0.76250
90	0.76250
91	0.76250
92	0.76250
93	0.76250
94	0.76250
95	0.76250
96	0.76250
97	0.76250
98	0.76250
99	0.76250
100	0.76250
101	0.76250
102	0.76250
103	0.76250
104	0.76250
105	0.76250
106	0.76250
107	0.76250
108	0.76250
109	0.76250
110	0.76250
111	0.76250
112	0.76250
113	0.76250
114	0.76250
115	0.76250
116	0.76250
117	0.76250
118	0.76250
119	0.76250
120	0.76250
121	0.76250
122	0.76250
123	0.76250
124	0.76250
125	0.76250
126	0.76250
127	0.76250
128	0.76250
129	0.76250
130	0.76250
131	0.76250
132	0.76250
133	0.76250
134	0.76250
135	0.76250
136	0.76250
137	0.76250
138	0.76250
139	0.76250
140	0.76250
141	0.76250
142	0.76250
143	0.76250
144	0.76250
145	0.76250
146	0.76250
147	0.76250
148	0.76250
149	0.76250
150	0.76250
151	0.76250
152	0.76250
153	0.76250
154	0.76250
155	0.76250
156	0.76250
157	0.76250
158	0.76250
159	0.76250
160	0.76250
161	0.76250
162	0.76250
163	0.76250
164	0.76250
165	0.76250
166	0.76250
167	0.76250
168	0.76250
169	0.76250
170	0.76250
171	0.76250
172	0.76250
173	0.76250
174	0.76250
175	0.76250
176	0.76250
177	0.76250
178	0.76250
179	0.76250
