0	0.00000
1	0.00050
2	0.00200
3	0.00150
4	0.00050
5	0.00100
6	0.00050
7	0.00100
8	0.00200
9	0.00150
10	0.00250
11	0.00400
12	0.00250
13	0.00450
14	0.00200
15	0.00250
16	0.00300
17	0.00350
18	0.00500
19	0.00450
20	0.00600
21	0.00400
22	0.00600
23	0.00450
24	0.00500
25	0.00800
26	0.00550
27	0.00900
28	0.00900
29	0.00750
30	0.00800
31	0.00700
32	0.00900
33	0.01200
34	0.01150
35	0.01100
36	0.01000
37	0.01350
38	0.01150
39	0.00950
40	0.01100
41	0.01550
42	0.01700
43	0.01700
44	0.01600
45	0.01150
46	0.01700
47	0.01400
48	0.01750
49	0.01900
50	0.01750
51	0.02050
52	0.01800
53	0.01900
54	0.01750
55	0.01300
56	0.01900
57	0.02000
58	0.01950
59	0.01250
60	0.01300
61	0.01450
62	0.02450
63	0.01300
64	0.01550
65	0.01850
66	0.01250
67	0.01000
68	0.00800
69	0.01000
70	0.01250
71	0.01300
72	0.00600
73	0.01250
74	0.00650
75	0.01050
76	0.00650
77	0.00900
78	0.00650
79	0.00900
80	0.00850
81	0.00500
82	0.00750
83	0.00800
84	0.00900
85	0.00850
86	0.00850
87	0.00650
88	0.00800
89	0.00650
90	0.00350
91	0.00350
92	0.00350
93	0.00650
94	0.00600
95	0.00450
96	0.00250
97	0.00300
98	0.00800
99	0.00700
100	0.00300
101	0.00400
102	0.00350
103	0.00250
104	0.00100
105	0.00400
106	0.00400
107	0.00100
108	0.00450
109	0.00200
110	0.00150
111	0.00100
112	0.00100
113	0.00300
114	0.00050
115	0.00300
116	0.00400
117	0.00250
118	0.00150
119	0.00100
120	0.00150
121	0.00450
122	0.00150
123	0.00150
124	0.00150
125	0.00100
126	0.00100
127	0.00200
128	0.00000
129	0.00000
130	0.00050
131	0.00100
132	0.00000
133	0.00100
134	0.00150
135	0.00150
136	0.00050
137	0.00150
138	0.00200
139	0.00100
140	0.00100
141	0.00100
142	0.00000
143	0.00100
144	0.00050
145	0.00000
146	0.00000
147	0.00000
148	0.00000
149	0.00050
150	0.00000
151	0.00100
152	0.00000
153	0.00000
154	0.00050
155	0.00050
156	0.00000
157	0.00150
158	0.00000
159	0.00000
160	0.00000
161	0.00000
162	0.00000
163	0.00050
164	0.00000
165	0.00000
166	0.00000
167	0.00100
168	0.00050
169	0.00000
170	0.00000
171	0.00000
172	0.00050
173	0.00050
174	0.00000
175	0.00050
176	0.00000
177	0.00000
178	0.00000
179	0.00050
