0	0.00500
1	0.00550
2	0.00750
3	0.00900
4	0.00950
5	0.01050
6	0.01100
7	0.01200
8	0.01400
9	0.01550
10	0.01800
11	0.02200
12	0.02450
13	0.02900
14	0.03100
15	0.03350
16	0.03650
17	0.04000
18	0.04500
19	0.04950
20	0.05550
21	0.05950
22	0.06550
23	0.07000
24	0.07500
25	0.08300
26	0.08850
27	0.09750
28	0.10650
29	0.11400
30	0.12200
31	0.12900
32	0.13800
33	0.15000
34	0.16150
35	0.17250
36	0.18250
37	0.19600
38	0.20750
39	0.21700
40	0.22800
41	0.24350
42	0.26050
43	0.27750
44	0.29350
45	0.30500
46	0.32200
47	0.33600
48	0.35350
49	0.37250
50	0.39000
51	0.41050
52	0.42850
53	0.44750
54	0.46500
55	0.47800
56	0.49700
57	0.51700
58	0.53650
59	0.54900
60	0.56200
61	0.57650
62	0.60100
63	0.61400
64	0.62950
65	0.64800
66	0.66050
67	0.67050
68	0.67850
69	0.68850
70	0.70100
71	0.71400
72	0.72000
73	0.73250
74	0.73900
75	0.74950
76	0.75600
77	0.76500
78	0.77150
79	0.78050
80	0.78900
81	0.79400
82	0.80150
83	0.80950
84	0.81850
85	0.82700
86	0.83550
87	0.84200
88	0.85000
89	0.85650
90	0.86000
91	0.86350
92	0.86700
93	0.87350
94	0.87950
95	0.88400
96	0.88650
97	0.88950
98	0.89750
99	0.90450
100	0.90750
101	0.91150
102	0.91500
103	0.91750
104	0.91850
105	0.92250
106	0.92650
107	0.92750
108	0.93200
109	0.93400
110	0.93550
111	0.93650
112	0.93750
113	0.94050
114	0.94100
115	0.94400
116	0.94800
117	0.95050
118	0.95200
119	0.95300
120	0.95450
121	0.95900
122	0.96050
123	0.96200
124	0.96350
125	0.96450
126	0.96550
127	0.96750
128	0.96750
129	0.96750
130	0.96800
131	0.96900
132	0.96900
133	0.97000
134	0.97150
135	0.97300
136	0.97350
137	0.97500
138	0.97700
139	0.97800
140	0.97900
141	0.98000
142	0.98000
143	0.98100
144	0.98150
145	0.98150
146	0.98150
147	0.98150
148	0.98150
149	0.98200
150	0.98200
151	0.98300
152	0.98300
153	0.98300
154	0.98350
155	0.98400
156	0.98400
157	0.98550
158	0.98550
159	0.98550
160	0.98550
161	0.98550
162	0.98550
163	0.98600
164	0.98600
165	0.98600
166	0.98600
167	0.98700
168	0.98750
169	0.98750
170	0.98750
171	0.98750
172	0.98800
173	0.98850
174	0.98850
175	0.98900
176	0.98900
177	0.98900
178	0.98900
179	0.98950
