0	0.00000
1	0.00000
2	0.00000
3	0.64513
4	0.73595
5	1.03046
6	1.16682
7	1.31202
8	1.46269
9	1.55964
10	1.61705
11	1.83347
12	1.97732
13	2.03967
14	2.03629
15	1.95675
16	1.89512
17	1.82482
18	1.69094
19	1.55567
20	1.43061
21	1.30609
22	1.19163
23	1.09793
24	1.02256
25	0.94346
26	0.87921
27	0.81931
28	0.76680
29	0.72023
30	0.67989
31	0.64076
32	0.60939
33	0.57586
34	0.54901
35	0.52318
36	0.50218
37	0.48150
38	0.46212
39	0.44345
40	0.43050
41	0.41195
42	0.39700
43	0.38479
44	0.37362
45	0.36144
46	0.35006
47	0.34141
48	0.33130
49	0.32148
50	0.31323
51	0.30437
52	0.29715
53	0.28918
54	0.28281
55	0.27604
56	0.26996
57	0.26394
58	0.25732
59	0.25255
60	0.24748
61	0.24195
62	0.23762
63	0.23288
64	0.22728
65	0.22286
66	0.21978
67	0.21549
68	0.21002
69	0.20677
70	0.20457
71	0.20048
72	0.19733
73	0.19416
74	0.19163
75	0.18888
76	0.18569
77	0.18203
78	0.17952
79	0.17779
80	0.17395
81	0.17209
82	0.16993
83	0.16750
84	0.16494
85	0.16478
86	0.16314
87	0.16202
88	0.15957
89	0.15695
90	0.15606
91	0.15237
92	0.15085
93	0.14968
94	0.14693
95	0.14510
96	0.14319
97	0.14066
98	0.13991
99	0.13923
100	0.13747
101	0.13598
102	0.13464
103	0.13305
104	0.13189
105	0.13012
106	0.12881
107	0.12780
108	0.12660
109	0.12526
110	0.12420
111	0.12285
112	0.12205
113	0.12108
114	0.11964
115	0.11699
116	0.11636
117	0.11529
118	0.11491
119	0.11365
120	0.11266
121	0.11169
122	0.11135
123	0.10976
124	0.10865
125	0.10750
126	0.10695
127	0.10618
128	0.10509
129	0.10463
130	0.10345
131	0.10254
132	0.10111
133	0.10075
134	0.10038
135	0.09933
136	0.09801
137	0.09788
138	0.09721
139	0.09699
140	0.09622
141	0.09566
142	0.09461
143	0.09584
144	0.09518
145	0.09440
146	0.09349
147	0.09293
148	0.09185
149	0.09141
150	0.09011
151	0.08923
152	0.08864
153	0.08805
154	0.08723
155	0.08723
156	0.08701
157	0.08688
158	0.08627
159	0.08615
160	0.08596
161	0.08507
162	0.08450
163	0.08410
164	0.08286
165	0.08198
166	0.08151
167	0.08117
168	0.08111
169	0.08022
170	0.07961
171	0.07917
172	0.07908
173	0.07894
174	0.07869
175	0.07777
176	0.07777
177	0.07753
178	0.07746
179	0.07693
180	0.07590
181	0.07516
182	0.07369
183	0.07357
184	0.07324
185	0.07292
186	0.07256
187	0.07228
188	0.07199
189	0.07170
190	0.07126
191	0.07059
192	0.07034
193	0.06939
194	0.06939
195	0.06939
196	0.06911
197	0.06879
198	0.06827
199	0.06827
