0	0.00000
1	0.00000
2	0.00000
3	0.15476
4	0.32768
5	0.70886
6	1.05808
7	1.25373
8	1.39622
9	1.51207
10	1.57816
11	1.80717
12	1.97744
13	2.00015
14	2.01305
15	1.94260
16	1.86451
17	1.82076
18	1.71401
19	1.54158
20	1.41450
21	1.30066
22	1.19408
23	1.10977
24	1.02511
25	0.95671
26	0.88732
27	0.83309
28	0.78424
29	0.74314
30	0.67834
31	0.64422
32	0.61685
33	0.58681
34	0.56033
35	0.53177
36	0.51266
37	0.48605
38	0.46827
39	0.45194
40	0.43959
41	0.42362
42	0.40638
43	0.39585
44	0.38526
45	0.37443
46	0.36422
47	0.35259
48	0.34309
49	0.33487
50	0.32683
51	0.31843
52	0.31243
53	0.30489
54	0.29903
55	0.28211
56	0.27623
57	0.27114
58	0.26498
59	0.26047
60	0.25615
61	0.25104
62	0.24649
63	0.24244
64	0.23807
65	0.23418
66	0.23105
67	0.22531
68	0.22004
69	0.21699
70	0.21490
71	0.21125
72	0.20788
73	0.20535
74	0.20264
75	0.20013
76	0.19687
77	0.19383
78	0.19121
79	0.18686
80	0.18577
81	0.18451
82	0.18241
83	0.18009
84	0.17740
85	0.17382
86	0.17180
87	0.17073
88	0.16847
89	0.16591
90	0.16456
91	0.16165
92	0.15993
93	0.15900
94	0.15607
95	0.15369
96	0.15197
97	0.15024
98	0.14951
99	0.14878
100	0.14674
101	0.14561
102	0.14399
103	0.14244
104	0.14126
105	0.13984
106	0.13867
107	0.13760
108	0.13654
109	0.13563
110	0.13389
111	0.13246
112	0.13185
113	0.13112
114	0.12952
115	0.12721
116	0.12689
117	0.12558
118	0.12519
119	0.12390
120	0.12279
121	0.12222
122	0.12150
123	0.12008
124	0.11885
125	0.11783
126	0.11725
127	0.11651
128	0.11528
129	0.11473
130	0.11347
131	0.11274
132	0.11173
133	0.11132
134	0.11101
135	0.11008
136	0.10894
137	0.10872
138	0.10832
139	0.10817
140	0.10705
141	0.10654
142	0.10507
143	0.10085
144	0.10023
145	0.09967
146	0.09857
147	0.09803
148	0.09704
149	0.09648
150	0.09545
151	0.09468
152	0.09434
153	0.09401
154	0.09328
155	0.09328
156	0.09288
157	0.09266
158	0.09205
159	0.09182
160	0.09164
161	0.09111
162	0.09048
163	0.09019
164	0.08880
165	0.08785
166	0.08735
167	0.08722
168	0.08703
169	0.08630
170	0.08577
171	0.08511
172	0.08489
173	0.08470
174	0.08461
175	0.08355
176	0.08355
177	0.08341
178	0.08324
179	0.08271
180	0.08199
181	0.08156
182	0.07983
183	0.07962
184	0.07949
185	0.07916
186	0.07885
187	0.07854
188	0.07818
189	0.07772
190	0.07727
191	0.07665
192	0.07634
193	0.07573
194	0.07573
195	0.07573
196	0.07536
197	0.07495
198	0.07430
199	0.07430
