0	0	0	0	0	0	
1	747	0	0	0	0	
2	727	0	0	0	0	
3	652	31	0	0	0	
4	9	535	23	0	0	
5	6	20	376	17	0	
6	4	11	150	128	9	
7	0	7	126	98	30	
8	0	7	121	98	30	
9	0	7	119	97	30	
10	0	7	119	97	30	
11	0	7	119	97	30	
12	0	7	119	97	30	
13	0	7	119	97	30	
14	0	7	119	97	30	
15	0	7	119	97	30	
16	0	7	119	97	30	
17	0	7	119	97	30	
18	0	7	119	97	30	
19	0	7	119	97	30	
20	0	7	119	97	30	
21	0	7	119	97	30	
22	0	7	119	97	30	
23	0	7	119	97	30	
24	0	7	119	97	30	
25	0	7	119	97	30	
26	0	7	119	97	30	
27	0	7	119	97	30	
28	0	7	119	97	30	
29	0	7	119	97	30	
30	0	7	119	97	30	
31	0	7	119	97	30	
32	0	7	119	97	30	
33	0	7	119	97	30	
34	0	7	119	97	30	
35	0	7	119	97	30	
36	0	7	119	97	30	
37	0	7	119	97	30	
38	0	7	119	97	30	
39	0	7	119	97	30	
40	0	7	119	97	30	
41	0	7	119	97	30	
42	0	7	119	97	30	
43	0	7	119	97	30	
44	0	7	119	97	30	
45	0	7	119	97	30	
46	0	7	119	97	30	
47	0	7	119	97	30	
48	0	7	119	97	30	
49	0	7	119	97	30	
50	0	7	119	97	30	
51	0	7	119	97	30	
52	0	7	119	97	30	
53	0	7	119	97	30	
54	0	7	119	97	30	
55	0	7	119	97	30	
56	0	7	119	97	30	
57	0	7	119	97	30	
58	0	7	119	97	30	
59	0	7	119	97	30	
60	0	7	119	97	30	
61	0	7	119	97	30	
62	0	7	119	97	30	
63	0	7	119	97	30	
64	0	7	119	97	30	
65	0	7	119	97	30	
66	0	7	119	97	30	
67	0	7	119	97	30	
68	0	7	119	97	30	
69	0	7	119	97	30	
70	0	7	119	97	30	
71	0	7	119	97	30	
72	0	7	119	97	30	
73	0	7	119	97	30	
74	0	7	119	97	30	
75	0	7	119	97	30	
76	0	7	119	97	30	
77	0	7	119	97	30	
78	0	7	119	97	30	
79	0	7	119	97	30	
80	0	7	119	97	30	
81	0	7	119	97	30	
82	0	7	119	97	30	
83	0	7	119	97	30	
84	0	7	119	97	30	
85	0	7	119	97	30	
86	0	7	119	97	30	
87	0	7	119	97	30	
88	0	7	119	97	30	
89	0	7	119	97	30	
90	0	7	119	97	30	
91	0	7	119	97	30	
92	0	7	119	97	30	
93	0	7	119	97	30	
94	0	7	119	97	30	
95	0	7	119	97	30	
96	0	7	119	97	30	
97	0	7	119	97	30	
98	0	7	119	97	30	
99	0	7	119	97	30	
100	0	7	119	97	30	
101	0	7	119	97	30	
102	0	7	119	97	30	
103	0	7	119	97	30	
104	0	7	119	97	30	
105	0	7	119	97	30	
106	0	7	119	97	30	
107	0	7	119	97	30	
108	0	7	119	97	30	
109	0	7	119	97	30	
110	0	7	119	97	30	
111	0	7	119	97	30	
112	0	7	119	97	30	
113	0	7	119	97	30	
114	0	7	119	97	30	
115	0	7	119	97	30	
116	0	7	119	97	30	
117	0	7	119	97	30	
118	0	7	119	97	30	
119	0	7	119	97	30	
120	0	7	119	97	30	
121	0	7	119	97	30	
122	0	7	119	97	30	
123	0	7	119	97	30	
124	0	7	119	97	30	
125	0	7	119	97	30	
126	0	7	119	97	30	
127	0	7	119	97	30	
128	0	7	119	97	30	
129	0	7	119	97	30	
130	0	7	119	97	30	
131	0	7	119	97	30	
132	0	7	119	97	30	
133	0	7	119	97	30	
134	0	7	119	97	30	
135	0	7	119	97	30	
136	0	7	119	97	30	
137	0	7	119	97	30	
138	0	7	119	97	30	
139	0	7	119	97	30	
140	0	7	119	97	30	
141	0	7	119	97	30	
142	0	7	119	97	30	
143	0	7	119	97	30	
144	0	7	119	97	30	
145	0	7	119	97	30	
146	0	7	119	97	30	
147	0	7	119	97	30	
148	0	7	119	97	30	
149	0	7	119	97	30	
