0	0.00000
1	0.00000
2	0.00000
3	0.01321
4	0.09328
5	0.18779
6	0.45211
7	0.81239
8	1.13404
9	1.40651
10	1.47125
11	1.52471
12	1.38579
13	1.22178
14	0.98472
15	0.74593
16	0.53909
17	0.39758
18	0.27382
19	0.20092
20	0.15089
21	0.11060
22	0.08347
23	0.05548
24	0.04768
25	0.03648
26	0.02583
27	0.01677
28	0.01232
29	0.01173
30	0.01146
31	0.00902
32	0.00730
33	0.00426
34	0.00501
35	0.00312
36	0.00312
37	0.00253
38	0.00253
39	0.00120
40	0.00120
41	0.00000
42	0.00000
43	0.00000
44	0.00000
45	0.00000
46	0.00000
47	0.00000
48	0.00000
49	0.00000
50	0.00000
51	0.00000
52	0.00000
53	0.00000
54	0.00000
55	0.00000
56	0.00000
57	0.00000
58	0.00000
59	0.00000
60	0.00000
61	0.00000
62	0.00000
63	0.00000
64	0.00000
65	0.00000
66	0.00000
67	0.00000
68	0.00000
69	0.00000
70	0.00000
71	0.00000
72	0.00000
73	0.00000
74	0.00000
75	0.00000
76	0.00000
77	0.00000
78	0.00000
79	0.00000
80	0.00000
81	0.00000
82	0.00000
83	0.00000
84	0.00000
85	0.00000
86	0.00000
87	0.00000
88	0.00000
89	0.00000
90	0.00000
91	0.00000
92	0.00000
93	0.00000
94	0.00000
95	0.00000
96	0.00000
97	0.00000
98	0.00000
99	0.00000
