0	0.00000
1	0.00000
2	0.00000
3	0.06044
4	0.10015
5	0.36143
6	0.59297
7	1.01594
8	1.32551
9	1.39503
10	1.45525
11	1.27022
12	1.13150
13	0.91547
14	0.70170
15	0.52970
16	0.39436
17	0.28797
18	0.21292
19	0.16703
20	0.12791
21	0.10057
22	0.07820
23	0.06047
24	0.05032
25	0.04051
26	0.03085
27	0.02425
28	0.01892
29	0.01331
30	0.01128
31	0.00697
32	0.00546
33	0.00487
34	0.00360
35	0.00292
36	0.00292
37	0.00245
38	0.00179
39	0.00138
40	0.00080
41	0.00036
42	0.00036
43	0.00094
44	0.00094
45	0.00151
46	0.00115
47	0.00113
48	0.00113
49	0.00113
50	0.00057
51	0.00057
52	0.00000
53	0.00000
54	0.00000
55	0.00000
56	0.00000
57	0.00000
58	0.00000
59	0.00000
60	0.00000
61	0.00000
62	0.00000
63	0.00000
64	0.00000
65	0.00000
66	0.00000
67	0.00000
68	0.00000
69	0.00000
70	0.00000
71	0.00000
72	0.00000
73	0.00000
74	0.00000
75	0.00000
76	0.00000
77	0.00000
78	0.00000
79	0.00000
80	0.00000
81	0.00000
82	0.00000
83	0.00000
84	0.00000
85	0.00000
86	0.00000
87	0.00000
88	0.00000
89	0.00000
90	0.00000
91	0.00000
92	0.00000
93	0.00000
94	0.00000
95	0.00000
96	0.00000
97	0.00000
98	0.00000
99	0.00000
