0	0	0	0	0	0	
1	738	0	0	0	0	
2	711	0	0	0	0	
3	68	584	0	0	0	
4	0	57	482	0	0	
5	0	0	38	383	0	
6	0	0	3	30	344	
7	0	0	3	2	370	
8	0	0	3	2	368	
9	0	0	3	2	368	
10	0	0	3	2	368	
11	0	0	3	2	368	
12	0	0	3	2	368	
13	0	0	3	2	368	
14	0	0	3	2	368	
15	0	0	3	2	368	
16	0	0	3	2	368	
17	0	0	3	2	368	
18	0	0	3	2	368	
19	0	0	3	2	368	
20	0	0	3	2	368	
21	0	0	3	2	368	
22	0	0	3	2	368	
23	0	0	3	2	368	
24	0	0	3	2	368	
25	0	0	3	2	368	
26	0	0	3	2	368	
27	0	0	3	2	368	
28	0	0	3	2	368	
29	0	0	3	2	368	
30	0	0	3	2	368	
31	0	0	3	2	368	
32	0	0	3	2	368	
33	0	0	3	2	368	
34	0	0	3	2	368	
35	0	0	3	2	368	
36	0	0	3	2	368	
37	0	0	3	2	368	
38	0	0	3	2	368	
39	0	0	3	2	368	
40	0	0	3	2	368	
41	0	0	3	2	368	
42	0	0	3	2	368	
43	0	0	3	2	368	
44	0	0	3	2	368	
45	0	0	3	2	368	
46	0	0	3	2	368	
47	0	0	3	2	368	
48	0	0	3	2	368	
49	0	0	3	2	368	
50	0	0	3	2	368	
51	0	0	3	2	368	
52	0	0	3	2	368	
53	0	0	3	2	368	
54	0	0	3	2	368	
55	0	0	3	2	368	
56	0	0	3	2	368	
57	0	0	3	2	368	
58	0	0	3	2	368	
59	0	0	3	2	368	
60	0	0	3	2	368	
61	0	0	3	2	368	
62	0	0	3	2	368	
63	0	0	3	2	368	
64	0	0	3	2	368	
65	0	0	3	2	368	
66	0	0	3	2	368	
67	0	0	3	2	368	
68	0	0	3	2	368	
69	0	0	3	2	368	
70	0	0	3	2	368	
71	0	0	3	2	368	
72	0	0	3	2	368	
73	0	0	3	2	368	
74	0	0	3	2	368	
75	0	0	3	2	368	
76	0	0	3	2	368	
77	0	0	3	2	368	
78	0	0	3	2	368	
79	0	0	3	2	368	
80	0	0	3	2	368	
81	0	0	3	2	368	
82	0	0	3	2	368	
83	0	0	3	2	368	
84	0	0	3	2	368	
85	0	0	3	2	368	
86	0	0	3	2	368	
87	0	0	3	2	368	
88	0	0	3	2	368	
89	0	0	3	2	368	
90	0	0	3	2	368	
91	0	0	3	2	368	
92	0	0	3	2	368	
93	0	0	3	2	368	
94	0	0	3	2	368	
95	0	0	3	2	368	
96	0	0	3	2	368	
97	0	0	3	2	368	
98	0	0	3	2	368	
99	0	0	3	2	368	
100	0	0	3	2	368	
101	0	0	3	2	368	
102	0	0	3	2	368	
103	0	0	3	2	368	
104	0	0	3	2	368	
105	0	0	3	2	368	
106	0	0	3	2	368	
107	0	0	3	2	368	
108	0	0	3	2	368	
109	0	0	3	2	368	
110	0	0	3	2	368	
111	0	0	3	2	368	
112	0	0	3	2	368	
113	0	0	3	2	368	
114	0	0	3	2	368	
115	0	0	3	2	368	
116	0	0	3	2	368	
117	0	0	3	2	368	
118	0	0	3	2	368	
119	0	0	3	2	368	
120	0	0	3	2	368	
121	0	0	3	2	368	
122	0	0	3	2	368	
123	0	0	3	2	368	
124	0	0	3	2	368	
125	0	0	3	2	368	
126	0	0	3	2	368	
127	0	0	3	2	368	
128	0	0	3	2	368	
129	0	0	3	2	368	
130	0	0	3	2	368	
131	0	0	3	2	368	
132	0	0	3	2	368	
133	0	0	3	2	368	
134	0	0	3	2	368	
135	0	0	3	2	368	
136	0	0	3	2	368	
137	0	0	3	2	368	
138	0	0	3	2	368	
139	0	0	3	2	368	
140	0	0	3	2	368	
141	0	0	3	2	368	
142	0	0	3	2	368	
143	0	0	3	2	368	
144	0	0	3	2	368	
145	0	0	3	2	368	
146	0	0	3	2	368	
147	0	0	3	2	368	
148	0	0	3	2	368	
149	0	0	3	2	368	
