0	0	0	0	0	0	
1	749	0	0	0	0	
2	743	0	0	0	0	
3	732	3	0	0	0	
4	577	146	2	0	0	
5	349	253	103	2	0	
6	114	241	223	96	2	
7	37	71	227	216	97	
8	21	19	60	216	305	
9	16	12	12	56	515	
10	14	7	7	8	565	
11	11	5	3	5	566	
12	8	4	3	1	567	
13	7	2	3	1	565	
14	6	2	3	1	564	
15	5	2	2	1	563	
16	5	1	2	0	563	
17	4	1	2	0	563	
18	4	1	2	0	563	
19	1	1	2	0	563	
20	1	1	2	0	563	
21	1	1	2	0	561	
22	1	1	2	0	561	
23	1	1	2	0	561	
24	1	1	2	0	561	
25	1	1	2	0	561	
26	1	1	2	0	560	
27	1	1	2	0	560	
28	1	1	2	0	560	
29	1	1	2	0	560	
30	1	1	2	0	560	
31	1	1	2	0	560	
32	1	1	2	0	560	
33	1	1	2	0	560	
34	1	1	2	0	560	
35	0	1	2	0	560	
36	0	1	2	0	560	
37	0	1	2	0	560	
38	0	1	2	0	560	
39	0	1	2	0	560	
40	0	1	2	0	560	
41	0	1	2	0	560	
42	0	1	2	0	560	
43	0	1	2	0	560	
44	0	1	2	0	560	
45	0	1	2	0	560	
46	0	1	2	0	560	
47	0	1	2	0	560	
48	0	1	2	0	560	
49	0	1	2	0	560	
50	0	1	2	0	560	
51	0	1	2	0	560	
52	0	1	2	0	560	
53	0	1	2	0	560	
54	0	1	2	0	560	
55	0	1	2	0	560	
56	0	1	2	0	560	
57	0	1	2	0	560	
58	0	1	2	0	560	
59	0	1	2	0	560	
60	0	1	2	0	560	
61	0	1	2	0	560	
62	0	1	2	0	560	
63	0	1	2	0	560	
64	0	1	2	0	560	
65	0	1	2	0	560	
66	0	1	2	0	560	
67	0	1	2	0	560	
68	0	1	2	0	560	
69	0	1	2	0	560	
70	0	1	2	0	560	
71	0	1	2	0	560	
72	0	1	2	0	560	
73	0	1	2	0	560	
74	0	1	2	0	560	
75	0	1	2	0	560	
76	0	1	2	0	560	
77	0	1	2	0	560	
78	0	1	2	0	560	
79	0	1	2	0	560	
80	0	1	2	0	560	
81	0	1	2	0	560	
82	0	1	2	0	560	
83	0	1	2	0	560	
84	0	1	2	0	560	
85	0	1	2	0	560	
86	0	1	2	0	560	
87	0	1	2	0	560	
88	0	1	2	0	560	
89	0	1	2	0	560	
90	0	1	2	0	560	
91	0	1	2	0	560	
92	0	1	2	0	560	
93	0	1	2	0	560	
94	0	1	2	0	560	
95	0	1	2	0	560	
96	0	1	2	0	560	
97	0	1	2	0	560	
98	0	1	2	0	560	
99	0	1	2	0	560	
