0	0.00000
1	0.00000
2	0.00000
3	0.50786
4	0.80059
5	0.83799
6	0.83326
7	0.82042
8	0.87478
9	0.93720
10	0.95668
11	0.98478
12	1.00716
13	1.10337
14	1.05478
15	1.12011
16	1.10820
17	1.25781
18	1.17139
19	1.49976
20	1.62190
21	1.58933
22	1.65509
23	1.68557
24	1.71852
25	1.77385
26	1.77609
27	1.77081
28	1.74156
29	1.69225
30	1.81490
31	1.74811
32	1.70183
33	1.74861
34	1.77902
35	1.78381
36	1.75167
37	1.79038
38	1.81625
39	1.85357
40	1.83805
41	1.87918
42	1.88226
43	1.85987
44	1.87167
45	1.90322
46	1.94196
47	1.95441
48	1.97062
49	1.98623
50	1.99184
51	1.93907
52	1.91436
53	1.85754
54	1.82365
55	1.79045
56	1.72009
57	1.65643
58	1.56628
59	1.49306
60	1.44020
61	1.38802
62	1.32975
63	1.26724
64	1.22274
65	1.16576
66	1.10240
67	1.04760
68	1.01369
69	0.96485
70	0.91858
71	0.88237
72	0.84062
73	0.79811
74	0.77622
75	0.74013
76	0.70020
77	0.66756
78	0.63281
79	0.59957
80	0.56767
81	0.54135
82	0.51232
83	0.48664
84	0.46130
85	0.43923
86	0.41523
87	0.39284
88	0.37496
89	0.35405
90	0.33240
91	0.31299
92	0.29186
93	0.27072
94	0.25258
95	0.23649
96	0.22044
97	0.20522
98	0.19474
99	0.18163
100	0.16837
101	0.15684
102	0.14541
103	0.13580
104	0.12742
105	0.11786
106	0.10888
107	0.10150
108	0.09365
109	0.08664
110	0.08075
111	0.07479
112	0.06847
113	0.06339
114	0.05766
115	0.05417
116	0.04930
117	0.04558
118	0.04150
119	0.03974
120	0.03751
121	0.03403
122	0.03148
123	0.02984
124	0.02742
125	0.02626
126	0.02404
127	0.02230
128	0.02175
129	0.02018
130	0.01868
131	0.01853
132	0.01741
133	0.01638
134	0.01561
135	0.01500
136	0.01533
137	0.01479
138	0.01460
139	0.01408
140	0.01369
141	0.01340
142	0.01330
143	0.01312
144	0.01286
145	0.01283
146	0.01264
147	0.01238
148	0.01233
149	0.01192
