0	0.00500
1	0.00650
2	0.00800
3	0.00900
4	0.01000
5	0.01050
6	0.01200
7	0.01350
8	0.01450
9	0.01650
10	0.01800
11	0.02100
12	0.02200
13	0.02450
14	0.02600
15	0.03000
16	0.03100
17	0.03800
18	0.04500
19	0.04850
20	0.05350
21	0.05800
22	0.06400
23	0.07100
24	0.07750
25	0.08300
26	0.08900
27	0.09400
28	0.10450
29	0.10900
30	0.11400
31	0.12300
32	0.13150
33	0.14000
34	0.14650
35	0.15650
36	0.16650
37	0.17750
38	0.18700
39	0.19850
40	0.20900
41	0.21750
42	0.22900
43	0.24300
44	0.25800
45	0.27100
46	0.28500
47	0.30000
48	0.31750
49	0.32950
50	0.34500
51	0.35800
52	0.37350
53	0.38950
54	0.40050
55	0.41250
56	0.42000
57	0.42850
58	0.44000
59	0.45200
60	0.46200
61	0.47050
62	0.48200
63	0.49100
64	0.49700
65	0.50400
66	0.51500
67	0.52150
68	0.52800
69	0.53650
70	0.54300
71	0.54850
72	0.55950
73	0.56600
74	0.57000
75	0.57600
76	0.58000
77	0.58400
78	0.58800
79	0.59350
80	0.59700
81	0.60100
82	0.60500
83	0.60950
84	0.61250
85	0.61550
86	0.62000
87	0.62250
88	0.62400
89	0.62600
90	0.62650
91	0.62650
92	0.62750
93	0.62900
94	0.62950
95	0.63000
96	0.63250
97	0.63300
98	0.63300
99	0.63350
100	0.63350
101	0.63400
102	0.63450
103	0.63450
104	0.63450
105	0.63500
106	0.63500
107	0.63500
108	0.63550
109	0.63550
110	0.63550
111	0.63550
112	0.63550
113	0.63600
114	0.63600
115	0.63600
116	0.63600
117	0.63700
118	0.63750
119	0.63750
120	0.63750
121	0.63800
122	0.63800
123	0.63850
124	0.63850
125	0.63850
126	0.63900
127	0.63900
128	0.63900
129	0.63950
130	0.63950
131	0.63950
132	0.63950
133	0.63950
134	0.64000
135	0.64000
136	0.64000
137	0.64000
138	0.64000
139	0.64000
140	0.64000
141	0.64000
142	0.64000
143	0.64000
144	0.64000
145	0.64000
146	0.64000
147	0.64000
148	0.64000
149	0.64000
