0	0.00000
1	0.00000
2	0.00000
3	0.09279
4	0.18733
5	0.24768
6	0.30310
7	0.32763
8	0.43434
9	0.52489
10	0.56894
11	0.67640
12	0.75262
13	0.88905
14	0.86040
15	0.96603
16	0.98962
17	1.16799
18	1.10818
19	1.46044
20	1.65049
21	1.61625
22	1.65882
23	1.66647
24	1.70309
25	1.77137
26	1.79465
27	1.77477
28	1.74753
29	1.71163
30	1.82067
31	1.75255
32	1.70416
33	1.74905
34	1.78152
35	1.78816
36	1.75992
37	1.79659
38	1.82128
39	1.85561
40	1.84806
41	1.88331
42	1.88597
43	1.86490
44	1.87815
45	1.91357
46	1.94559
47	1.95407
48	1.97224
49	1.98947
50	1.99515
51	1.94338
52	1.91344
53	1.85872
54	1.82711
55	1.79410
56	1.72038
57	1.65775
58	1.57067
59	1.49563
60	1.44327
61	1.39117
62	1.33404
63	1.26958
64	1.22480
65	1.16994
66	1.10622
67	1.05105
68	1.01698
69	0.96641
70	0.92150
71	0.88496
72	0.84270
73	0.80031
74	0.77799
75	0.74233
76	0.70136
77	0.66820
78	0.63384
79	0.60115
80	0.56899
81	0.54270
82	0.51369
83	0.48794
84	0.46203
85	0.43992
86	0.41558
87	0.39323
88	0.37514
89	0.35415
90	0.33255
91	0.31318
92	0.29190
93	0.27060
94	0.25249
95	0.23626
96	0.22028
97	0.20500
98	0.19459
99	0.18149
100	0.16830
101	0.15675
102	0.14539
103	0.13580
104	0.12733
105	0.11787
106	0.10883
107	0.10154
108	0.09359
109	0.08664
110	0.08080
111	0.07471
112	0.06847
113	0.06333
114	0.05758
115	0.05412
116	0.04927
117	0.04557
118	0.04147
119	0.03983
120	0.03749
121	0.03414
122	0.03160
123	0.02987
124	0.02746
125	0.02638
126	0.02411
127	0.02234
128	0.02180
129	0.02017
130	0.01869
131	0.01843
132	0.01731
133	0.01626
134	0.01530
135	0.01439
136	0.01432
137	0.01356
138	0.01295
139	0.01231
140	0.01195
141	0.01146
142	0.01093
143	0.01066
144	0.01031
145	0.00922
146	0.00878
147	0.00863
148	0.00830
149	0.00805
