0	0.00000
1	0.00000
2	0.00050
3	0.00000
4	0.00050
5	0.00150
6	0.00100
7	0.00150
8	0.00150
9	0.00100
10	0.00300
11	0.00250
12	0.00300
13	0.00100
14	0.00400
15	0.00150
16	0.00200
17	0.00100
18	0.00100
19	0.00300
20	0.00150
21	0.00350
22	0.00300
23	0.00250
24	0.00450
25	0.00600
26	0.00300
27	0.00550
28	0.00650
29	0.00850
30	0.00600
31	0.00600
32	0.00650
33	0.00800
34	0.00850
35	0.01250
36	0.00800
37	0.01050
38	0.01200
39	0.01300
40	0.01150
41	0.01200
42	0.01050
43	0.00950
44	0.01350
45	0.01250
46	0.01600
47	0.01950
48	0.01550
49	0.01600
50	0.01750
51	0.01250
52	0.01800
53	0.01750
54	0.01400
55	0.01350
56	0.01600
57	0.01900
58	0.01600
59	0.01650
60	0.01300
61	0.01900
62	0.01500
63	0.01250
64	0.01150
65	0.01250
66	0.01800
67	0.01450
68	0.01300
69	0.01450
70	0.01350
71	0.01050
72	0.01450
73	0.01300
74	0.01050
75	0.01150
76	0.00900
77	0.01050
78	0.00900
79	0.00900
80	0.00950
81	0.01150
82	0.00950
83	0.01100
84	0.01150
85	0.00600
86	0.01100
87	0.00600
88	0.00750
89	0.00600
90	0.00550
91	0.00550
92	0.00350
93	0.00850
94	0.00550
95	0.00600
96	0.00850
97	0.00450
98	0.00550
99	0.00350
100	0.00350
101	0.00550
102	0.00650
103	0.00350
104	0.00500
105	0.00400
106	0.00300
107	0.00500
108	0.00200
109	0.00200
110	0.00400
111	0.00100
112	0.00200
113	0.00300
114	0.00200
115	0.00450
116	0.00400
117	0.00350
118	0.00450
119	0.00250
120	0.00300
121	0.00150
122	0.00350
123	0.00100
124	0.00100
125	0.00200
126	0.00100
127	0.00200
128	0.00150
129	0.00200
130	0.00150
131	0.00200
132	0.00200
133	0.00050
134	0.00150
135	0.00050
136	0.00050
137	0.00100
138	0.00150
139	0.00000
140	0.00150
141	0.00000
142	0.00050
143	0.00050
144	0.00050
145	0.00050
146	0.00000
147	0.00000
148	0.00050
149	0.00050
150	0.00100
151	0.00000
152	0.00000
153	0.00050
154	0.00000
155	0.00100
156	0.00000
157	0.00050
158	0.00000
159	0.00050
160	0.00050
161	0.00050
162	0.00100
163	0.00050
164	0.00200
165	0.00000
166	0.00000
167	0.00050
168	0.00050
169	0.00000
170	0.00000
171	0.00000
172	0.00050
173	0.00000
174	0.00050
175	0.00000
176	0.00000
177	0.00050
178	0.00000
179	0.00050
