0	0.00000
1	0.00000
2	0.00000
3	0.00000
4	0.00000
5	0.00000
6	0.00000
7	0.00000
8	0.00000
9	0.00000
10	0.00000
11	0.00000
12	0.00668
13	0.01061
14	0.01473
15	0.01069
16	0.02049
17	0.01977
18	0.01998
19	0.01525
20	0.00961
21	0.01212
22	0.01171
23	0.01797
24	0.02118
25	0.01787
26	0.03023
27	0.03978
28	0.03169
29	0.02865
30	0.03097
31	0.03537
32	0.03108
33	0.03308
34	0.02804
35	0.02595
36	0.02207
37	0.02189
38	0.02035
39	0.01894
40	0.01888
41	0.01964
42	0.01699
43	0.01700
44	0.01490
45	0.01294
46	0.01161
47	0.01199
48	0.01148
49	0.01254
50	0.01158
51	0.01103
52	0.01066
53	0.00983
54	0.00964
55	0.00859
56	0.00696
57	0.00605
58	0.00525
59	0.00421
60	0.00435
61	0.00374
62	0.00344
63	0.00280
64	0.00209
65	0.00091
66	0.00083
67	0.00087
68	0.00094
69	0.00056
70	0.00054
71	0.00053
72	0.00051
73	0.00045
74	0.00041
75	0.00042
76	0.00044
77	0.00000
78	0.00000
79	0.00042
80	0.00000
81	0.00000
82	0.00000
83	0.00000
84	0.00000
85	0.00000
86	0.00000
87	0.00000
88	0.00000
89	0.00000
90	0.00000
91	0.00000
92	0.00000
93	0.00000
94	0.00000
95	0.00000
96	0.00000
97	0.00000
98	0.00000
99	0.00000
100	0.00000
101	0.00000
102	0.00000
103	0.00000
104	0.00000
105	0.00000
106	0.00000
107	0.00000
108	0.00000
109	0.00000
110	0.00000
111	0.00000
112	0.00000
113	0.00000
114	0.00000
115	0.00000
116	0.00000
117	0.00000
118	0.00000
119	0.00000
120	0.00000
121	0.00000
122	0.00000
123	0.00000
124	0.00000
125	0.00000
126	0.00000
127	0.00000
128	0.00000
129	0.00000
130	0.00000
131	0.00000
132	0.00000
133	0.00000
134	0.00000
135	0.00000
136	0.00000
137	0.00000
138	0.00000
139	0.00000
140	0.00000
141	0.00000
142	0.00000
143	0.00000
144	0.00000
145	0.00000
146	0.00000
147	0.00000
148	0.00000
149	0.00000
150	0.00000
151	0.00000
152	0.00000
153	0.00000
154	0.00000
155	0.00000
156	0.00000
157	0.00000
158	0.00000
159	0.00000
160	0.00000
161	0.00000
162	0.00000
163	0.00000
164	0.00000
165	0.00000
166	0.00000
167	0.00000
168	0.00000
169	0.00000
170	0.00000
171	0.00000
172	0.00000
173	0.00000
174	0.00000
175	0.00000
176	0.00000
177	0.00000
178	0.00000
179	0.00000
