0	0.00500
1	0.00500
2	0.00550
3	0.00550
4	0.00600
5	0.00750
6	0.00850
7	0.01000
8	0.01150
9	0.01250
10	0.01550
11	0.01800
12	0.02100
13	0.02200
14	0.02600
15	0.02750
16	0.02950
17	0.03050
18	0.03150
19	0.03450
20	0.03600
21	0.03950
22	0.04250
23	0.04500
24	0.04950
25	0.05550
26	0.05850
27	0.06400
28	0.07050
29	0.07900
30	0.08500
31	0.09100
32	0.09750
33	0.10550
34	0.11400
35	0.12650
36	0.13450
37	0.14500
38	0.15700
39	0.17000
40	0.18150
41	0.19350
42	0.20400
43	0.21350
44	0.22700
45	0.23950
46	0.25550
47	0.27500
48	0.29050
49	0.30650
50	0.32400
51	0.33650
52	0.35450
53	0.37200
54	0.38600
55	0.39950
56	0.41550
57	0.43450
58	0.45050
59	0.46700
60	0.48000
61	0.49900
62	0.51400
63	0.52650
64	0.53800
65	0.55050
66	0.56850
67	0.58300
68	0.59600
69	0.61050
70	0.62400
71	0.63450
72	0.64900
73	0.66200
74	0.67250
75	0.68400
76	0.69300
77	0.70350
78	0.71250
79	0.72150
80	0.73100
81	0.74250
82	0.75200
83	0.76300
84	0.77450
85	0.78050
86	0.79150
87	0.79750
88	0.80500
89	0.81100
90	0.81650
91	0.82200
92	0.82550
93	0.83400
94	0.83950
95	0.84550
96	0.85400
97	0.85850
98	0.86400
99	0.86750
100	0.87100
101	0.87650
102	0.88300
103	0.88650
104	0.89150
105	0.89550
106	0.89850
107	0.90350
108	0.90550
109	0.90750
110	0.91150
111	0.91250
112	0.91450
113	0.91750
114	0.91950
115	0.92400
116	0.92800
117	0.93150
118	0.93600
119	0.93850
120	0.94150
121	0.94300
122	0.94650
123	0.94750
124	0.94850
125	0.95050
126	0.95150
127	0.95350
128	0.95500
129	0.95700
130	0.95850
131	0.96050
132	0.96250
133	0.96300
134	0.96450
135	0.96500
136	0.96550
137	0.96650
138	0.96800
139	0.96800
140	0.96950
141	0.96950
142	0.97000
143	0.97050
144	0.97100
145	0.97150
146	0.97150
147	0.97150
148	0.97200
149	0.97250
150	0.97350
151	0.97350
152	0.97350
153	0.97400
154	0.97400
155	0.97500
156	0.97500
157	0.97550
158	0.97550
159	0.97600
160	0.97650
161	0.97700
162	0.97800
163	0.97850
164	0.98050
165	0.98050
166	0.98050
167	0.98100
168	0.98150
169	0.98150
170	0.98150
171	0.98150
172	0.98200
173	0.98200
174	0.98250
175	0.98250
176	0.98250
177	0.98300
178	0.98300
179	0.98350
