0	0.00000
1	0.00000
2	0.00000
3	0.00000
4	0.00570
5	0.00571
6	0.01614
7	0.07702
8	0.09256
9	0.11232
10	0.12515
11	0.14880
12	0.27560
13	0.27124
14	0.32097
15	0.30009
16	0.36598
17	0.34062
18	0.35447
19	0.31443
20	0.29619
21	0.28754
22	0.26184
23	0.35389
24	0.39687
25	0.37099
26	0.53788
27	0.64093
28	0.56017
29	0.55526
30	0.57640
31	0.61995
32	0.61318
33	0.55659
34	0.50891
35	0.50759
36	0.46271
37	0.47786
38	0.42856
39	0.41096
40	0.39512
41	0.38131
42	0.33883
43	0.33108
44	0.30051
45	0.25905
46	0.24722
47	0.23932
48	0.24345
49	0.27145
50	0.26129
51	0.25671
52	0.25183
53	0.23458
54	0.22536
55	0.21330
56	0.19466
57	0.17766
58	0.17315
59	0.16602
60	0.16925
61	0.15851
62	0.15167
63	0.14857
64	0.13682
65	0.12088
66	0.10727
67	0.09821
68	0.10173
69	0.10155
70	0.09758
71	0.09532
72	0.09153
73	0.08521
74	0.08318
75	0.08227
76	0.07884
77	0.07472
78	0.07110
79	0.06800
80	0.06455
81	0.06034
82	0.05669
83	0.05396
84	0.05019
85	0.05149
86	0.05509
87	0.05079
88	0.05001
89	0.04775
90	0.04518
91	0.04389
92	0.03884
93	0.03528
94	0.03320
95	0.03272
96	0.03129
97	0.03071
98	0.03266
99	0.03292
100	0.03156
101	0.03051
102	0.02572
103	0.02798
104	0.02847
105	0.02547
106	0.02821
107	0.02793
108	0.02619
109	0.02689
110	0.02046
111	0.01933
112	0.01746
113	0.01306
114	0.01203
115	0.01067
116	0.01013
117	0.01189
118	0.01162
119	0.01300
120	0.01532
121	0.01731
122	0.01749
123	0.01661
124	0.01596
125	0.01479
126	0.01720
127	0.01687
128	0.01501
129	0.01433
130	0.01373
131	0.01352
132	0.01354
133	0.00896
134	0.00852
135	0.00780
136	0.00634
137	0.00586
138	0.00381
139	0.00427
140	0.00524
141	0.00388
142	0.00478
143	0.00335
144	0.00345
145	0.00405
146	0.00397
147	0.00269
148	0.00274
149	0.00102
150	0.00205
151	0.00209
152	0.00191
153	0.00178
154	0.00170
155	0.00188
156	0.00188
157	0.00103
158	0.00091
159	0.00071
160	0.00072
161	0.00164
162	0.00187
163	0.00225
164	0.00234
165	0.00248
166	0.00272
167	0.00264
168	0.00159
169	0.00130
170	0.00112
171	0.00112
172	0.00115
173	0.00037
174	0.00097
175	0.00097
176	0.00081
177	0.00061
178	0.00061
179	0.00080
