0	0.00000
1	0.00000
2	0.00000
3	0.04099
4	0.14530
5	0.33181
6	0.45552
7	0.79993
8	1.17409
9	1.34463
10	1.37728
11	1.34238
12	1.19889
13	1.01598
14	0.80616
15	0.65661
16	0.52000
17	0.39218
18	0.30099
19	0.23507
20	0.17993
21	0.13534
22	0.10216
23	0.08587
24	0.07073
25	0.05745
26	0.04759
27	0.03679
28	0.03179
29	0.02822
30	0.02029
31	0.01622
32	0.01148
33	0.00885
34	0.00803
35	0.00576
36	0.00324
37	0.00260
38	0.00240
39	0.00149
40	0.00149
41	0.00149
42	0.00077
43	0.00035
44	0.00035
45	0.00085
46	0.00085
47	0.00085
48	0.00085
49	0.00085
50	0.00085
51	0.00085
52	0.00000
53	0.00000
54	0.00000
55	0.00000
56	0.00000
57	0.00000
58	0.00000
59	0.00000
60	0.00000
61	0.00000
62	0.00000
63	0.00000
64	0.00000
65	0.00000
66	0.00000
67	0.00000
68	0.00000
69	0.00000
70	0.00000
71	0.00000
72	0.00000
73	0.00000
74	0.00000
75	0.00000
76	0.00000
77	0.00000
78	0.00000
79	0.00000
80	0.00000
81	0.00000
82	0.00000
83	0.00000
84	0.00000
85	0.00000
86	0.00000
87	0.00000
88	0.00000
89	0.00000
90	0.00000
91	0.00000
92	0.00000
93	0.00000
94	0.00000
95	0.00000
96	0.00000
97	0.00000
98	0.00000
99	0.00000
