0	0	0	0	0	0	
1	748	0	0	0	0	
2	744	0	0	0	0	
3	703	36	0	0	0	
4	483	209	36	0	0	
5	207	268	203	35	0	
6	98	110	254	195	33	
7	35	62	106	250	224	
8	13	20	57	103	471	
9	9	3	20	50	570	
10	9	0	4	18	618	
11	7	0	2	3	632	
12	7	0	2	1	631	
13	5	0	2	1	631	
14	4	0	2	1	626	
15	2	0	2	1	625	
16	1	0	1	1	625	
17	1	0	1	1	623	
18	1	0	1	1	622	
19	1	0	1	1	619	
20	1	0	1	1	619	
21	0	0	1	1	618	
22	0	0	1	1	617	
23	0	0	1	1	617	
24	0	0	1	1	616	
25	0	0	1	1	616	
26	0	0	1	1	616	
27	0	0	1	1	616	
28	0	0	1	1	616	
29	0	0	1	1	616	
30	0	0	1	1	616	
31	0	0	1	1	616	
32	0	0	1	1	616	
33	0	0	1	1	616	
34	0	0	1	1	616	
35	0	0	1	1	616	
36	0	0	1	1	616	
37	0	0	1	1	616	
38	0	0	1	1	616	
39	0	0	1	1	616	
40	0	0	1	1	616	
41	0	0	1	1	616	
42	0	0	1	1	616	
43	0	0	1	1	615	
44	0	0	1	1	615	
45	0	0	1	1	615	
46	0	0	1	1	615	
47	0	0	1	1	615	
48	0	0	1	1	615	
49	0	0	1	1	615	
50	0	0	1	1	615	
51	0	0	1	1	615	
52	0	0	1	1	615	
53	0	0	1	1	615	
54	0	0	1	1	615	
55	0	0	1	1	615	
56	0	0	1	1	615	
57	0	0	1	1	615	
58	0	0	1	1	615	
59	0	0	1	1	615	
60	0	0	1	1	615	
61	0	0	1	1	615	
62	0	0	1	1	615	
63	0	0	1	1	615	
64	0	0	1	1	615	
65	0	0	1	1	615	
66	0	0	1	1	615	
67	0	0	1	1	615	
68	0	0	1	1	615	
69	0	0	1	1	615	
70	0	0	1	1	615	
71	0	0	1	1	615	
72	0	0	1	1	615	
73	0	0	1	1	615	
74	0	0	1	1	615	
75	0	0	1	1	615	
76	0	0	1	1	615	
77	0	0	1	1	615	
78	0	0	1	1	615	
79	0	0	1	1	615	
80	0	0	1	1	615	
81	0	0	1	1	615	
82	0	0	1	1	615	
83	0	0	1	1	615	
84	0	0	1	1	615	
85	0	0	1	1	615	
86	0	0	1	1	615	
87	0	0	1	1	615	
88	0	0	1	1	615	
89	0	0	1	1	615	
90	0	0	1	1	615	
91	0	0	1	1	615	
92	0	0	1	1	615	
93	0	0	1	1	615	
94	0	0	1	1	615	
95	0	0	1	1	615	
96	0	0	1	1	615	
97	0	0	1	1	615	
98	0	0	1	1	615	
99	0	0	1	1	615	
