0	0.00000
1	0.00050
2	0.00050
3	0.00050
4	0.00100
5	0.00050
6	0.00200
7	0.00350
8	0.00400
9	0.00400
10	0.00550
11	0.00850
12	0.00800
13	0.01100
14	0.01150
15	0.01200
16	0.01400
17	0.01600
18	0.02000
19	0.02650
20	0.02550
21	0.03250
22	0.03200
23	0.03300
24	0.03950
25	0.03850
26	0.04550
27	0.05450
28	0.04450
29	0.04700
30	0.04800
31	0.04850
32	0.03200
33	0.04500
34	0.03150
35	0.03550
36	0.02600
37	0.03050
38	0.02000
39	0.02550
40	0.01850
41	0.01900
42	0.01800
43	0.00950
44	0.00850
45	0.00600
46	0.00650
47	0.00550
48	0.00300
49	0.00450
50	0.00250
51	0.00150
52	0.00100
53	0.00050
54	0.00250
55	0.00100
56	0.00000
57	0.00100
58	0.00050
59	0.00000
60	0.00000
61	0.00000
62	0.00000
63	0.00000
64	0.00000
65	0.00000
66	0.00000
67	0.00000
68	0.00000
69	0.00000
70	0.00000
71	0.00000
72	0.00000
73	0.00000
74	0.00000
75	0.00000
76	0.00000
77	0.00000
78	0.00000
79	0.00000
80	0.00000
81	0.00000
82	0.00000
83	0.00000
84	0.00000
85	0.00000
86	0.00000
87	0.00000
88	0.00000
89	0.00000
90	0.00000
91	0.00000
92	0.00000
93	0.00000
94	0.00000
95	0.00000
96	0.00000
97	0.00000
98	0.00000
99	0.00000
