0	0	0	0	0	0	
1	1000	0	0	0	0	
2	999	0	0	0	0	
3	998	0	0	0	0	
4	996	0	0	0	0	
5	996	0	0	0	0	
6	993	0	0	0	0	
7	991	0	0	0	0	
8	987	0	0	0	0	
9	981	0	0	0	0	
10	977	0	0	0	0	
11	968	0	0	0	0	
12	963	0	0	0	0	
13	947	0	0	0	0	
14	938	0	0	0	0	
15	925	0	0	0	0	
16	913	0	0	0	0	
17	901	0	0	0	0	
18	884	0	0	0	0	
19	858	0	0	0	0	
20	834	0	0	0	0	
21	804	0	0	0	0	
22	778	0	0	0	0	
23	748	0	0	0	0	
24	709	0	0	0	0	
25	667	0	0	0	0	
26	629	0	0	0	0	
27	574	0	0	0	0	
28	524	0	0	0	0	
29	470	0	0	0	0	
30	411	0	0	0	0	
31	351	0	0	0	0	
32	324	0	0	0	0	
33	280	0	0	0	0	
34	247	0	0	0	0	
35	213	0	0	0	0	
36	187	0	0	0	0	
37	154	0	0	0	0	
38	134	0	0	0	0	
39	108	0	0	0	0	
40	85	0	0	0	0	
41	73	0	0	0	0	
42	57	0	0	0	0	
43	50	0	0	0	0	
44	43	0	0	0	0	
45	37	0	0	0	0	
46	29	0	0	0	0	
47	25	0	0	0	0	
48	21	0	0	0	0	
49	17	0	0	0	0	
50	13	0	0	0	0	
51	12	0	0	0	0	
52	10	0	0	0	0	
53	10	0	0	0	0	
54	6	0	0	0	0	
55	5	0	0	0	0	
56	5	0	0	0	0	
57	3	0	0	0	0	
58	2	0	0	0	0	
59	2	0	0	0	0	
60	2	0	0	0	0	
61	2	0	0	0	0	
62	2	0	0	0	0	
63	2	0	0	0	0	
64	2	0	0	0	0	
65	2	0	0	0	0	
66	2	0	0	0	0	
67	2	0	0	0	0	
68	2	0	0	0	0	
69	2	0	0	0	0	
70	2	0	0	0	0	
71	2	0	0	0	0	
72	2	0	0	0	0	
73	2	0	0	0	0	
74	2	0	0	0	0	
75	2	0	0	0	0	
76	2	0	0	0	0	
77	2	0	0	0	0	
78	2	0	0	0	0	
79	2	0	0	0	0	
80	2	0	0	0	0	
81	2	0	0	0	0	
82	2	0	0	0	0	
83	2	0	0	0	0	
84	2	0	0	0	0	
85	2	0	0	0	0	
86	2	0	0	0	0	
87	2	0	0	0	0	
88	2	0	0	0	0	
89	2	0	0	0	0	
90	2	0	0	0	0	
91	2	0	0	0	0	
92	2	0	0	0	0	
93	2	0	0	0	0	
94	2	0	0	0	0	
95	2	0	0	0	0	
96	2	0	0	0	0	
97	2	0	0	0	0	
98	2	0	0	0	0	
99	2	0	0	0	0	
