0	0	0	0	0	0	
1	746	0	0	0	0	
2	729	0	0	0	0	
3	672	14	0	0	0	
4	13	548	14	0	0	
5	5	19	380	10	0	
6	2	10	160	131	5	
7	1	5	127	88	41	
8	0	5	120	86	41	
9	0	4	118	86	41	
10	0	3	116	86	41	
11	0	3	116	86	41	
12	0	3	116	86	41	
13	0	3	116	86	41	
14	0	3	116	86	41	
15	0	3	116	86	41	
16	0	3	116	86	41	
17	0	3	116	86	41	
18	0	3	116	86	41	
19	0	3	116	86	41	
20	0	3	116	86	41	
21	0	3	116	86	41	
22	0	3	116	86	41	
23	0	3	116	86	41	
24	0	3	116	86	41	
25	0	3	116	86	41	
26	0	3	116	86	41	
27	0	3	116	86	41	
28	0	3	116	86	41	
29	0	3	116	86	41	
30	0	3	116	86	41	
31	0	3	116	86	41	
32	0	3	116	86	41	
33	0	3	116	86	41	
34	0	3	116	86	41	
35	0	3	116	86	41	
36	0	3	116	86	41	
37	0	3	116	86	41	
38	0	3	116	86	41	
39	0	3	116	86	41	
40	0	3	116	86	41	
41	0	3	116	86	41	
42	0	3	116	86	41	
43	0	3	116	86	41	
44	0	3	116	86	41	
45	0	3	116	86	41	
46	0	3	116	86	41	
47	0	3	116	86	41	
48	0	3	116	86	41	
49	0	3	116	86	41	
50	0	3	116	86	41	
51	0	3	116	86	41	
52	0	3	116	86	41	
53	0	3	116	86	41	
54	0	3	116	86	41	
55	0	3	116	86	41	
56	0	3	116	86	41	
57	0	3	116	86	41	
58	0	3	116	86	41	
59	0	3	116	86	41	
60	0	3	116	86	41	
61	0	3	116	86	41	
62	0	3	116	86	41	
63	0	3	116	86	41	
64	0	3	116	86	41	
65	0	3	116	86	41	
66	0	3	116	86	41	
67	0	3	116	86	41	
68	0	3	116	86	41	
69	0	3	116	86	41	
70	0	3	116	86	41	
71	0	3	116	86	41	
72	0	3	116	86	41	
73	0	3	116	86	41	
74	0	3	116	86	41	
75	0	3	116	86	41	
76	0	3	116	86	41	
77	0	3	116	86	41	
78	0	3	116	86	41	
79	0	3	116	86	41	
80	0	3	116	86	41	
81	0	3	116	86	41	
82	0	3	116	86	41	
83	0	3	116	86	41	
84	0	3	116	86	41	
85	0	3	116	86	41	
86	0	3	116	86	41	
87	0	3	116	86	41	
88	0	3	116	86	41	
89	0	3	116	86	41	
90	0	3	116	86	41	
91	0	3	116	86	41	
92	0	3	116	86	41	
93	0	3	116	86	41	
94	0	3	116	86	41	
95	0	3	116	86	41	
96	0	3	116	86	41	
97	0	3	116	86	41	
98	0	3	116	86	41	
99	0	3	116	86	41	
100	0	3	116	86	41	
101	0	3	116	86	41	
102	0	3	116	86	41	
103	0	3	116	86	41	
104	0	3	116	86	41	
105	0	3	116	86	41	
106	0	3	116	86	41	
107	0	3	116	86	41	
108	0	3	116	86	41	
109	0	3	116	86	41	
110	0	3	116	86	41	
111	0	3	116	86	41	
112	0	3	116	86	41	
113	0	3	116	86	41	
114	0	3	116	86	41	
115	0	3	116	86	41	
116	0	3	116	86	41	
117	0	3	116	86	41	
118	0	3	116	86	41	
119	0	3	116	86	41	
120	0	3	116	86	41	
121	0	3	116	86	41	
122	0	3	116	86	41	
123	0	3	116	86	41	
124	0	3	116	86	41	
125	0	3	116	86	41	
126	0	3	116	86	41	
127	0	3	116	86	41	
128	0	3	116	86	41	
129	0	3	116	86	41	
130	0	3	116	86	41	
131	0	3	116	86	41	
132	0	3	116	86	41	
133	0	3	116	86	41	
134	0	3	116	86	41	
135	0	3	116	86	41	
136	0	3	116	86	41	
137	0	3	116	86	41	
138	0	3	116	86	41	
139	0	3	116	86	41	
140	0	3	116	86	41	
141	0	3	116	86	41	
142	0	3	116	86	41	
143	0	3	116	86	41	
144	0	3	116	86	41	
145	0	3	116	86	41	
146	0	3	116	86	41	
147	0	3	116	86	41	
148	0	3	116	86	41	
149	0	3	116	86	41	
