0	0.00000
1	0.00050
2	0.00000
3	0.00050
4	0.00050
5	0.00050
6	0.00050
7	0.00150
8	0.00100
9	0.00100
10	0.00050
11	0.00050
12	0.00200
13	0.00200
14	0.00400
15	0.00300
16	0.00700
17	0.00500
18	0.00650
19	0.00700
20	0.00600
21	0.00750
22	0.00900
23	0.01400
24	0.01300
25	0.01050
26	0.00950
27	0.00900
28	0.01300
29	0.01450
30	0.01550
31	0.02050
32	0.02050
33	0.02250
34	0.02050
35	0.01900
36	0.02650
37	0.02150
38	0.02950
39	0.02400
40	0.02800
41	0.03500
42	0.03750
43	0.02900
44	0.03500
45	0.03050
46	0.03200
47	0.02950
48	0.02750
49	0.01900
50	0.02650
51	0.02300
52	0.02500
53	0.02050
54	0.02150
55	0.01600
56	0.01900
57	0.01750
58	0.01150
59	0.01600
60	0.01150
61	0.01500
62	0.01200
63	0.01300
64	0.00700
65	0.00750
66	0.00700
67	0.00550
68	0.00450
69	0.00500
70	0.00450
71	0.00600
72	0.00250
73	0.00350
74	0.00250
75	0.00250
76	0.00300
77	0.00250
78	0.00100
79	0.00100
80	0.00300
81	0.00050
82	0.00100
83	0.00000
84	0.00050
85	0.00000
86	0.00000
87	0.00000
88	0.00050
89	0.00050
90	0.00050
91	0.00000
92	0.00000
93	0.00000
94	0.00000
95	0.00000
96	0.00000
97	0.00000
98	0.00050
99	0.00000
100	0.00000
101	0.00000
102	0.00000
103	0.00000
104	0.00050
105	0.00050
106	0.00000
107	0.00000
108	0.00000
109	0.00000
110	0.00000
111	0.00000
112	0.00000
113	0.00000
114	0.00000
115	0.00000
116	0.00000
117	0.00000
118	0.00000
119	0.00000
120	0.00000
121	0.00000
122	0.00000
123	0.00000
124	0.00000
125	0.00000
126	0.00000
127	0.00000
128	0.00000
129	0.00000
130	0.00000
131	0.00000
132	0.00000
133	0.00000
134	0.00000
135	0.00000
136	0.00000
137	0.00000
138	0.00000
139	0.00000
140	0.00000
141	0.00000
142	0.00000
143	0.00000
144	0.00000
145	0.00000
146	0.00000
147	0.00000
148	0.00000
149	0.00000
