0	0.00500
1	0.00550
2	0.00550
3	0.00600
4	0.00650
5	0.00700
6	0.00750
7	0.00900
8	0.01000
9	0.01100
10	0.01150
11	0.01200
12	0.01400
13	0.01600
14	0.02000
15	0.02300
16	0.03000
17	0.03500
18	0.04150
19	0.04850
20	0.05450
21	0.06200
22	0.07100
23	0.08500
24	0.09800
25	0.10850
26	0.11800
27	0.12700
28	0.14000
29	0.15450
30	0.17000
31	0.19050
32	0.21100
33	0.23350
34	0.25400
35	0.27300
36	0.29950
37	0.32100
38	0.35050
39	0.37450
40	0.40250
41	0.43750
42	0.47500
43	0.50400
44	0.53900
45	0.56950
46	0.60150
47	0.63100
48	0.65850
49	0.67750
50	0.70400
51	0.72700
52	0.75200
53	0.77250
54	0.79400
55	0.81000
56	0.82900
57	0.84650
58	0.85800
59	0.87400
60	0.88550
61	0.90050
62	0.91250
63	0.92550
64	0.93250
65	0.94000
66	0.94700
67	0.95250
68	0.95700
69	0.96200
70	0.96650
71	0.97250
72	0.97500
73	0.97850
74	0.98100
75	0.98350
76	0.98650
77	0.98900
78	0.99000
79	0.99100
80	0.99400
81	0.99450
82	0.99550
83	0.99550
84	0.99600
85	0.99600
86	0.99600
87	0.99600
88	0.99650
89	0.99700
90	0.99750
91	0.99750
92	0.99750
93	0.99750
94	0.99750
95	0.99750
96	0.99750
97	0.99750
98	0.99800
99	0.99800
100	0.99800
101	0.99800
102	0.99800
103	0.99800
104	0.99850
105	0.99900
106	0.99900
107	0.99900
108	0.99900
109	0.99900
110	0.99900
111	0.99900
112	0.99900
113	0.99900
114	0.99900
115	0.99900
116	0.99900
117	0.99900
118	0.99900
119	0.99900
120	0.99900
121	0.99900
122	0.99900
123	0.99900
124	0.99900
125	0.99900
126	0.99900
127	0.99900
128	0.99900
129	0.99900
130	0.99900
131	0.99900
132	0.99900
133	0.99900
134	0.99900
135	0.99900
136	0.99900
137	0.99900
138	0.99900
139	0.99900
140	0.99900
141	0.99900
142	0.99900
143	0.99900
144	0.99900
145	0.99900
146	0.99900
147	0.99900
148	0.99900
149	0.99900
