0	0	0	0	0	0	
1	750	0	0	0	0	
2	750	0	0	0	0	
3	750	0	0	0	0	
4	750	0	0	0	0	
5	750	0	0	0	0	
6	749	0	0	0	0	
7	749	0	0	0	0	
8	749	0	0	0	0	
9	747	0	0	0	0	
10	747	0	0	0	0	
11	747	0	0	0	0	
12	746	0	0	0	0	
13	746	0	0	0	0	
14	743	0	0	0	0	
15	741	0	0	0	0	
16	740	0	0	0	0	
17	736	0	0	0	0	
18	729	0	0	0	0	
19	725	0	0	0	0	
20	722	0	0	0	0	
21	717	0	0	0	0	
22	709	0	0	0	0	
23	694	0	0	0	0	
24	685	0	0	0	0	
25	675	0	0	0	0	
26	669	0	0	0	0	
27	658	0	0	0	0	
28	649	0	0	0	0	
29	641	0	0	0	0	
30	628	0	0	0	0	
31	608	0	0	0	0	
32	591	0	0	0	0	
33	574	0	0	0	0	
34	562	0	0	0	0	
35	539	0	0	0	0	
36	521	0	0	0	0	
37	499	0	0	0	0	
38	479	0	0	0	0	
39	463	0	0	0	0	
40	443	0	0	0	0	
41	417	0	0	0	0	
42	395	0	0	0	0	
43	374	0	0	0	0	
44	347	0	0	0	0	
45	323	0	0	0	0	
46	296	0	0	0	0	
47	277	0	0	0	0	
48	255	0	0	0	0	
49	243	0	0	0	0	
50	225	0	0	0	0	
51	211	0	0	0	0	
52	197	0	0	0	0	
53	176	0	0	0	0	
54	157	0	0	0	0	
55	143	0	0	0	0	
56	130	0	0	0	0	
57	117	0	0	0	0	
58	109	0	0	0	0	
59	99	0	0	0	0	
60	90	0	0	0	0	
61	80	0	0	0	0	
62	71	0	0	0	0	
63	64	0	0	0	0	
64	58	0	0	0	0	
65	53	0	0	0	0	
66	50	0	0	0	0	
67	43	0	0	0	0	
68	40	0	0	0	0	
69	38	0	0	0	0	
70	33	0	0	0	0	
71	27	0	0	0	0	
72	25	0	0	0	0	
73	20	0	0	0	0	
74	18	0	0	0	0	
75	17	0	0	0	0	
76	13	0	0	0	0	
77	9	0	0	0	0	
78	9	0	0	0	0	
79	7	0	0	0	0	
80	5	0	0	0	0	
81	4	0	0	0	0	
82	3	0	0	0	0	
83	3	0	0	0	0	
84	3	0	0	0	0	
85	3	0	0	0	0	
86	3	0	0	0	0	
87	3	0	0	0	0	
88	3	0	0	0	0	
89	3	0	0	0	0	
90	3	0	0	0	0	
91	3	0	0	0	0	
92	3	0	0	0	0	
93	3	0	0	0	0	
94	3	0	0	0	0	
95	3	0	0	0	0	
96	3	0	0	0	0	
97	3	0	0	0	0	
98	3	0	0	0	0	
99	3	0	0	0	0	
100	3	0	0	0	0	
101	3	0	0	0	0	
102	3	0	0	0	0	
103	3	0	0	0	0	
104	2	0	0	0	0	
105	1	0	0	0	0	
106	1	0	0	0	0	
107	1	0	0	0	0	
108	1	0	0	0	0	
109	1	0	0	0	0	
110	1	0	0	0	0	
111	1	0	0	0	0	
112	1	0	0	0	0	
113	1	0	0	0	0	
114	1	0	0	0	0	
115	1	0	0	0	0	
116	1	0	0	0	0	
117	1	0	0	0	0	
118	1	0	0	0	0	
119	1	0	0	0	0	
120	1	0	0	0	0	
121	1	0	0	0	0	
122	1	0	0	0	0	
123	1	0	0	0	0	
124	1	0	0	0	0	
125	1	0	0	0	0	
126	1	0	0	0	0	
127	1	0	0	0	0	
128	1	0	0	0	0	
129	1	0	0	0	0	
130	1	0	0	0	0	
131	1	0	0	0	0	
132	1	0	0	0	0	
133	1	0	0	0	0	
134	1	0	0	0	0	
135	1	0	0	0	0	
136	1	0	0	0	0	
137	1	0	0	0	0	
138	1	0	0	0	0	
139	1	0	0	0	0	
140	1	0	0	0	0	
141	1	0	0	0	0	
142	1	0	0	0	0	
143	1	0	0	0	0	
144	1	0	0	0	0	
145	1	0	0	0	0	
146	1	0	0	0	0	
147	1	0	0	0	0	
148	1	0	0	0	0	
149	1	0	0	0	0	
