0	0.00500
1	0.00800
2	0.01350
3	0.02450
4	0.04350
5	0.07650
6	0.12400
7	0.19750
8	0.28350
9	0.35450
10	0.42500
11	0.48350
12	0.54300
13	0.58400
14	0.61800
15	0.64750
16	0.66950
17	0.68700
18	0.70400
19	0.71450
20	0.72150
21	0.72800
22	0.73350
23	0.73550
24	0.73750
25	0.73850
26	0.73950
27	0.74050
28	0.74100
29	0.74150
30	0.74350
31	0.74350
32	0.74450
33	0.74550
34	0.74550
35	0.74550
36	0.74550
37	0.74550
38	0.74550
39	0.74600
40	0.74650
41	0.74650
42	0.74700
43	0.74700
44	0.74700
45	0.74700
46	0.74700
47	0.74700
48	0.74700
49	0.74700
50	0.74700
51	0.74700
52	0.74700
53	0.74700
54	0.74700
55	0.74700
56	0.74700
57	0.74700
58	0.74700
59	0.74700
60	0.74700
61	0.74700
62	0.74700
63	0.74700
64	0.74700
65	0.74700
66	0.74700
67	0.74700
68	0.74700
69	0.74700
70	0.74700
71	0.74700
72	0.74700
73	0.74700
74	0.74700
75	0.74700
76	0.74700
77	0.74700
78	0.74700
79	0.74700
80	0.74700
81	0.74700
82	0.74700
83	0.74700
84	0.74700
85	0.74700
86	0.74700
87	0.74700
88	0.74700
89	0.74700
90	0.74700
91	0.74700
92	0.74700
93	0.74700
94	0.74700
95	0.74700
96	0.74700
97	0.74700
98	0.74700
99	0.74700
