0	0.00000
1	0.00000
2	0.00000
3	0.05211
4	0.18765
5	0.37853
6	0.67361
7	1.09491
8	1.27394
9	1.52240
10	1.51789
11	1.32524
12	1.10267
13	0.87111
14	0.68414
15	0.50031
16	0.36157
17	0.26119
18	0.20026
19	0.15193
20	0.12245
21	0.09348
22	0.07341
23	0.06000
24	0.04973
25	0.03888
26	0.03035
27	0.02257
28	0.01821
29	0.01375
30	0.01052
31	0.00663
32	0.00646
33	0.00454
34	0.00471
35	0.00493
36	0.00406
37	0.00381
38	0.00343
39	0.00221
40	0.00221
41	0.00161
42	0.00117
43	0.00117
44	0.00163
45	0.00163
46	0.00157
47	0.00157
48	0.00090
49	0.00046
50	0.00046
51	0.00000
52	0.00000
53	0.00000
54	0.00000
55	0.00000
56	0.00000
57	0.00000
58	0.00000
59	0.00000
60	0.00000
61	0.00000
62	0.00000
63	0.00000
64	0.00000
65	0.00000
66	0.00000
67	0.00000
68	0.00000
69	0.00000
70	0.00000
71	0.00000
72	0.00000
73	0.00000
74	0.00000
75	0.00000
76	0.00000
77	0.00000
78	0.00000
79	0.00000
80	0.00000
81	0.00000
82	0.00000
83	0.00000
84	0.00000
85	0.00000
86	0.00000
87	0.00000
88	0.00000
89	0.00000
90	0.00000
91	0.00000
92	0.00000
93	0.00000
94	0.00000
95	0.00000
96	0.00000
97	0.00000
98	0.00000
99	0.00000
