0	0	0	0	0	0	
1	750	0	0	0	0	
2	745	0	0	0	0	
3	738	0	0	0	0	
4	692	27	0	0	0	
5	521	170	7	0	0	
6	190	326	143	3	0	
7	36	145	296	137	3	
8	21	26	120	268	137	
9	18	12	12	116	394	
10	16	10	4	11	501	
11	13	6	4	5	506	
12	10	5	4	5	504	
13	8	5	4	5	500	
14	4	5	4	5	499	
15	2	4	3	5	499	
16	2	4	3	5	499	
17	2	4	3	5	498	
18	1	4	3	5	496	
19	1	4	3	5	496	
20	1	3	3	5	496	
21	1	3	3	5	496	
22	1	3	3	5	495	
23	1	2	3	5	495	
24	1	2	3	5	495	
25	1	2	3	5	495	
26	1	2	3	5	495	
27	1	2	3	5	495	
28	1	2	3	5	495	
29	1	2	3	5	495	
30	1	2	3	5	495	
31	1	2	3	5	495	
32	1	2	3	5	495	
33	0	2	3	5	495	
34	0	2	3	5	495	
35	0	2	3	5	495	
36	0	2	3	5	495	
37	0	2	3	5	495	
38	0	2	3	5	495	
39	0	2	3	5	495	
40	0	2	3	5	495	
41	0	2	3	5	495	
42	0	2	3	5	495	
43	0	2	3	5	495	
44	0	2	3	5	495	
45	0	2	3	5	495	
46	0	2	3	5	495	
47	0	2	3	5	495	
48	0	2	3	5	495	
49	0	2	3	5	495	
50	0	2	3	5	495	
51	0	2	3	5	495	
52	0	2	3	5	495	
53	0	2	3	5	495	
54	0	2	3	5	495	
55	0	2	3	5	495	
56	0	2	3	5	495	
57	0	2	3	5	495	
58	0	2	3	5	495	
59	0	2	3	5	495	
60	0	2	3	5	495	
61	0	2	3	5	495	
62	0	2	3	5	495	
63	0	2	3	5	495	
64	0	2	3	5	495	
65	0	2	3	5	495	
66	0	2	3	5	495	
67	0	2	3	5	495	
68	0	2	3	5	495	
69	0	2	3	5	495	
70	0	2	3	5	495	
71	0	2	3	5	495	
72	0	2	3	5	495	
73	0	2	3	5	495	
74	0	2	3	5	495	
75	0	2	3	5	495	
76	0	2	3	5	495	
77	0	2	3	5	495	
78	0	2	3	5	495	
79	0	2	3	5	495	
80	0	2	3	5	495	
81	0	2	3	5	495	
82	0	2	3	5	495	
83	0	2	3	5	495	
84	0	2	3	5	495	
85	0	2	3	5	495	
86	0	2	3	5	495	
87	0	2	3	5	495	
88	0	2	3	5	495	
89	0	2	3	5	495	
90	0	2	3	5	495	
91	0	2	3	5	495	
92	0	2	3	5	495	
93	0	2	3	5	495	
94	0	2	3	5	495	
95	0	2	3	5	495	
96	0	2	3	5	495	
97	0	2	3	5	495	
98	0	2	3	5	495	
99	0	2	3	5	495	
