0	0.01000
1	0.01500
2	0.02200
3	0.03400
4	0.04100
5	0.05900
6	0.09200
7	0.12700
8	0.17800
9	0.24300
10	0.31400
11	0.39200
12	0.47500
13	0.55000
14	0.62900
15	0.69800
16	0.75300
17	0.80700
18	0.84300
19	0.86400
20	0.88300
21	0.89500
22	0.90200
23	0.91300
24	0.91600
25	0.91900
26	0.92200
27	0.92300
28	0.92500
29	0.92500
30	0.92500
31	0.92500
32	0.92700
33	0.92700
34	0.92800
35	0.92900
36	0.92900
37	0.92900
38	0.92900
39	0.92900
40	0.92900
41	0.92900
42	0.92900
43	0.93000
44	0.93000
45	0.93000
46	0.93000
47	0.93000
48	0.93000
49	0.93000
50	0.93000
51	0.93000
52	0.93000
53	0.93000
54	0.93000
55	0.93000
56	0.93000
57	0.93000
58	0.93000
59	0.93000
60	0.93200
61	0.93200
62	0.93200
63	0.93300
64	0.93400
65	0.93400
66	0.93400
67	0.93400
68	0.93400
69	0.93400
70	0.93400
71	0.93400
72	0.93400
73	0.93400
74	0.93500
75	0.93500
76	0.93500
77	0.93500
78	0.93500
79	0.93500
80	0.93500
81	0.93500
82	0.93500
83	0.93500
84	0.93500
85	0.93500
86	0.93500
87	0.93500
88	0.93500
89	0.93500
90	0.93600
91	0.93600
92	0.93600
93	0.93600
94	0.93600
95	0.93600
96	0.93600
97	0.93600
98	0.93600
99	0.93600
100	0.93600
101	0.93600
102	0.93600
103	0.93600
104	0.93600
105	0.93600
106	0.93600
107	0.93600
108	0.93600
109	0.93600
110	0.93600
111	0.93600
112	0.93600
113	0.93600
114	0.93600
115	0.93600
116	0.93600
117	0.93600
118	0.93600
119	0.93600
120	0.93600
121	0.93600
122	0.93600
123	0.93600
124	0.93600
125	0.93600
126	0.93600
127	0.93600
128	0.93600
129	0.93600
130	0.93600
131	0.93600
132	0.93600
133	0.93600
134	0.93600
135	0.93600
136	0.93600
137	0.93600
138	0.93600
139	0.93600
140	0.93600
141	0.93600
142	0.93600
143	0.93600
144	0.93600
145	0.93600
146	0.93600
147	0.93600
148	0.93600
149	0.93600
150	0.93600
151	0.93600
152	0.93600
153	0.93600
154	0.93600
155	0.93600
156	0.93600
157	0.93600
158	0.93600
159	0.93600
160	0.93600
161	0.93600
162	0.93600
163	0.93600
164	0.93600
165	0.93600
166	0.93600
167	0.93600
168	0.93600
169	0.93600
170	0.93600
171	0.93600
172	0.93600
173	0.93600
174	0.93600
175	0.93600
176	0.93600
177	0.93600
178	0.93600
179	0.93600
180	0.93600
181	0.93600
182	0.93600
183	0.93600
184	0.93600
185	0.93600
186	0.93600
187	0.93600
188	0.93600
189	0.93600
190	0.93600
191	0.93600
192	0.93600
193	0.93600
194	0.93600
195	0.93600
196	0.93600
197	0.93600
198	0.93600
199	0.93600
