0	0.00000
1	0.00000
2	0.00000
3	0.21484
4	0.45397
5	0.83736
6	0.84068
7	1.13588
8	1.50215
9	1.61069
10	1.82769
11	1.96833
12	1.99660
13	1.96033
14	1.92743
15	1.87730
16	1.82050
17	1.71315
18	1.58897
19	1.49897
20	1.37080
21	1.23984
22	1.13023
23	1.04055
24	0.97151
25	0.89844
26	0.83797
27	0.78424
28	0.74003
29	0.69460
30	0.66510
31	0.62547
32	0.59191
33	0.55382
34	0.53000
35	0.51223
36	0.49373
37	0.47579
38	0.45194
39	0.43334
40	0.42023
41	0.40575
42	0.39594
43	0.38688
44	0.37522
45	0.36537
46	0.35377
47	0.34678
48	0.33627
49	0.32787
50	0.31990
51	0.31373
52	0.30691
53	0.29933
54	0.29243
55	0.28832
56	0.28190
57	0.27259
58	0.26923
59	0.26368
60	0.26339
61	0.25873
62	0.25494
63	0.24987
64	0.24255
65	0.24023
66	0.23666
67	0.23165
68	0.22806
69	0.22585
70	0.22278
71	0.21894
72	0.21736
73	0.21367
74	0.19791
75	0.19511
76	0.19413
77	0.19075
78	0.18784
79	0.18419
80	0.18217
81	0.17963
82	0.17855
83	0.17649
84	0.17236
85	0.16979
86	0.16831
87	0.16680
88	0.16486
89	0.16243
90	0.15695
91	0.15504
92	0.15399
93	0.15277
94	0.15137
95	0.14870
96	0.14671
97	0.14523
98	0.14251
99	0.14179
100	0.14034
101	0.13899
102	0.13807
103	0.13708
104	0.13521
105	0.13371
106	0.13168
107	0.12973
108	0.12912
109	0.12831
110	0.12762
111	0.12589
112	0.12452
113	0.12372
114	0.12334
115	0.12182
116	0.12130
117	0.12019
118	0.11899
119	0.11793
120	0.11696
121	0.11629
122	0.11561
123	0.11435
124	0.11348
125	0.11140
126	0.10996
127	0.10947
128	0.10910
129	0.10889
130	0.10816
131	0.10748
132	0.10638
133	0.10558
134	0.10432
135	0.10399
136	0.10342
137	0.10299
138	0.10238
139	0.10166
140	0.10050
141	0.09927
142	0.09869
143	0.09834
144	0.09724
145	0.09688
146	0.09605
147	0.09549
148	0.09519
149	0.09519
150	0.09485
151	0.09422
152	0.09401
153	0.09357
154	0.09291
155	0.09198
156	0.09158
157	0.09016
158	0.08983
159	0.08902
160	0.08793
161	0.08761
162	0.08761
163	0.08733
164	0.08600
165	0.08580
166	0.08479
167	0.08426
168	0.08382
169	0.08361
170	0.08361
171	0.08329
172	0.08329
173	0.08315
174	0.08238
175	0.08181
176	0.08109
177	0.08025
178	0.07945
179	0.07891
180	0.07859
181	0.07841
182	0.07830
183	0.07790
184	0.07750
185	0.07730
186	0.07643
187	0.07587
188	0.07568
189	0.07445
190	0.07406
191	0.07387
192	0.07364
193	0.07364
194	0.07307
195	0.07264
196	0.07216
197	0.07180
198	0.07161
199	0.07100
