0	0.00000
1	0.00000
2	0.00000
3	0.09091
4	0.46154
5	0.76471
6	1.04348
7	1.22581
8	1.48780
9	1.68519
10	1.51316
11	1.35849
12	1.39189
13	1.37073
14	1.32384
15	1.22281
16	1.12298
17	1.07287
18	0.97209
19	0.88825
20	0.80592
21	0.68903
22	0.58897
23	0.47592
24	0.38426
25	0.29948
26	0.22665
27	0.17029
28	0.12466
29	0.08699
30	0.06151
31	0.04276
32	0.02986
33	0.02120
34	0.01438
35	0.01165
36	0.00818
37	0.00605
38	0.00394
39	0.00288
40	0.00209
41	0.00131
42	0.00078
43	0.00052
44	0.00026
45	0.00026
46	0.00026
47	0.00000
48	0.00000
49	0.00000
50	0.00000
51	0.00000
52	0.00000
53	0.00000
54	0.00000
55	0.00000
56	0.00000
57	0.00000
58	0.00000
59	0.00000
60	0.00000
61	0.00000
62	0.00000
63	0.00000
64	0.00000
65	0.00000
66	0.00000
67	0.00000
68	0.00000
69	0.00000
70	0.00000
71	0.00000
72	0.00000
73	0.00000
74	0.00000
75	0.00000
76	0.00000
77	0.00000
78	0.00000
79	0.00000
80	0.00000
81	0.00000
82	0.00000
83	0.00000
84	0.00000
85	0.00000
86	0.00000
87	0.00000
88	0.00000
89	0.00000
90	0.00000
91	0.00000
92	0.00000
93	0.00000
94	0.00000
95	0.00000
96	0.00000
97	0.00000
98	0.00000
99	0.00000
