0	0.00000
1	0.00100
2	0.00120
3	0.00300
4	0.00420
5	0.00600
6	0.00840
7	0.00580
8	0.00400
9	0.00140
10	0.00200
11	0.00140
12	0.00120
13	0.00240
14	0.00140
15	0.00180
16	0.00120
17	0.00100
18	0.00160
19	0.00160
20	0.00200
21	0.00200
22	0.00180
23	0.00140
24	0.00260
25	0.00140
26	0.00080
27	0.00220
28	0.00140
29	0.00180
30	0.00060
31	0.00180
32	0.00180
33	0.00120
34	0.00160
35	0.00140
36	0.00180
37	0.00120
38	0.00140
39	0.00200
40	0.00140
41	0.00080
42	0.00160
43	0.00020
44	0.00100
45	0.00100
46	0.00160
47	0.00060
48	0.00180
49	0.00140
50	0.00120
51	0.00120
52	0.00080
53	0.00140
54	0.00060
55	0.00020
56	0.00120
57	0.00060
58	0.00080
59	0.00080
60	0.00120
61	0.00060
62	0.00040
63	0.00040
64	0.00020
65	0.00040
66	0.00040
67	0.00020
68	0.00000
69	0.00100
70	0.00060
71	0.00000
72	0.00040
73	0.00020
74	0.00060
75	0.00020
76	0.00000
77	0.00040
78	0.00020
79	0.00020
80	0.00000
81	0.00020
82	0.00020
83	0.00000
84	0.00040
85	0.00040
86	0.00060
87	0.00040
88	0.00020
89	0.00000
90	0.00000
91	0.00000
92	0.00000
93	0.00000
94	0.00020
95	0.00000
96	0.00020
97	0.00020
98	0.00000
99	0.00020
100	0.00020
101	0.00000
102	0.00000
103	0.00020
104	0.00020
105	0.00000
106	0.00000
107	0.00000
108	0.00000
109	0.00000
110	0.00000
111	0.00000
112	0.00000
113	0.00000
114	0.00000
115	0.00020
116	0.00000
117	0.00000
118	0.00000
119	0.00000
120	0.00000
121	0.00000
122	0.00000
123	0.00000
124	0.00000
125	0.00000
126	0.00000
127	0.00000
128	0.00000
129	0.00000
130	0.00000
131	0.00000
132	0.00000
133	0.00000
134	0.00000
135	0.00000
136	0.00000
137	0.00000
138	0.00000
139	0.00000
140	0.00000
141	0.00000
142	0.00000
143	0.00000
144	0.00000
145	0.00000
146	0.00000
147	0.00000
148	0.00000
149	0.00000
