0	0	0	0	0	0	
1	750	0	0	0	0	
2	743	0	0	0	0	
3	727	0	0	0	0	
4	691	20	0	0	0	
5	481	203	7	0	0	
6	236	259	140	4	0	
7	95	144	199	130	3	
8	38	58	128	177	121	
9	26	14	53	119	273	
10	25	9	25	47	365	
11	21	7	24	25	384	
12	18	6	23	25	382	
13	16	5	22	25	382	
14	12	4	21	24	381	
15	8	3	18	24	381	
16	7	2	18	24	381	
17	6	2	16	24	381	
18	5	2	16	24	381	
19	4	2	16	24	381	
20	4	2	16	24	381	
21	4	2	16	24	381	
22	3	2	16	24	381	
23	3	2	16	24	381	
24	2	2	16	24	381	
25	1	2	16	24	381	
26	1	2	16	24	381	
27	1	2	16	24	381	
28	1	2	16	24	381	
29	1	2	16	24	381	
30	1	2	16	24	381	
31	1	2	16	24	381	
32	1	2	16	24	381	
33	1	2	16	24	381	
34	1	2	16	24	381	
35	1	2	16	24	381	
36	1	2	16	24	381	
37	1	2	16	24	381	
38	1	2	16	24	381	
39	1	2	16	24	381	
40	1	2	16	24	381	
41	1	2	16	24	381	
42	1	2	16	24	381	
43	1	2	16	24	381	
44	1	2	16	24	381	
45	1	2	16	24	381	
46	1	2	16	24	381	
47	1	2	16	24	381	
48	1	2	16	24	381	
49	1	2	16	24	381	
50	1	2	16	24	381	
51	1	2	16	24	381	
52	1	2	16	24	381	
53	1	2	16	24	381	
54	1	2	16	24	381	
55	1	2	16	24	381	
56	1	2	16	24	381	
57	1	2	16	24	381	
58	1	2	16	24	381	
59	1	2	16	24	381	
60	1	2	16	24	381	
61	1	2	16	24	381	
62	1	2	16	24	381	
63	1	2	16	24	381	
64	1	2	16	24	381	
65	1	2	16	24	381	
66	1	2	16	24	381	
67	1	2	16	24	381	
68	1	2	16	24	381	
69	1	2	16	24	381	
70	1	2	16	24	381	
71	1	2	16	24	381	
72	1	2	16	24	381	
73	1	2	16	24	381	
74	1	2	16	24	381	
75	1	2	16	24	381	
76	1	2	16	24	381	
77	1	2	16	24	381	
78	1	2	16	24	381	
79	1	2	16	24	381	
80	1	2	16	24	381	
81	1	2	16	24	381	
82	1	2	16	24	381	
83	1	2	16	24	381	
84	1	2	16	24	381	
85	1	2	16	24	381	
86	1	2	16	24	381	
87	1	2	16	24	381	
88	1	2	16	24	381	
89	1	2	16	24	381	
90	1	2	16	24	381	
91	1	2	16	24	381	
92	1	2	16	24	381	
93	1	2	16	24	381	
94	1	2	16	24	381	
95	1	2	16	24	381	
96	1	2	16	24	381	
97	1	2	16	24	381	
98	1	2	16	24	381	
99	1	2	16	24	381	
