0	0.00500
1	0.00500
2	0.00550
3	0.00550
4	0.00550
5	0.00550
6	0.00550
7	0.00550
8	0.00600
9	0.00650
10	0.00650
11	0.00650
12	0.00650
13	0.00700
14	0.00750
15	0.00850
16	0.00900
17	0.00950
18	0.01050
19	0.01100
20	0.01350
21	0.01400
22	0.01600
23	0.01850
24	0.02000
25	0.02100
26	0.02250
27	0.02350
28	0.02650
29	0.02650
30	0.02850
31	0.03100
32	0.03550
33	0.04100
34	0.04550
35	0.04800
36	0.05500
37	0.06100
38	0.06550
39	0.07200
40	0.07850
41	0.08550
42	0.09200
43	0.09700
44	0.10650
45	0.11500
46	0.12400
47	0.13000
48	0.13750
49	0.14950
50	0.16600
51	0.18000
52	0.19350
53	0.21150
54	0.22550
55	0.24350
56	0.25150
57	0.26600
58	0.28150
59	0.29800
60	0.31650
61	0.32800
62	0.34600
63	0.35950
64	0.38500
65	0.40050
66	0.41550
67	0.43000
68	0.44900
69	0.46650
70	0.48250
71	0.50100
72	0.51350
73	0.52800
74	0.54250
75	0.55700
76	0.56800
77	0.58150
78	0.59500
79	0.61600
80	0.62700
81	0.63800
82	0.64800
83	0.66150
84	0.67700
85	0.68900
86	0.70100
87	0.71450
88	0.72400
89	0.73450
90	0.74600
91	0.75450
92	0.76350
93	0.77500
94	0.78150
95	0.79100
96	0.80200
97	0.81050
98	0.81700
99	0.82400
100	0.83100
101	0.83700
102	0.84400
103	0.85200
104	0.85700
105	0.86250
106	0.86600
107	0.87150
108	0.87650
109	0.88050
110	0.88600
111	0.89100
112	0.89350
113	0.89600
114	0.90200
115	0.90700
116	0.91200
117	0.91400
118	0.91750
119	0.92150
120	0.92550
121	0.92750
122	0.93100
123	0.93350
124	0.93650
125	0.94000
126	0.94450
127	0.94600
128	0.94900
129	0.95250
130	0.95450
131	0.95600
132	0.95700
133	0.95900
134	0.96100
135	0.96400
136	0.96500
137	0.96750
138	0.96900
139	0.97100
140	0.97200
141	0.97250
142	0.97350
143	0.97400
144	0.97500
145	0.97600
146	0.97650
147	0.97750
148	0.97800
149	0.97900
150	0.98000
151	0.98150
152	0.98400
153	0.98500
154	0.98550
155	0.98550
156	0.98600
157	0.98600
158	0.98650
159	0.98700
160	0.98700
161	0.98750
162	0.98800
163	0.98850
164	0.98850
165	0.98850
166	0.98900
167	0.98900
168	0.98900
169	0.98900
170	0.98900
171	0.98950
172	0.98950
173	0.99100
174	0.99100
175	0.99150
176	0.99150
177	0.99150
178	0.99150
179	0.99200
