0	0.00000
1	0.00000
2	0.00000
3	0.00000
4	0.00704
5	0.00704
6	0.00704
7	0.00704
8	0.00704
9	0.00705
10	0.01032
11	0.00679
12	0.00679
13	0.00629
14	0.00554
15	0.01597
16	0.01766
17	0.04114
18	0.04805
19	0.08038
20	0.09867
21	0.10185
22	0.20921
23	0.18872
24	0.20301
25	0.27592
26	0.26729
27	0.24460
28	0.25415
29	0.23030
30	0.29111
31	0.23978
32	0.32471
33	0.40664
34	0.48160
35	0.59252
36	0.68321
37	0.57149
38	0.65334
39	0.64664
40	0.61937
41	0.58790
42	0.50190
43	0.50927
44	0.49253
45	0.44827
46	0.47357
47	0.46277
48	0.47218
49	0.42004
50	0.36578
51	0.39160
52	0.42809
53	0.41224
54	0.37973
55	0.37303
56	0.34805
57	0.33252
58	0.27749
59	0.25258
60	0.24802
61	0.23295
62	0.24001
63	0.21949
64	0.20614
65	0.19280
66	0.20500
67	0.18989
68	0.17988
69	0.16677
70	0.16349
71	0.15331
72	0.14992
73	0.14275
74	0.12756
75	0.11794
76	0.11030
77	0.10716
78	0.09587
79	0.09444
80	0.08984
81	0.09799
82	0.09428
83	0.08607
84	0.08244
85	0.08122
86	0.08253
87	0.07868
88	0.07305
89	0.07296
90	0.06481
91	0.06236
92	0.06114
93	0.05371
94	0.04986
95	0.05032
96	0.04585
97	0.04582
98	0.04671
99	0.04496
100	0.04318
101	0.04116
102	0.03872
103	0.03602
104	0.03459
105	0.03460
106	0.03139
107	0.03123
108	0.03133
109	0.03073
110	0.02941
111	0.02964
112	0.02671
113	0.02519
114	0.02300
115	0.02100
116	0.02065
117	0.02159
118	0.02004
119	0.01918
120	0.01749
121	0.01872
122	0.01826
123	0.01829
124	0.01512
125	0.01541
126	0.01408
127	0.01399
128	0.01519
129	0.01441
130	0.01270
131	0.01358
132	0.01337
133	0.01220
134	0.01034
135	0.00820
136	0.00791
137	0.00714
138	0.00678
139	0.00686
140	0.00579
141	0.00728
142	0.00745
143	0.00702
144	0.00652
145	0.00580
146	0.00526
147	0.00475
148	0.00310
149	0.00496
150	0.00533
151	0.00690
152	0.00618
153	0.00530
154	0.00708
155	0.00666
156	0.00547
157	0.00547
158	0.00411
159	0.00413
160	0.00285
161	0.00125
162	0.00015
163	0.00049
164	0.00049
165	0.00049
166	0.00052
167	0.00052
168	0.00052
169	0.00052
170	0.00000
171	0.00000
172	0.00000
173	0.00000
174	0.00000
175	0.00000
176	0.00000
177	0.00021
178	0.00021
179	0.00022
