0	0.00000
1	0.00000
2	0.00100
3	0.00150
4	0.00250
5	0.00050
6	0.00050
7	0.00200
8	0.00150
9	0.00250
10	0.00150
11	0.00250
12	0.00250
13	0.00450
14	0.00200
15	0.00250
16	0.00100
17	0.00150
18	0.00200
19	0.00100
20	0.00300
21	0.00250
22	0.00150
23	0.00550
24	0.00400
25	0.00450
26	0.00400
27	0.00450
28	0.00650
29	0.00550
30	0.00250
31	0.00750
32	0.00900
33	0.00450
34	0.00700
35	0.00800
36	0.00950
37	0.00800
38	0.01150
39	0.01150
40	0.00750
41	0.00850
42	0.00900
43	0.01050
44	0.01100
45	0.01250
46	0.01250
47	0.01150
48	0.01100
49	0.01000
50	0.01450
51	0.01200
52	0.01500
53	0.01650
54	0.01000
55	0.01550
56	0.01250
57	0.01100
58	0.01350
59	0.01200
60	0.01350
61	0.01450
62	0.01300
63	0.00950
64	0.01400
65	0.01350
66	0.00850
67	0.00600
68	0.00600
69	0.00900
70	0.00650
71	0.00900
72	0.00900
73	0.00900
74	0.00650
75	0.00950
76	0.00500
77	0.00700
78	0.00700
79	0.00600
80	0.00400
81	0.00550
82	0.00350
83	0.00500
84	0.00200
85	0.00400
86	0.00350
87	0.00450
88	0.00300
89	0.00150
90	0.00100
91	0.00150
92	0.00200
93	0.00200
94	0.00200
95	0.00200
96	0.00050
97	0.00200
98	0.00100
99	0.00050
100	0.00050
101	0.00150
102	0.00100
103	0.00150
104	0.00150
105	0.00000
106	0.00050
107	0.00050
108	0.00050
109	0.00050
110	0.00050
111	0.00050
112	0.00050
113	0.00150
114	0.00050
115	0.00050
116	0.00000
117	0.00000
118	0.00000
119	0.00000
120	0.00100
121	0.00000
122	0.00000
123	0.00000
124	0.00150
125	0.00000
126	0.00000
127	0.00000
128	0.00000
129	0.00000
130	0.00000
131	0.00050
132	0.00050
133	0.00050
134	0.00000
135	0.00000
136	0.00000
137	0.00000
138	0.00000
139	0.00000
140	0.00000
141	0.00000
142	0.00000
143	0.00000
144	0.00000
145	0.00000
146	0.00000
147	0.00000
148	0.00000
149	0.00000
