0	0.00000
1	0.00000
2	0.00000
3	0.00000
4	0.06288
5	0.09853
6	0.15067
7	0.03043
8	0.03965
9	0.13091
10	0.09537
11	0.15120
12	0.09668
13	0.12755
14	0.12706
15	0.18043
16	0.07929
17	0.08896
18	0.03571
19	0.05391
20	0.06349
21	0.03453
22	0.07935
23	0.06476
24	0.03502
25	0.10095
26	0.07329
27	0.07345
28	0.06120
29	0.06129
30	0.07534
31	0.05989
32	0.03169
33	0.06881
34	0.07115
35	0.03723
36	0.05088
37	0.05176
38	0.05557
39	0.04426
40	0.05563
41	0.05133
42	0.03398
43	0.03632
44	0.03565
45	0.03904
46	0.03811
47	0.03895
48	0.03734
49	0.03212
50	0.03047
51	0.02690
52	0.03374
53	0.02729
54	0.03173
55	0.03209
56	0.02121
57	0.02793
58	0.02316
59	0.02002
60	0.02276
61	0.01986
62	0.02193
63	0.02209
64	0.01920
65	0.01508
66	0.01905
67	0.01846
68	0.01267
69	0.00928
70	0.00923
71	0.01276
72	0.00955
73	0.01194
74	0.01172
75	0.01171
76	0.00892
77	0.01185
78	0.00711
79	0.00900
80	0.00916
81	0.00733
82	0.00581
83	0.00720
84	0.00489
85	0.00675
86	0.00275
87	0.00529
88	0.00494
89	0.00596
90	0.00399
91	0.00227
92	0.00149
93	0.00213
94	0.00301
95	0.00299
96	0.00271
97	0.00323
98	0.00064
99	0.00297
100	0.00164
101	0.00060
102	0.00109
103	0.00211
104	0.00168
105	0.00208
106	0.00245
107	0.00000
108	0.00080
109	0.00061
110	0.00089
111	0.00078
112	0.00089
113	0.00094
114	0.00075
115	0.00232
116	0.00074
117	0.00098
118	0.00000
119	0.00000
120	0.00000
121	0.00000
122	0.00190
123	0.00000
124	0.00000
125	0.00000
126	0.00253
127	0.00000
128	0.00000
129	0.00000
130	0.00000
131	0.00000
132	0.00000
133	0.00087
134	0.00074
135	0.00086
136	0.00000
137	0.00000
138	0.00000
139	0.00000
140	0.00000
141	0.00000
142	0.00000
143	0.00000
144	0.00000
145	0.00000
146	0.00000
147	0.00000
148	0.00000
149	0.00000
