0	0	0	0	0	0	
1	740	0	0	0	0	
2	729	0	0	0	0	
3	672	8	0	0	0	
4	12	539	5	0	0	
5	0	6	370	3	0	
6	0	0	4	288	3	
7	0	0	1	2	267	
8	0	0	1	0	267	
9	0	0	1	0	267	
10	0	0	1	0	267	
11	0	0	1	0	267	
12	0	0	1	0	267	
13	0	0	1	0	267	
14	0	0	1	0	267	
15	0	0	1	0	267	
16	0	0	1	0	267	
17	0	0	1	0	267	
18	0	0	1	0	267	
19	0	0	1	0	267	
20	0	0	1	0	267	
21	0	0	1	0	267	
22	0	0	1	0	267	
23	0	0	1	0	267	
24	0	0	1	0	267	
25	0	0	1	0	267	
26	0	0	1	0	267	
27	0	0	1	0	267	
28	0	0	1	0	267	
29	0	0	1	0	267	
30	0	0	1	0	267	
31	0	0	1	0	267	
32	0	0	1	0	267	
33	0	0	1	0	267	
34	0	0	1	0	267	
35	0	0	1	0	267	
36	0	0	1	0	267	
37	0	0	1	0	267	
38	0	0	1	0	267	
39	0	0	1	0	267	
40	0	0	1	0	267	
41	0	0	1	0	267	
42	0	0	1	0	267	
43	0	0	1	0	267	
44	0	0	1	0	267	
45	0	0	1	0	267	
46	0	0	1	0	267	
47	0	0	1	0	267	
48	0	0	1	0	267	
49	0	0	1	0	267	
50	0	0	1	0	267	
51	0	0	1	0	267	
52	0	0	1	0	267	
53	0	0	1	0	267	
54	0	0	1	0	267	
55	0	0	1	0	267	
56	0	0	1	0	267	
57	0	0	1	0	267	
58	0	0	1	0	267	
59	0	0	1	0	267	
60	0	0	1	0	267	
61	0	0	1	0	267	
62	0	0	1	0	267	
63	0	0	1	0	267	
64	0	0	1	0	267	
65	0	0	1	0	267	
66	0	0	1	0	267	
67	0	0	1	0	267	
68	0	0	1	0	267	
69	0	0	1	0	267	
70	0	0	1	0	267	
71	0	0	1	0	267	
72	0	0	1	0	267	
73	0	0	1	0	267	
74	0	0	1	0	267	
75	0	0	1	0	267	
76	0	0	1	0	267	
77	0	0	1	0	267	
78	0	0	1	0	267	
79	0	0	1	0	267	
80	0	0	1	0	267	
81	0	0	1	0	267	
82	0	0	1	0	267	
83	0	0	1	0	267	
84	0	0	1	0	267	
85	0	0	1	0	267	
86	0	0	1	0	267	
87	0	0	1	0	267	
88	0	0	1	0	267	
89	0	0	1	0	267	
90	0	0	1	0	267	
91	0	0	1	0	267	
92	0	0	1	0	267	
93	0	0	1	0	267	
94	0	0	1	0	267	
95	0	0	1	0	267	
96	0	0	1	0	267	
97	0	0	1	0	267	
98	0	0	1	0	267	
99	0	0	1	0	267	
100	0	0	1	0	267	
101	0	0	1	0	267	
102	0	0	1	0	267	
103	0	0	1	0	267	
104	0	0	1	0	267	
105	0	0	1	0	267	
106	0	0	1	0	267	
107	0	0	1	0	267	
108	0	0	1	0	267	
109	0	0	1	0	267	
110	0	0	1	0	267	
111	0	0	1	0	267	
112	0	0	1	0	267	
113	0	0	1	0	267	
114	0	0	1	0	267	
115	0	0	1	0	267	
116	0	0	1	0	267	
117	0	0	1	0	267	
118	0	0	1	0	267	
119	0	0	1	0	267	
120	0	0	1	0	267	
121	0	0	1	0	267	
122	0	0	1	0	267	
123	0	0	1	0	267	
124	0	0	1	0	267	
125	0	0	1	0	267	
126	0	0	1	0	267	
127	0	0	1	0	267	
128	0	0	1	0	267	
129	0	0	1	0	267	
130	0	0	1	0	267	
131	0	0	1	0	267	
132	0	0	1	0	267	
133	0	0	1	0	267	
134	0	0	1	0	267	
135	0	0	1	0	267	
136	0	0	1	0	267	
137	0	0	1	0	267	
138	0	0	1	0	267	
139	0	0	1	0	267	
140	0	0	1	0	267	
141	0	0	1	0	267	
142	0	0	1	0	267	
143	0	0	1	0	267	
144	0	0	1	0	267	
145	0	0	1	0	267	
146	0	0	1	0	267	
147	0	0	1	0	267	
148	0	0	1	0	267	
149	0	0	1	0	267	
150	0	0	1	0	267	
