0	0.00000
1	0.00000
2	0.00000
3	0.00000
4	0.01282
5	0.01282
6	0.01289
7	0.01295
8	0.03906
9	0.04948
10	0.09375
11	0.08115
12	0.07330
13	0.11780
14	0.10209
15	0.07853
16	0.07330
17	0.03665
18	0.03684
19	0.03704
20	0.01330
21	0.04545
22	0.08021
23	0.12299
24	0.12366
25	0.11441
26	0.15761
27	0.16440
28	0.20109
29	0.18043
30	0.13315
31	0.13315
32	0.17140
33	0.13133
34	0.09945
35	0.04121
36	0.04121
37	0.08564
38	0.08564
39	0.08333
40	0.08380
41	0.11173
42	0.12942
43	0.12594
44	0.08287
45	0.13624
46	0.09691
47	0.09457
48	0.07584
49	0.05290
50	0.05290
51	0.05290
52	0.00000
53	0.00000
54	0.00000
55	0.00000
56	0.00000
57	0.04849
58	0.04849
59	0.04849
60	0.04849
61	0.04849
62	0.04849
63	0.04849
64	0.00000
65	0.00000
66	0.05939
67	0.05939
68	0.10584
69	0.10201
70	0.09646
71	0.09646
72	0.09084
73	0.04016
74	0.16852
75	0.13129
76	0.13129
77	0.11228
78	0.11228
79	0.11294
80	0.11065
81	0.06706
82	0.10720
83	0.10784
84	0.10784
85	0.13780
86	0.13601
87	0.13283
88	0.07289
89	0.04880
90	0.09273
91	0.08727
92	0.09232
93	0.09232
94	0.09051
95	0.09051
96	0.08018
97	0.03902
98	0.07838
99	0.03936
100	0.06426
101	0.09333
102	0.09352
103	0.10564
104	0.17029
105	0.19199
106	0.17463
107	0.14705
108	0.14770
109	0.19494
110	0.17884
111	0.20265
112	0.19994
113	0.28236
114	0.32106
115	0.28641
116	0.21929
117	0.24350
118	0.21638
119	0.21001
120	0.15660
121	0.11902
122	0.14513
123	0.15218
124	0.10668
125	0.08549
126	0.07452
127	0.05858
128	0.09845
129	0.07888
130	0.05818
131	0.08203
132	0.09416
133	0.12204
134	0.11610
135	0.09303
136	0.07817
137	0.09755
138	0.06443
139	0.07095
140	0.06121
141	0.11041
142	0.10461
143	0.09923
144	0.10847
145	0.12227
146	0.11660
147	0.10308
148	0.07203
149	0.07333
