0	0	0	0	0	0	
1	21	0	0	0	0	
2	21	0	0	0	0	
3	21	0	0	0	0	
4	21	0	0	0	0	
5	21	0	0	0	0	
6	21	0	0	0	0	
7	21	0	0	0	0	
8	21	0	0	0	0	
9	21	0	0	0	0	
10	21	0	0	0	0	
11	21	0	0	0	0	
12	21	0	0	0	0	
13	21	0	0	0	0	
14	21	0	0	0	0	
15	21	0	0	0	0	
16	21	0	0	0	0	
17	21	0	0	0	0	
18	21	0	0	0	0	
19	21	0	0	0	0	
20	21	0	0	0	0	
21	20	0	0	0	0	
22	20	0	0	0	0	
23	20	0	0	0	0	
24	19	0	0	0	0	
25	19	0	0	0	0	
26	19	0	0	0	0	
27	19	0	0	0	0	
28	19	0	0	0	0	
29	19	0	0	0	0	
30	19	0	0	0	0	
31	19	0	0	0	0	
32	19	0	0	0	0	
33	19	0	0	0	0	
34	19	0	0	0	0	
35	18	0	0	0	0	
36	18	0	0	0	0	
37	18	0	0	0	0	
38	18	0	0	0	0	
39	18	0	0	0	0	
40	18	0	0	0	0	
41	18	0	0	0	0	
42	18	0	0	0	0	
43	18	0	0	0	0	
44	18	0	0	0	0	
45	18	0	0	0	0	
46	18	0	0	0	0	
47	18	0	0	0	0	
48	18	0	0	0	0	
49	18	0	0	0	0	
50	18	0	0	0	0	
51	18	0	0	0	0	
52	18	0	0	0	0	
53	18	0	0	0	0	
54	18	0	0	0	0	
55	18	0	0	0	0	
56	18	0	0	0	0	
57	18	0	0	0	0	
58	18	0	0	0	0	
59	18	0	0	0	0	
60	18	0	0	0	0	
61	18	0	0	0	0	
62	18	0	0	0	0	
63	18	0	0	0	0	
64	18	0	0	0	0	
65	18	0	0	0	0	
66	18	0	0	0	0	
67	18	0	0	0	0	
68	18	0	0	0	0	
69	18	0	0	0	0	
70	18	0	0	0	0	
71	18	0	0	0	0	
72	18	0	0	0	0	
73	18	0	0	0	0	
74	18	0	0	0	0	
75	18	0	0	0	0	
76	18	0	0	0	0	
77	18	0	0	0	0	
78	18	0	0	0	0	
79	17	0	0	0	0	
80	17	0	0	0	0	
81	17	0	0	0	0	
82	17	0	0	0	0	
83	17	0	0	0	0	
84	17	0	0	0	0	
85	17	0	0	0	0	
86	17	0	0	0	0	
87	17	0	0	0	0	
88	17	0	0	0	0	
89	17	0	0	0	0	
90	17	0	0	0	0	
91	17	0	0	0	0	
92	17	0	0	0	0	
93	17	0	0	0	0	
94	17	0	0	0	0	
95	17	0	0	0	0	
96	17	0	0	0	0	
97	17	0	0	0	0	
98	17	0	0	0	0	
99	17	0	0	0	0	
100	17	0	0	0	0	
101	17	0	0	0	0	
102	17	0	0	0	0	
103	17	0	0	0	0	
104	17	0	0	0	0	
105	17	0	0	0	0	
106	17	0	0	0	0	
107	17	0	0	0	0	
108	17	0	0	0	0	
109	17	0	0	0	0	
110	17	0	0	0	0	
111	17	0	0	0	0	
112	16	0	0	0	0	
113	16	0	0	0	0	
114	16	0	0	0	0	
115	16	0	0	0	0	
116	16	0	0	0	0	
117	16	0	0	0	0	
118	15	0	0	0	0	
119	15	0	0	0	0	
120	15	0	0	0	0	
121	15	0	0	0	0	
122	15	0	0	0	0	
123	15	0	0	0	0	
124	15	0	0	0	0	
125	15	0	0	0	0	
126	15	0	0	0	0	
127	15	0	0	0	0	
128	15	0	0	0	0	
129	15	0	0	0	0	
130	15	0	0	0	0	
131	15	0	0	0	0	
132	15	0	0	0	0	
133	15	0	0	0	0	
134	15	0	0	0	0	
135	14	0	0	0	0	
136	14	0	0	0	0	
137	14	0	0	0	0	
138	14	0	0	0	0	
139	14	0	0	0	0	
140	13	0	0	0	0	
141	13	0	0	0	0	
142	13	0	0	0	0	
143	13	0	0	0	0	
144	13	0	0	0	0	
145	13	0	0	0	0	
146	13	0	0	0	0	
147	13	0	0	0	0	
148	13	0	0	0	0	
149	13	0	0	0	0	
