0	0	0	0	0	0	
1	746	0	0	0	0	
2	741	0	0	0	0	
3	726	0	0	0	0	
4	705	0	0	0	0	
5	666	0	0	0	0	
6	607	4	0	0	0	
7	536	16	1	0	0	
8	329	127	12	1	0	
9	244	87	57	5	0	
10	175	61	54	24	1	
11	129	44	45	26	2	
12	93	38	43	25	2	
13	67	34	38	23	2	
14	52	31	38	23	2	
15	43	27	37	23	2	
16	29	26	36	23	2	
17	21	26	36	23	2	
18	15	24	35	22	2	
19	9	22	34	22	2	
20	6	18	34	22	2	
21	5	18	34	22	2	
22	2	18	34	22	2	
23	2	17	34	22	2	
24	2	17	34	22	2	
25	2	17	34	22	2	
26	2	17	34	22	2	
27	0	17	34	22	2	
28	0	17	34	22	2	
29	0	17	34	22	2	
30	0	17	34	22	2	
31	0	17	34	22	2	
32	0	17	34	22	2	
33	0	17	34	22	2	
34	0	17	34	22	2	
35	0	17	34	22	2	
36	0	17	34	22	2	
37	0	17	34	22	2	
38	0	17	34	22	2	
39	0	17	34	22	2	
40	0	17	34	22	2	
41	0	17	34	22	2	
42	0	17	34	22	2	
43	0	17	34	22	2	
44	0	17	34	22	2	
45	0	17	34	22	2	
46	0	17	34	22	2	
47	0	17	34	22	2	
48	0	17	34	22	2	
49	0	17	34	22	2	
50	0	17	34	22	2	
51	0	17	34	22	2	
52	0	17	34	22	2	
53	0	17	34	22	2	
54	0	17	34	22	2	
55	0	17	34	22	2	
56	0	17	34	22	2	
57	0	17	34	22	2	
58	0	17	34	22	2	
59	0	17	34	22	2	
60	0	17	34	22	2	
61	0	17	34	22	2	
62	0	17	34	22	2	
63	0	17	34	22	2	
64	0	17	34	22	2	
65	0	17	34	22	2	
66	0	17	34	22	2	
67	0	17	34	22	2	
68	0	17	34	22	2	
69	0	17	34	22	2	
70	0	17	34	22	2	
71	0	17	34	22	2	
72	0	17	34	22	2	
73	0	17	34	22	2	
74	0	17	34	22	2	
75	0	17	34	22	2	
76	0	17	34	22	2	
77	0	17	34	22	2	
78	0	17	34	22	2	
79	0	17	34	22	2	
80	0	17	34	22	2	
81	0	17	34	22	2	
82	0	17	34	22	2	
83	0	17	34	22	2	
84	0	17	34	22	2	
85	0	17	34	22	2	
86	0	17	34	22	2	
87	0	17	34	22	2	
88	0	17	34	22	2	
89	0	17	34	22	2	
90	0	17	34	22	2	
91	0	17	34	22	2	
92	0	17	34	22	2	
93	0	17	34	22	2	
94	0	17	34	22	2	
95	0	17	34	22	2	
96	0	17	34	22	2	
97	0	17	34	22	2	
98	0	17	34	22	2	
99	0	17	34	22	2	
