0	0.00000
1	0.00000
2	0.00000
3	0.04317
4	0.30303
5	0.56823
6	0.99379
7	1.18436
8	1.41817
9	1.46686
10	1.47217
11	1.37476
12	1.22254
13	0.95951
14	0.75001
15	0.55627
16	0.42805
17	0.31519
18	0.23824
19	0.18163
20	0.14128
21	0.10728
22	0.08272
23	0.07211
24	0.06121
25	0.04959
26	0.04097
27	0.03451
28	0.03102
29	0.02758
30	0.02044
31	0.01549
32	0.01418
33	0.01355
34	0.00963
35	0.00691
36	0.00560
37	0.00535
38	0.00419
39	0.00212
40	0.00062
41	0.00061
42	0.00005
43	0.00000
44	0.00000
45	0.00000
46	0.00000
47	0.00000
48	0.00000
49	0.00000
50	0.00000
51	0.00000
52	0.00000
53	0.00000
54	0.00000
55	0.00000
56	0.00000
57	0.00000
58	0.00000
59	0.00000
60	0.00000
61	0.00000
62	0.00000
63	0.00000
64	0.00000
65	0.00000
66	0.00000
67	0.00000
68	0.00000
69	0.00000
70	0.00000
71	0.00000
72	0.00000
73	0.00000
74	0.00000
75	0.00000
76	0.00000
77	0.00000
78	0.00000
79	0.00000
80	0.00000
81	0.00000
82	0.00000
83	0.00000
84	0.00000
85	0.00000
86	0.00000
87	0.00000
88	0.00000
89	0.00000
90	0.00000
91	0.00000
92	0.00000
93	0.00000
94	0.00000
95	0.00000
96	0.00000
97	0.00000
98	0.00000
99	0.00000
