0	0.00000
1	0.00000
2	0.00000
3	0.14192
4	0.34585
5	0.57503
6	0.64121
7	0.86640
8	1.04437
9	1.21935
10	1.67174
11	1.76166
12	2.21052
13	2.39172
14	2.38142
15	2.39882
16	2.31067
17	2.28381
18	2.17248
19	2.11271
20	1.93233
21	1.73702
22	1.61741
23	1.44245
24	1.30623
25	1.18105
26	1.08023
27	0.99709
28	0.93355
29	0.88025
30	0.83034
31	0.78319
32	0.73912
33	0.69726
34	0.66756
35	0.63847
36	0.60903
37	0.57083
38	0.54305
39	0.53053
40	0.51652
41	0.50406
42	0.48594
43	0.46884
44	0.45288
45	0.43970
46	0.42629
47	0.41291
48	0.40293
49	0.39086
50	0.38237
51	0.37076
52	0.35778
53	0.34659
54	0.33801
55	0.33074
56	0.32331
57	0.31823
58	0.30879
59	0.30437
60	0.29645
61	0.29131
62	0.28506
63	0.27833
64	0.27309
65	0.26718
66	0.26252
67	0.25734
68	0.25242
69	0.24902
70	0.24392
71	0.24090
72	0.23634
73	0.23312
74	0.22991
75	0.22518
76	0.22191
77	0.21813
78	0.21455
79	0.21123
80	0.20936
81	0.20644
82	0.20259
83	0.19973
84	0.19772
85	0.19522
86	0.19249
87	0.19010
88	0.18755
89	0.18568
90	0.18360
91	0.18018
92	0.17820
93	0.17545
94	0.17364
95	0.17197
96	0.16786
97	0.16571
98	0.16415
99	0.16343
100	0.16118
101	0.15927
102	0.15720
103	0.15649
104	0.15427
105	0.15255
106	0.15175
107	0.15045
108	0.14931
109	0.14716
110	0.14497
111	0.14372
112	0.14331
113	0.14206
114	0.14098
115	0.13839
116	0.13765
117	0.13604
118	0.13475
119	0.13370
120	0.13222
121	0.13203
122	0.13128
123	0.12962
124	0.12792
125	0.12620
126	0.12552
127	0.12470
128	0.12375
129	0.12279
130	0.12207
131	0.12075
132	0.11960
133	0.11819
134	0.11771
135	0.11675
136	0.11625
137	0.11567
138	0.11488
139	0.11405
140	0.11345
141	0.11308
142	0.11209
143	0.11061
144	0.11022
145	0.10927
146	0.11008
147	0.10964
148	0.10923
149	0.10757
150	0.10684
151	0.10665
152	0.10608
153	0.10552
154	0.10492
155	0.10452
156	0.10338
157	0.10298
158	0.10227
159	0.09807
160	0.09730
161	0.09690
162	0.09587
163	0.09534
164	0.09493
165	0.09382
166	0.09337
167	0.09303
168	0.09231
169	0.09193
170	0.09145
171	0.09031
172	0.08993
173	0.08938
174	0.08904
175	0.08897
176	0.08860
177	0.08820
178	0.08743
179	0.08724
180	0.08632
181	0.08632
182	0.08578
183	0.08539
184	0.08506
185	0.08380
186	0.08362
187	0.08286
188	0.08224
189	0.08201
190	0.08110
191	0.08059
192	0.08029
193	0.07958
194	0.07958
195	0.07886
196	0.07863
197	0.07839
198	0.07793
199	0.07760
