0	0.00000
1	0.00000
2	0.00000
3	0.00000
4	0.00000
5	0.00000
6	0.00050
7	0.00050
8	0.00050
9	0.00050
10	0.00050
11	0.00000
12	0.00050
13	0.00100
14	0.00050
15	0.00050
16	0.00150
17	0.00150
18	0.00150
19	0.00150
20	0.00200
21	0.00100
22	0.00200
23	0.00100
24	0.00050
25	0.00100
26	0.00150
27	0.00250
28	0.00250
29	0.00300
30	0.00300
31	0.00250
32	0.00350
33	0.00500
34	0.00500
35	0.00350
36	0.00550
37	0.00200
38	0.00350
39	0.00600
40	0.00450
41	0.00550
42	0.00550
43	0.00700
44	0.00500
45	0.00300
46	0.00550
47	0.00700
48	0.00750
49	0.00900
50	0.00600
51	0.00900
52	0.00900
53	0.01000
54	0.01350
55	0.01100
56	0.00950
57	0.01000
58	0.01150
59	0.01300
60	0.01600
61	0.01350
62	0.01550
63	0.01400
64	0.01200
65	0.01300
66	0.01500
67	0.01500
68	0.01750
69	0.00900
70	0.01250
71	0.01250
72	0.01700
73	0.01200
74	0.01500
75	0.01600
76	0.01150
77	0.01150
78	0.01600
79	0.01200
80	0.01450
81	0.01450
82	0.01400
83	0.01100
84	0.01600
85	0.01350
86	0.01350
87	0.00600
88	0.00850
89	0.00850
90	0.00950
91	0.01250
92	0.01500
93	0.00850
94	0.00950
95	0.01000
96	0.01250
97	0.00700
98	0.01150
99	0.00800
100	0.00550
101	0.00750
102	0.00550
103	0.00300
104	0.00800
105	0.00900
106	0.00850
107	0.00800
108	0.00700
109	0.00550
110	0.00550
111	0.00400
112	0.00300
113	0.00350
114	0.00200
115	0.00250
116	0.00300
117	0.00750
118	0.00300
119	0.00400
120	0.00500
121	0.00600
122	0.00400
123	0.00250
124	0.00500
125	0.00450
126	0.00400
127	0.00250
128	0.00400
129	0.00500
130	0.00250
131	0.00150
132	0.00050
133	0.00150
134	0.00200
135	0.00300
136	0.00150
137	0.00400
138	0.00100
139	0.00150
140	0.00150
141	0.00150
142	0.00150
143	0.00250
144	0.00150
145	0.00100
146	0.00050
147	0.00050
148	0.00050
149	0.00050
150	0.00100
151	0.00000
152	0.00250
153	0.00250
154	0.00100
155	0.00100
156	0.00200
157	0.00000
158	0.00100
159	0.00050
160	0.00050
161	0.00050
162	0.00100
163	0.00150
164	0.00000
165	0.00000
166	0.00050
167	0.00050
168	0.00050
169	0.00000
170	0.00050
171	0.00050
172	0.00150
173	0.00000
174	0.00150
175	0.00000
176	0.00000
177	0.00150
178	0.00000
179	0.00050
