0	0.00500
1	0.00500
2	0.00500
3	0.00500
4	0.00500
5	0.00500
6	0.00550
7	0.00600
8	0.00650
9	0.00700
10	0.00750
11	0.00750
12	0.00800
13	0.00900
14	0.00950
15	0.01000
16	0.01150
17	0.01300
18	0.01450
19	0.01600
20	0.01800
21	0.01900
22	0.02100
23	0.02200
24	0.02250
25	0.02350
26	0.02500
27	0.02750
28	0.03000
29	0.03300
30	0.03600
31	0.03850
32	0.04200
33	0.04700
34	0.05200
35	0.05550
36	0.06100
37	0.06300
38	0.06650
39	0.07250
40	0.07700
41	0.08250
42	0.08800
43	0.09500
44	0.10000
45	0.10300
46	0.10850
47	0.11550
48	0.12300
49	0.13200
50	0.13800
51	0.14700
52	0.15600
53	0.16600
54	0.17950
55	0.19050
56	0.20000
57	0.21000
58	0.22150
59	0.23450
60	0.25050
61	0.26400
62	0.27950
63	0.29350
64	0.30550
65	0.31850
66	0.33350
67	0.34850
68	0.36600
69	0.37500
70	0.38750
71	0.40000
72	0.41700
73	0.42900
74	0.44400
75	0.46000
76	0.47150
77	0.48300
78	0.49900
79	0.51100
80	0.52550
81	0.54000
82	0.55400
83	0.56500
84	0.58100
85	0.59450
86	0.60800
87	0.61400
88	0.62250
89	0.63100
90	0.64050
91	0.65300
92	0.66800
93	0.67650
94	0.68600
95	0.69600
96	0.70850
97	0.71550
98	0.72700
99	0.73500
100	0.74050
101	0.74800
102	0.75350
103	0.75650
104	0.76450
105	0.77350
106	0.78200
107	0.79000
108	0.79700
109	0.80250
110	0.80800
111	0.81200
112	0.81500
113	0.81850
114	0.82050
115	0.82300
116	0.82600
117	0.83350
118	0.83650
119	0.84050
120	0.84550
121	0.85150
122	0.85550
123	0.85800
124	0.86300
125	0.86750
126	0.87150
127	0.87400
128	0.87800
129	0.88300
130	0.88550
131	0.88700
132	0.88750
133	0.88900
134	0.89100
135	0.89400
136	0.89550
137	0.89950
138	0.90050
139	0.90200
140	0.90350
141	0.90500
142	0.90650
143	0.90900
144	0.91050
145	0.91150
146	0.91200
147	0.91250
148	0.91300
149	0.91350
150	0.91450
151	0.91450
152	0.91700
153	0.91950
154	0.92050
155	0.92150
156	0.92350
157	0.92350
158	0.92450
159	0.92500
160	0.92550
161	0.92600
162	0.92700
163	0.92850
164	0.92850
165	0.92850
166	0.92900
167	0.92950
168	0.93000
169	0.93000
170	0.93050
171	0.93100
172	0.93250
173	0.93250
174	0.93400
175	0.93400
176	0.93400
177	0.93550
178	0.93550
179	0.93600
