0	0.00000
1	0.00000
2	0.00000
3	0.00000
4	0.00000
5	0.00000
6	0.00000
7	0.00000
8	0.02550
9	0.03004
10	0.07162
11	0.07565
12	0.07056
13	0.06929
14	0.06975
15	0.07921
16	0.08215
17	0.06375
18	0.09407
19	0.11238
20	0.13692
21	0.20213
22	0.24264
23	0.22778
24	0.24130
25	0.21803
26	0.19885
27	0.22620
28	0.20152
29	0.21416
30	0.28347
31	0.33184
32	0.34092
33	0.37128
34	0.44144
35	0.49419
36	0.56646
37	0.56785
38	0.55408
39	0.48651
40	0.43457
41	0.48489
42	0.45302
43	0.43914
44	0.41740
45	0.42370
46	0.39456
47	0.36247
48	0.36192
49	0.39035
50	0.38953
51	0.38945
52	0.34315
53	0.33707
54	0.32602
55	0.29797
56	0.30504
57	0.30741
58	0.27664
59	0.29049
60	0.28006
61	0.27459
62	0.29641
63	0.29355
64	0.28071
65	0.26382
66	0.25019
67	0.23469
68	0.21711
69	0.20317
70	0.20468
71	0.17871
72	0.16590
73	0.14623
74	0.15568
75	0.14374
76	0.14581
77	0.13994
78	0.13086
79	0.11903
80	0.12072
81	0.10817
82	0.11455
83	0.10840
84	0.10039
85	0.09893
86	0.09660
87	0.09149
88	0.08980
89	0.07729
90	0.07085
91	0.06437
92	0.06213
93	0.06452
94	0.06738
95	0.06295
96	0.06048
97	0.05749
98	0.05948
99	0.05644
100	0.05747
101	0.05443
102	0.04866
103	0.04502
104	0.04045
105	0.03500
106	0.03572
107	0.03289
108	0.03405
109	0.03709
110	0.03755
111	0.03649
112	0.03587
113	0.03252
114	0.02876
115	0.02638
116	0.02249
117	0.01880
118	0.01811
119	0.02110
120	0.02032
121	0.02058
122	0.02212
123	0.02558
124	0.02385
125	0.02216
126	0.02107
127	0.02078
128	0.02085
129	0.01884
130	0.01787
131	0.01814
132	0.01691
133	0.01498
134	0.01207
135	0.00927
136	0.00890
137	0.00912
138	0.00771
139	0.00878
140	0.00808
141	0.00812
142	0.00779
143	0.00858
144	0.00694
145	0.00767
146	0.00752
147	0.00770
148	0.00729
149	0.00575
150	0.00551
151	0.00433
152	0.00417
153	0.00278
154	0.00372
155	0.00646
156	0.00725
157	0.00753
158	0.00820
159	0.00680
160	0.00730
161	0.00654
162	0.00534
163	0.00485
164	0.00450
165	0.00484
166	0.00474
167	0.00384
168	0.00316
169	0.00265
170	0.00260
171	0.00195
172	0.00102
173	0.00121
174	0.00201
175	0.00179
176	0.00245
177	0.00204
178	0.00197
179	0.00321
