0	0	0	0	0	0	
1	501	0	0	0	0	
2	501	0	0	0	0	
3	501	0	0	0	0	
4	501	0	0	0	0	
5	501	0	0	0	0	
6	500	0	0	0	0	
7	500	0	0	0	0	
8	500	0	0	0	0	
9	500	0	0	0	0	
10	498	1	0	0	0	
11	498	0	1	0	0	
12	495	3	0	1	0	
13	493	0	3	0	1	
14	491	1	1	2	1	
15	489	2	2	1	2	
16	487	2	2	2	2	
17	485	2	2	1	3	
18	484	2	2	1	3	
19	483	2	2	1	3	
20	482	2	3	0	4	
21	467	14	2	3	4	
22	462	5	13	2	7	
23	462	0	5	13	9	
24	459	3	0	5	22	
25	459	0	3	0	27	
26	459	0	1	2	27	
27	456	2	1	0	29	
28	452	2	3	0	29	
29	449	2	3	2	29	
30	438	10	2	3	31	
31	431	9	7	2	34	
32	427	5	7	7	36	
33	423	5	5	6	43	
34	417	7	4	5	49	
35	406	11	7	4	54	
36	397	8	11	7	57	
37	393	7	5	12	62	
38	387	6	7	6	72	
39	385	5	4	8	75	
40	382	5	3	7	78	
41	380	3	3	8	80	
42	374	5	1	8	83	
43	367	7	2	6	86	
44	365	5	3	7	87	
45	361	9	0	7	90	
46	359	8	1	5	92	
47	356	7	1	6	92	
48	353	7	0	6	93	
49	347	9	1	4	94	
50	341	10	4	4	94	
51	338	9	4	6	94	
52	334	8	5	6	94	
53	332	7	5	6	95	
54	329	7	4	6	95	
55	324	7	4	5	96	
56	320	6	5	5	96	
57	316	7	5	5	96	
58	311	7	5	5	96	
59	308	7	4	6	96	
60	305	7	4	6	96	
61	298	5	4	6	96	
62	291	5	4	6	96	
63	282	5	4	6	96	
64	275	5	4	6	96	
65	271	5	4	6	96	
66	261	5	4	6	96	
67	260	5	4	6	95	
68	257	4	4	6	95	
69	255	4	4	6	95	
70	251	4	4	5	95	
71	246	4	4	5	94	
72	238	4	4	5	94	
73	234	4	4	5	94	
74	230	4	4	5	94	
75	227	4	3	5	93	
76	223	4	3	5	93	
77	216	4	3	5	93	
78	213	4	3	5	93	
79	209	4	3	5	93	
80	206	4	3	5	92	
81	200	4	3	5	92	
82	196	4	3	5	92	
83	188	4	3	5	92	
84	177	3	3	5	92	
85	174	3	3	5	92	
86	167	3	3	5	92	
87	164	3	3	5	92	
88	161	3	3	5	91	
89	159	3	3	5	91	
90	152	3	3	5	91	
91	143	2	2	5	91	
92	137	2	2	5	91	
93	134	2	2	5	91	
94	131	2	2	5	91	
95	126	2	2	5	91	
96	121	2	2	5	91	
97	117	2	2	5	91	
98	113	1	1	5	91	
99	106	1	1	5	91	
100	103	1	1	5	91	
101	99	1	1	5	91	
102	93	1	1	5	91	
103	93	1	1	5	91	
104	92	1	1	5	91	
105	89	1	1	5	91	
106	86	1	1	5	91	
107	80	1	1	5	91	
108	77	1	0	5	91	
109	73	1	0	5	91	
110	69	1	0	5	91	
111	66	1	0	5	91	
112	65	1	0	5	91	
113	64	0	0	5	91	
114	64	0	0	5	91	
115	63	0	0	5	91	
116	62	0	0	5	91	
117	57	0	0	5	91	
118	56	0	0	5	91	
119	55	0	0	5	91	
120	52	0	0	5	91	
121	50	0	0	5	91	
122	48	0	0	5	91	
123	47	0	0	5	91	
124	46	0	0	5	91	
125	45	0	0	5	91	
126	43	0	0	5	91	
127	42	0	0	5	91	
128	42	0	0	5	91	
129	37	0	0	5	91	
130	36	0	0	5	91	
131	36	0	0	5	91	
132	36	0	0	5	91	
133	35	0	0	5	91	
134	33	0	0	5	91	
135	32	0	0	5	91	
136	31	0	0	5	91	
137	30	0	0	5	91	
138	30	0	0	5	91	
139	30	0	0	5	91	
140	30	0	0	5	91	
141	30	0	0	5	91	
142	27	0	0	5	91	
143	26	0	0	5	91	
144	26	0	0	5	91	
145	26	0	0	5	91	
146	25	0	0	5	91	
147	24	0	0	5	91	
148	24	0	0	5	91	
149	24	0	0	5	91	
150	23	0	0	5	91	
151	23	0	0	5	91	
152	21	0	0	5	91	
153	19	0	0	5	91	
154	19	0	0	5	91	
155	19	0	0	5	91	
156	16	0	0	5	91	
157	16	0	0	5	91	
158	15	0	0	5	91	
159	15	0	0	5	91	
160	15	0	0	5	91	
161	15	0	0	5	91	
162	14	0	0	5	91	
163	14	0	0	5	91	
164	14	0	0	5	91	
165	14	0	0	5	91	
166	14	0	0	5	91	
167	14	0	0	5	91	
168	14	0	0	5	91	
169	14	0	0	5	91	
170	14	0	0	5	91	
171	14	0	0	5	91	
172	14	0	0	5	91	
173	14	0	0	5	91	
174	13	0	0	5	91	
175	13	0	0	5	91	
176	13	0	0	5	91	
177	12	0	0	5	91	
178	12	0	0	5	91	
179	11	0	0	5	91	
