0	0.00500
1	0.00900
2	0.01900
3	0.03950
4	0.07450
5	0.13300
6	0.22250
7	0.33100
8	0.46950
9	0.59250
10	0.70050
11	0.77600
12	0.81650
13	0.84450
14	0.86150
15	0.87150
16	0.87500
17	0.87850
18	0.88050
19	0.88250
20	0.88250
21	0.88250
22	0.88300
23	0.88300
24	0.88300
25	0.88300
26	0.88300
27	0.88300
28	0.88300
29	0.88300
30	0.88300
31	0.88300
32	0.88300
33	0.88300
34	0.88300
35	0.88300
36	0.88350
37	0.88350
38	0.88350
39	0.88350
40	0.88350
41	0.88350
42	0.88350
43	0.88350
44	0.88350
45	0.88350
46	0.88350
47	0.88350
48	0.88350
49	0.88350
50	0.88350
51	0.88350
52	0.88350
53	0.88350
54	0.88350
55	0.88350
56	0.88350
57	0.88350
58	0.88350
59	0.88350
60	0.88350
61	0.88350
62	0.88350
63	0.88350
64	0.88350
65	0.88350
66	0.88350
67	0.88350
68	0.88350
69	0.88350
70	0.88350
71	0.88350
72	0.88350
73	0.88350
74	0.88350
75	0.88350
76	0.88350
77	0.88350
78	0.88350
79	0.88350
80	0.88350
81	0.88350
82	0.88350
83	0.88350
84	0.88350
85	0.88350
86	0.88350
87	0.88350
88	0.88350
89	0.88350
90	0.88350
91	0.88350
92	0.88350
93	0.88350
94	0.88350
95	0.88350
96	0.88350
97	0.88350
98	0.88350
99	0.88350
100	0.88350
101	0.88350
102	0.88350
103	0.88350
104	0.88350
105	0.88350
106	0.88350
107	0.88350
108	0.88350
109	0.88350
110	0.88350
111	0.88350
112	0.88350
113	0.88350
114	0.88350
115	0.88350
116	0.88350
117	0.88350
118	0.88350
119	0.88350
120	0.88350
121	0.88350
122	0.88350
123	0.88350
124	0.88350
125	0.88350
126	0.88350
127	0.88350
128	0.88350
129	0.88350
130	0.88350
131	0.88350
132	0.88350
133	0.88350
134	0.88350
135	0.88350
136	0.88350
137	0.88350
138	0.88350
139	0.88350
140	0.88350
141	0.88350
142	0.88350
143	0.88350
144	0.88350
145	0.88350
146	0.88350
147	0.88350
148	0.88350
149	0.88350
150	0.88350
151	0.88350
152	0.88350
153	0.88350
154	0.88350
155	0.88350
156	0.88350
157	0.88350
158	0.88350
159	0.88350
160	0.88350
161	0.88350
162	0.88350
163	0.88350
164	0.88350
165	0.88350
166	0.88350
167	0.88350
168	0.88350
169	0.88350
170	0.88350
171	0.88350
172	0.88350
173	0.88350
174	0.88350
175	0.88350
176	0.88350
177	0.88350
178	0.88350
179	0.88350
