0	0	0	0	0	0	
1	743	0	0	0	0	
2	717	0	0	0	0	
3	2	647	0	0	0	
4	0	2	544	0	0	
5	0	0	1	431	0	
6	0	0	0	0	404	
7	0	0	0	0	400	
8	0	0	0	0	400	
9	0	0	0	0	400	
10	0	0	0	0	400	
11	0	0	0	0	400	
12	0	0	0	0	400	
13	0	0	0	0	400	
14	0	0	0	0	400	
15	0	0	0	0	400	
16	0	0	0	0	400	
17	0	0	0	0	400	
18	0	0	0	0	400	
19	0	0	0	0	400	
20	0	0	0	0	400	
21	0	0	0	0	400	
22	0	0	0	0	400	
23	0	0	0	0	400	
24	0	0	0	0	400	
25	0	0	0	0	400	
26	0	0	0	0	400	
27	0	0	0	0	400	
28	0	0	0	0	400	
29	0	0	0	0	400	
30	0	0	0	0	400	
31	0	0	0	0	400	
32	0	0	0	0	400	
33	0	0	0	0	400	
34	0	0	0	0	400	
35	0	0	0	0	400	
36	0	0	0	0	400	
37	0	0	0	0	400	
38	0	0	0	0	400	
39	0	0	0	0	400	
40	0	0	0	0	400	
41	0	0	0	0	400	
42	0	0	0	0	400	
43	0	0	0	0	400	
44	0	0	0	0	400	
45	0	0	0	0	400	
46	0	0	0	0	400	
47	0	0	0	0	400	
48	0	0	0	0	400	
49	0	0	0	0	400	
50	0	0	0	0	400	
51	0	0	0	0	400	
52	0	0	0	0	400	
53	0	0	0	0	400	
54	0	0	0	0	400	
55	0	0	0	0	400	
56	0	0	0	0	400	
57	0	0	0	0	400	
58	0	0	0	0	400	
59	0	0	0	0	400	
60	0	0	0	0	400	
61	0	0	0	0	400	
62	0	0	0	0	400	
63	0	0	0	0	400	
64	0	0	0	0	400	
65	0	0	0	0	400	
66	0	0	0	0	400	
67	0	0	0	0	400	
68	0	0	0	0	400	
69	0	0	0	0	400	
70	0	0	0	0	400	
71	0	0	0	0	400	
72	0	0	0	0	400	
73	0	0	0	0	400	
74	0	0	0	0	400	
75	0	0	0	0	400	
76	0	0	0	0	400	
77	0	0	0	0	400	
78	0	0	0	0	400	
79	0	0	0	0	400	
80	0	0	0	0	400	
81	0	0	0	0	400	
82	0	0	0	0	400	
83	0	0	0	0	400	
84	0	0	0	0	400	
85	0	0	0	0	400	
86	0	0	0	0	400	
87	0	0	0	0	400	
88	0	0	0	0	400	
89	0	0	0	0	400	
90	0	0	0	0	400	
91	0	0	0	0	400	
92	0	0	0	0	400	
93	0	0	0	0	400	
94	0	0	0	0	400	
95	0	0	0	0	400	
96	0	0	0	0	400	
97	0	0	0	0	400	
98	0	0	0	0	400	
99	0	0	0	0	400	
100	0	0	0	0	400	
101	0	0	0	0	400	
102	0	0	0	0	400	
103	0	0	0	0	400	
104	0	0	0	0	400	
105	0	0	0	0	400	
106	0	0	0	0	400	
107	0	0	0	0	400	
108	0	0	0	0	400	
109	0	0	0	0	400	
110	0	0	0	0	400	
111	0	0	0	0	400	
112	0	0	0	0	400	
113	0	0	0	0	400	
114	0	0	0	0	400	
115	0	0	0	0	400	
116	0	0	0	0	400	
117	0	0	0	0	400	
118	0	0	0	0	400	
119	0	0	0	0	400	
120	0	0	0	0	400	
121	0	0	0	0	400	
122	0	0	0	0	400	
123	0	0	0	0	400	
124	0	0	0	0	400	
125	0	0	0	0	400	
126	0	0	0	0	400	
127	0	0	0	0	400	
128	0	0	0	0	400	
129	0	0	0	0	400	
130	0	0	0	0	400	
131	0	0	0	0	400	
132	0	0	0	0	400	
133	0	0	0	0	400	
134	0	0	0	0	400	
135	0	0	0	0	400	
136	0	0	0	0	400	
137	0	0	0	0	400	
138	0	0	0	0	400	
139	0	0	0	0	400	
140	0	0	0	0	400	
141	0	0	0	0	400	
142	0	0	0	0	400	
143	0	0	0	0	400	
144	0	0	0	0	400	
145	0	0	0	0	400	
146	0	0	0	0	400	
147	0	0	0	0	400	
148	0	0	0	0	400	
149	0	0	0	0	400	
