0	0.00000
1	0.00000
2	0.00000
3	0.02405
4	0.08067
5	0.21801
6	0.49064
7	0.83795
8	1.15650
9	1.35701
10	1.27823
11	1.21637
12	1.11579
13	0.92430
14	0.74204
15	0.57168
16	0.43065
17	0.32940
18	0.25965
19	0.19569
20	0.15381
21	0.11866
22	0.09269
23	0.07252
24	0.05966
25	0.04700
26	0.04350
27	0.03457
28	0.02994
29	0.02490
30	0.02098
31	0.01879
32	0.01557
33	0.01136
34	0.01091
35	0.00798
36	0.00740
37	0.00616
38	0.00379
39	0.00357
40	0.00301
41	0.00168
42	0.00163
43	0.00138
44	0.00307
45	0.00303
46	0.00256
47	0.00211
48	0.00211
49	0.00211
50	0.00211
51	0.00000
52	0.00000
53	0.00000
54	0.00000
55	0.00000
56	0.00000
57	0.00000
58	0.00000
59	0.00000
60	0.00000
61	0.00000
62	0.00000
63	0.00000
64	0.00000
65	0.00000
66	0.00000
67	0.00000
68	0.00000
69	0.00000
70	0.00000
71	0.00000
72	0.00000
73	0.00000
74	0.00000
75	0.00000
76	0.00000
77	0.00000
78	0.00000
79	0.00000
80	0.00000
81	0.00000
82	0.00000
83	0.00000
84	0.00000
85	0.00000
86	0.00000
87	0.00000
88	0.00000
89	0.00000
90	0.00000
91	0.00000
92	0.00000
93	0.00000
94	0.00000
95	0.00000
96	0.00000
97	0.00000
98	0.00000
99	0.00000
