0	0.00500
1	0.01850
2	0.05150
3	0.13700
4	0.31400
5	0.55550
6	0.74450
7	0.79450
8	0.81000
9	0.81700
10	0.81850
11	0.81900
12	0.81900
13	0.81900
14	0.81900
15	0.81900
16	0.81900
17	0.81900
18	0.81900
19	0.81900
20	0.81900
21	0.81900
22	0.81900
23	0.81900
24	0.81900
25	0.81900
26	0.81900
27	0.81900
28	0.81900
29	0.81900
30	0.81900
31	0.81900
32	0.81900
33	0.81900
34	0.81900
35	0.81900
36	0.81900
37	0.81900
38	0.81900
39	0.81900
40	0.81900
41	0.81900
42	0.81900
43	0.81900
44	0.81900
45	0.81900
46	0.81900
47	0.81900
48	0.81900
49	0.81900
50	0.81900
51	0.81900
52	0.81900
53	0.81900
54	0.81900
55	0.81900
56	0.81900
57	0.81900
58	0.81900
59	0.81900
60	0.81900
61	0.81900
62	0.81900
63	0.81900
64	0.81900
65	0.81900
66	0.81900
67	0.81900
68	0.81900
69	0.81900
70	0.81900
71	0.81900
72	0.81900
73	0.81900
74	0.81900
75	0.81900
76	0.81900
77	0.81900
78	0.81900
79	0.81900
80	0.81900
81	0.81900
82	0.81900
83	0.81900
84	0.81900
85	0.81900
86	0.81900
87	0.81900
88	0.81900
89	0.81900
90	0.81900
91	0.81900
92	0.81900
93	0.81900
94	0.81900
95	0.81900
96	0.81900
97	0.81900
98	0.81900
99	0.81900
100	0.81900
101	0.81900
102	0.81900
103	0.81900
104	0.81900
105	0.81900
106	0.81900
107	0.81900
108	0.81900
109	0.81900
110	0.81900
111	0.81900
112	0.81900
113	0.81900
114	0.81900
115	0.81900
116	0.81900
117	0.81900
118	0.81900
119	0.81900
120	0.81900
121	0.81900
122	0.81900
123	0.81900
124	0.81900
125	0.81900
126	0.81900
127	0.81900
128	0.81900
129	0.81900
130	0.81900
131	0.81900
132	0.81900
133	0.81900
134	0.81900
135	0.81900
136	0.81900
137	0.81900
138	0.81900
139	0.81900
140	0.81900
141	0.81900
142	0.81900
143	0.81900
144	0.81900
145	0.81900
146	0.81900
147	0.81900
148	0.81900
149	0.81900
