0	0	0	0	0	0	
1	737	0	0	0	0	
2	718	0	0	0	0	
3	34	619	0	0	0	
4	0	27	484	0	0	
5	0	0	18	382	0	
6	0	0	0	14	350	
7	0	0	0	1	361	
8	0	0	0	1	360	
9	0	0	0	1	360	
10	0	0	0	1	360	
11	0	0	0	1	360	
12	0	0	0	1	360	
13	0	0	0	1	360	
14	0	0	0	1	360	
15	0	0	0	1	360	
16	0	0	0	1	360	
17	0	0	0	1	360	
18	0	0	0	1	360	
19	0	0	0	1	360	
20	0	0	0	1	360	
21	0	0	0	1	360	
22	0	0	0	1	360	
23	0	0	0	1	360	
24	0	0	0	1	360	
25	0	0	0	1	360	
26	0	0	0	1	360	
27	0	0	0	1	360	
28	0	0	0	1	360	
29	0	0	0	1	360	
30	0	0	0	1	360	
31	0	0	0	1	360	
32	0	0	0	1	360	
33	0	0	0	1	360	
34	0	0	0	1	360	
35	0	0	0	1	360	
36	0	0	0	1	360	
37	0	0	0	1	360	
38	0	0	0	1	360	
39	0	0	0	1	360	
40	0	0	0	1	360	
41	0	0	0	1	360	
42	0	0	0	1	360	
43	0	0	0	1	360	
44	0	0	0	1	360	
45	0	0	0	1	360	
46	0	0	0	1	360	
47	0	0	0	1	360	
48	0	0	0	1	360	
49	0	0	0	1	360	
50	0	0	0	1	360	
51	0	0	0	1	360	
52	0	0	0	1	360	
53	0	0	0	1	360	
54	0	0	0	1	360	
55	0	0	0	1	360	
56	0	0	0	1	360	
57	0	0	0	1	360	
58	0	0	0	1	360	
59	0	0	0	1	360	
60	0	0	0	1	360	
61	0	0	0	1	360	
62	0	0	0	1	360	
63	0	0	0	1	360	
64	0	0	0	1	360	
65	0	0	0	1	360	
66	0	0	0	1	360	
67	0	0	0	1	360	
68	0	0	0	1	360	
69	0	0	0	1	360	
70	0	0	0	1	360	
71	0	0	0	1	360	
72	0	0	0	1	360	
73	0	0	0	1	360	
74	0	0	0	1	360	
75	0	0	0	1	360	
76	0	0	0	1	360	
77	0	0	0	1	360	
78	0	0	0	1	360	
79	0	0	0	1	360	
80	0	0	0	1	360	
81	0	0	0	1	360	
82	0	0	0	1	360	
83	0	0	0	1	360	
84	0	0	0	1	360	
85	0	0	0	1	360	
86	0	0	0	1	360	
87	0	0	0	1	360	
88	0	0	0	1	360	
89	0	0	0	1	360	
90	0	0	0	1	360	
91	0	0	0	1	360	
92	0	0	0	1	360	
93	0	0	0	1	360	
94	0	0	0	1	360	
95	0	0	0	1	360	
96	0	0	0	1	360	
97	0	0	0	1	360	
98	0	0	0	1	360	
99	0	0	0	1	360	
100	0	0	0	1	360	
101	0	0	0	1	360	
102	0	0	0	1	360	
103	0	0	0	1	360	
104	0	0	0	1	360	
105	0	0	0	1	360	
106	0	0	0	1	360	
107	0	0	0	1	360	
108	0	0	0	1	360	
109	0	0	0	1	360	
110	0	0	0	1	360	
111	0	0	0	1	360	
112	0	0	0	1	360	
113	0	0	0	1	360	
114	0	0	0	1	360	
115	0	0	0	1	360	
116	0	0	0	1	360	
117	0	0	0	1	360	
118	0	0	0	1	360	
119	0	0	0	1	360	
120	0	0	0	1	360	
121	0	0	0	1	360	
122	0	0	0	1	360	
123	0	0	0	1	360	
124	0	0	0	1	360	
125	0	0	0	1	360	
126	0	0	0	1	360	
127	0	0	0	1	360	
128	0	0	0	1	360	
129	0	0	0	1	360	
130	0	0	0	1	360	
131	0	0	0	1	360	
132	0	0	0	1	360	
133	0	0	0	1	360	
134	0	0	0	1	360	
135	0	0	0	1	360	
136	0	0	0	1	360	
137	0	0	0	1	360	
138	0	0	0	1	360	
139	0	0	0	1	360	
140	0	0	0	1	360	
141	0	0	0	1	360	
142	0	0	0	1	360	
143	0	0	0	1	360	
144	0	0	0	1	360	
145	0	0	0	1	360	
146	0	0	0	1	360	
147	0	0	0	1	360	
148	0	0	0	1	360	
149	0	0	0	1	360	
