0	0.00000
1	0.00000
2	0.00000
3	0.08520
4	0.14137
5	0.28999
6	0.37772
7	0.42555
8	0.46100
9	0.57934
10	0.55150
11	0.66566
12	0.49861
13	0.41263
14	0.41357
15	0.32648
16	0.37377
17	0.39577
18	0.46404
19	0.47084
20	0.48126
21	0.40013
22	0.42931
23	0.44003
24	0.36583
25	0.36181
26	0.38060
27	0.38591
28	0.36031
29	0.33907
30	0.32103
31	0.29042
32	0.29115
33	0.24490
34	0.24066
35	0.26091
36	0.27559
37	0.27271
38	0.26987
39	0.26868
40	0.25570
41	0.23893
42	0.23275
43	0.20836
44	0.19128
45	0.20016
46	0.20554
47	0.20327
48	0.18431
49	0.16691
50	0.15652
51	0.15647
52	0.16054
53	0.16247
54	0.15946
55	0.16951
56	0.16895
57	0.15754
58	0.14219
59	0.11986
60	0.11498
61	0.12177
62	0.10807
63	0.11377
64	0.10634
65	0.10390
66	0.09464
67	0.08594
68	0.08067
69	0.06783
70	0.06738
71	0.06829
72	0.06216
73	0.05785
74	0.05918
75	0.05782
76	0.05214
77	0.04341
78	0.03972
79	0.03477
80	0.03531
81	0.03829
82	0.03981
83	0.04023
84	0.03928
85	0.03438
86	0.02799
87	0.02438
88	0.02166
89	0.02021
90	0.01765
91	0.01896
92	0.01859
93	0.01758
94	0.01531
95	0.01654
96	0.01673
97	0.01472
98	0.01394
99	0.01430
100	0.01404
101	0.01228
102	0.01220
103	0.01005
104	0.00899
105	0.00756
106	0.00657
107	0.00594
108	0.00356
109	0.00483
110	0.00457
111	0.00512
112	0.00494
113	0.00420
114	0.00471
115	0.00344
116	0.00507
117	0.00464
118	0.00395
119	0.00364
120	0.00313
121	0.00373
122	0.00154
123	0.00072
124	0.00072
125	0.00072
126	0.00072
127	0.00000
128	0.00084
129	0.00170
130	0.00170
131	0.00162
132	0.00162
133	0.00162
134	0.00086
135	0.00000
136	0.00000
137	0.00077
138	0.00077
139	0.00077
140	0.00077
141	0.00077
142	0.00077
143	0.00000
144	0.00000
145	0.00088
146	0.00087
147	0.00087
148	0.00172
149	0.00166
