0	0	0	0	0	0	
1	750	0	0	0	0	
2	748	0	0	0	0	
3	341	405	0	0	0	
4	117	224	405	0	0	
5	0	117	224	405	0	
6	0	0	117	224	405	
7	0	0	0	117	629	
8	0	0	0	0	746	
9	0	0	0	0	746	
10	0	0	0	0	746	
11	0	0	0	0	746	
12	0	0	0	0	746	
13	0	0	0	0	746	
14	0	0	0	0	746	
15	0	0	0	0	746	
16	0	0	0	0	746	
17	0	0	0	0	746	
18	0	0	0	0	746	
19	0	0	0	0	746	
20	0	0	0	0	746	
21	0	0	0	0	746	
22	0	0	0	0	746	
23	0	0	0	0	746	
24	0	0	0	0	746	
25	0	0	0	0	746	
26	0	0	0	0	746	
27	0	0	0	0	746	
28	0	0	0	0	746	
29	0	0	0	0	746	
30	0	0	0	0	744	
31	0	0	0	0	744	
32	0	0	0	0	744	
33	0	0	0	0	743	
34	0	0	0	0	743	
35	0	0	0	0	743	
36	0	0	0	0	742	
37	0	0	0	0	742	
38	0	0	0	0	741	
39	0	0	0	0	741	
40	0	0	0	0	741	
41	0	0	0	0	740	
42	0	0	0	0	740	
43	0	0	0	0	739	
44	0	0	0	0	738	
45	0	0	0	0	736	
46	0	0	0	0	734	
47	0	0	0	0	734	
48	0	0	0	0	734	
49	0	0	0	0	733	
50	0	0	0	0	733	
51	0	0	0	0	733	
52	0	0	0	0	731	
53	0	0	0	0	731	
54	0	0	0	0	730	
55	0	0	0	0	730	
56	0	0	0	0	730	
57	0	0	0	0	730	
58	0	0	0	0	729	
59	0	0	0	0	727	
60	0	0	0	0	727	
61	0	0	0	0	726	
62	0	0	0	0	726	
63	0	0	0	0	726	
64	0	0	0	0	726	
65	0	0	0	0	726	
66	0	0	0	0	724	
67	0	0	0	0	723	
68	0	0	0	0	723	
69	0	0	0	0	723	
70	0	0	0	0	723	
71	0	0	0	0	723	
72	0	0	0	0	723	
73	0	0	0	0	723	
74	0	0	0	0	723	
75	0	0	0	0	723	
76	0	0	0	0	723	
77	0	0	0	0	723	
78	0	0	0	0	722	
79	0	0	0	0	722	
80	0	0	0	0	722	
81	0	0	0	0	722	
82	0	0	0	0	721	
83	0	0	0	0	721	
84	0	0	0	0	721	
85	0	0	0	0	721	
86	0	0	0	0	721	
87	0	0	0	0	721	
88	0	0	0	0	721	
89	0	0	0	0	721	
90	0	0	0	0	721	
91	0	0	0	0	721	
92	0	0	0	0	721	
93	0	0	0	0	721	
94	0	0	0	0	721	
95	0	0	0	0	721	
96	0	0	0	0	721	
97	0	0	0	0	721	
98	0	0	0	0	721	
99	0	0	0	0	721	
100	0	0	0	0	721	
101	0	0	0	0	721	
102	0	0	0	0	721	
103	0	0	0	0	721	
104	0	0	0	0	721	
105	0	0	0	0	721	
106	0	0	0	0	721	
107	0	0	0	0	721	
108	0	0	0	0	721	
109	0	0	0	0	721	
110	0	0	0	0	721	
111	0	0	0	0	721	
112	0	0	0	0	721	
113	0	0	0	0	721	
114	0	0	0	0	721	
115	0	0	0	0	721	
116	0	0	0	0	721	
117	0	0	0	0	721	
118	0	0	0	0	721	
119	0	0	0	0	721	
120	0	0	0	0	721	
121	0	0	0	0	721	
122	0	0	0	0	721	
123	0	0	0	0	721	
124	0	0	0	0	721	
125	0	0	0	0	721	
126	0	0	0	0	721	
127	0	0	0	0	721	
128	0	0	0	0	721	
129	0	0	0	0	721	
130	0	0	0	0	721	
131	0	0	0	0	721	
132	0	0	0	0	721	
133	0	0	0	0	721	
134	0	0	0	0	721	
135	0	0	0	0	721	
136	0	0	0	0	721	
137	0	0	0	0	721	
138	0	0	0	0	721	
139	0	0	0	0	721	
140	0	0	0	0	721	
141	0	0	0	0	721	
142	0	0	0	0	721	
143	0	0	0	0	721	
144	0	0	0	0	721	
145	0	0	0	0	721	
146	0	0	0	0	721	
147	0	0	0	0	721	
148	0	0	0	0	721	
149	0	0	0	0	721	
