0	0.00000
1	0.00000
2	0.00000
3	0.07937
4	0.35950
5	0.74139
6	1.04748
7	1.18263
8	1.34690
9	1.35553
10	1.30835
11	1.16683
12	1.01670
13	0.80569
14	0.61659
15	0.47097
16	0.35913
17	0.26968
18	0.20816
19	0.15830
20	0.12019
21	0.09514
22	0.07624
23	0.06199
24	0.04885
25	0.04032
26	0.03461
27	0.03028
28	0.02591
29	0.02127
30	0.01515
31	0.01316
32	0.01086
33	0.00920
34	0.00739
35	0.00517
36	0.00475
37	0.00415
38	0.00442
39	0.00366
40	0.00116
41	0.00106
42	0.00094
43	0.00029
44	0.00029
45	0.00000
46	0.00000
47	0.00000
48	0.00000
49	0.00000
50	0.00000
51	0.00000
52	0.00000
53	0.00000
54	0.00000
55	0.00000
56	0.00000
57	0.00000
58	0.00000
59	0.00000
60	0.00000
61	0.00000
62	0.00000
63	0.00000
64	0.00000
65	0.00000
66	0.00000
67	0.00000
68	0.00000
69	0.00000
70	0.00000
71	0.00000
72	0.00000
73	0.00000
74	0.00000
75	0.00000
76	0.00000
77	0.00000
78	0.00000
79	0.00000
80	0.00000
81	0.00000
82	0.00000
83	0.00000
84	0.00000
85	0.00000
86	0.00000
87	0.00000
88	0.00000
89	0.00000
90	0.00000
91	0.00000
92	0.00000
93	0.00000
94	0.00000
95	0.00000
96	0.00000
97	0.00000
98	0.00000
99	0.00000
