0	0.00000
1	0.00000
2	0.00000
3	0.00000
4	0.09295
5	0.20323
6	0.17677
7	0.21120
8	0.35252
9	0.44368
10	0.49007
11	0.48498
12	0.44061
13	0.44685
14	0.47055
15	0.46712
16	0.56114
17	0.57257
18	0.62795
19	0.68676
20	0.72925
21	0.70274
22	0.65970
23	0.59109
24	0.52479
25	0.53793
26	0.55546
27	0.55665
28	0.51140
29	0.45850
30	0.47477
31	0.45686
32	0.45435
33	0.43179
34	0.40917
35	0.37919
36	0.35085
37	0.32926
38	0.30967
39	0.31376
40	0.30939
41	0.31437
42	0.30473
43	0.30658
44	0.28453
45	0.26956
46	0.27415
47	0.27054
48	0.28771
49	0.28379
50	0.30869
51	0.29621
52	0.28241
53	0.26693
54	0.26613
55	0.25633
56	0.23485
57	0.24364
58	0.22680
59	0.21200
60	0.20428
61	0.20137
62	0.21381
63	0.20313
64	0.19223
65	0.17718
66	0.16561
67	0.15205
68	0.13617
69	0.13032
70	0.12883
71	0.12063
72	0.11633
73	0.11864
74	0.11530
75	0.10519
76	0.10267
77	0.08852
78	0.07821
79	0.06909
80	0.06827
81	0.06506
82	0.06044
83	0.06037
84	0.05489
85	0.05114
86	0.05233
87	0.04989
88	0.04739
89	0.04292
90	0.04161
91	0.03421
92	0.03128
93	0.02811
94	0.02603
95	0.02671
96	0.02718
97	0.02918
98	0.02801
99	0.02544
100	0.02257
101	0.01889
102	0.01972
103	0.01645
104	0.01513
105	0.01252
106	0.01171
107	0.01221
108	0.01118
109	0.01119
110	0.00997
111	0.00891
112	0.00719
113	0.00713
114	0.00740
115	0.00579
116	0.00494
117	0.00442
118	0.00372
119	0.00356
120	0.00416
121	0.00347
122	0.00217
123	0.00273
124	0.00264
125	0.00264
126	0.00269
127	0.00263
128	0.00278
129	0.00272
130	0.00265
131	0.00217
132	0.00283
133	0.00223
134	0.00141
135	0.00141
136	0.00070
137	0.00070
138	0.00070
139	0.00070
140	0.00000
141	0.00093
142	0.00093
143	0.00093
144	0.00093
145	0.00093
146	0.00093
147	0.00093
148	0.00094
149	0.00000
