0	0.00500
1	0.01500
2	0.03700
3	0.10400
4	0.24650
5	0.51100
6	0.78400
7	0.91750
8	0.96600
9	0.98150
10	0.98400
11	0.98450
12	0.98500
13	0.98550
14	0.98550
15	0.98550
16	0.98550
17	0.98550
18	0.98550
19	0.98550
20	0.98550
21	0.98550
22	0.98550
23	0.98550
24	0.98550
25	0.98550
26	0.98550
27	0.98550
28	0.98550
29	0.98550
30	0.98550
31	0.98550
32	0.98550
33	0.98550
34	0.98550
35	0.98550
36	0.98550
37	0.98550
38	0.98550
39	0.98550
40	0.98550
41	0.98550
42	0.98550
43	0.98550
44	0.98550
45	0.98550
46	0.98550
47	0.98550
48	0.98550
49	0.98550
50	0.98550
51	0.98550
52	0.98550
53	0.98550
54	0.98550
55	0.98550
56	0.98550
57	0.98550
58	0.98550
59	0.98550
60	0.98550
61	0.98550
62	0.98550
63	0.98550
64	0.98550
65	0.98550
66	0.98550
67	0.98550
68	0.98550
69	0.98550
70	0.98550
71	0.98550
72	0.98550
73	0.98550
74	0.98550
75	0.98550
76	0.98550
77	0.98550
78	0.98550
79	0.98550
80	0.98550
81	0.98550
82	0.98550
83	0.98550
84	0.98550
85	0.98550
86	0.98550
87	0.98550
88	0.98550
89	0.98550
90	0.98550
91	0.98550
92	0.98550
93	0.98550
94	0.98550
95	0.98550
96	0.98550
97	0.98550
98	0.98550
99	0.98550
100	0.98550
101	0.98550
102	0.98550
103	0.98550
104	0.98550
105	0.98550
106	0.98550
107	0.98550
108	0.98550
109	0.98550
110	0.98550
111	0.98550
112	0.98550
113	0.98550
114	0.98550
115	0.98550
116	0.98550
117	0.98550
118	0.98550
119	0.98550
120	0.98550
121	0.98550
122	0.98550
123	0.98550
124	0.98550
125	0.98550
126	0.98550
127	0.98550
128	0.98550
129	0.98550
130	0.98550
131	0.98550
132	0.98550
133	0.98550
134	0.98550
135	0.98550
136	0.98550
137	0.98550
138	0.98550
139	0.98550
140	0.98550
141	0.98550
142	0.98550
143	0.98550
144	0.98550
145	0.98550
146	0.98550
147	0.98550
148	0.98550
149	0.98550
150	0.98550
