0	0.00500
1	0.01400
2	0.03650
3	0.10400
4	0.25500
5	0.49850
6	0.69200
7	0.78050
8	0.80400
9	0.81050
10	0.81250
11	0.81350
12	0.81350
13	0.81350
14	0.81350
15	0.81350
16	0.81350
17	0.81350
18	0.81350
19	0.81350
20	0.81350
21	0.81350
22	0.81350
23	0.81350
24	0.81350
25	0.81350
26	0.81350
27	0.81350
28	0.81350
29	0.81350
30	0.81350
31	0.81350
32	0.81350
33	0.81350
34	0.81350
35	0.81350
36	0.81350
37	0.81350
38	0.81350
39	0.81350
40	0.81350
41	0.81350
42	0.81350
43	0.81350
44	0.81350
45	0.81350
46	0.81350
47	0.81350
48	0.81350
49	0.81350
50	0.81350
51	0.81350
52	0.81350
53	0.81350
54	0.81350
55	0.81350
56	0.81350
57	0.81350
58	0.81350
59	0.81350
60	0.81350
61	0.81350
62	0.81350
63	0.81350
64	0.81350
65	0.81350
66	0.81350
67	0.81350
68	0.81350
69	0.81350
70	0.81350
71	0.81350
72	0.81350
73	0.81350
74	0.81350
75	0.81350
76	0.81350
77	0.81350
78	0.81350
79	0.81350
80	0.81350
81	0.81350
82	0.81350
83	0.81350
84	0.81350
85	0.81350
86	0.81350
87	0.81350
88	0.81350
89	0.81350
90	0.81350
91	0.81350
92	0.81350
93	0.81350
94	0.81350
95	0.81350
96	0.81350
97	0.81350
98	0.81350
99	0.81350
100	0.81350
101	0.81350
102	0.81350
103	0.81350
104	0.81350
105	0.81350
106	0.81350
107	0.81350
108	0.81350
109	0.81350
110	0.81350
111	0.81350
112	0.81350
113	0.81350
114	0.81350
115	0.81350
116	0.81350
117	0.81350
118	0.81350
119	0.81350
120	0.81350
121	0.81350
122	0.81350
123	0.81350
124	0.81350
125	0.81350
126	0.81350
127	0.81350
128	0.81350
129	0.81350
130	0.81350
131	0.81350
132	0.81350
133	0.81350
134	0.81350
135	0.81350
136	0.81350
137	0.81350
138	0.81350
139	0.81350
140	0.81350
141	0.81350
142	0.81350
143	0.81350
144	0.81350
145	0.81350
146	0.81350
147	0.81350
148	0.81350
149	0.81350
