0	0	0	0	0	0	
1	742	0	0	0	0	
2	728	0	0	0	0	
3	219	460	0	0	0	
4	0	181	384	0	0	
5	0	0	126	316	0	
6	0	0	3	89	292	
7	0	0	3	3	369	
8	0	0	3	3	367	
9	0	0	3	3	367	
10	0	0	3	3	367	
11	0	0	3	3	367	
12	0	0	3	3	367	
13	0	0	3	3	367	
14	0	0	3	3	367	
15	0	0	3	3	367	
16	0	0	3	3	367	
17	0	0	3	3	367	
18	0	0	3	3	367	
19	0	0	3	3	367	
20	0	0	3	3	367	
21	0	0	3	3	367	
22	0	0	3	3	367	
23	0	0	3	3	367	
24	0	0	3	3	367	
25	0	0	3	3	367	
26	0	0	3	3	367	
27	0	0	3	3	367	
28	0	0	3	3	367	
29	0	0	3	3	367	
30	0	0	3	3	367	
31	0	0	3	3	367	
32	0	0	3	3	367	
33	0	0	3	3	367	
34	0	0	3	3	367	
35	0	0	3	3	367	
36	0	0	3	3	367	
37	0	0	3	3	367	
38	0	0	3	3	367	
39	0	0	3	3	367	
40	0	0	3	3	367	
41	0	0	3	3	367	
42	0	0	3	3	367	
43	0	0	3	3	367	
44	0	0	3	3	367	
45	0	0	3	3	367	
46	0	0	3	3	367	
47	0	0	3	3	367	
48	0	0	3	3	367	
49	0	0	3	3	367	
50	0	0	3	3	367	
51	0	0	3	3	367	
52	0	0	3	3	367	
53	0	0	3	3	367	
54	0	0	3	3	367	
55	0	0	3	3	367	
56	0	0	3	3	367	
57	0	0	3	3	367	
58	0	0	3	3	367	
59	0	0	3	3	367	
60	0	0	3	3	367	
61	0	0	3	3	367	
62	0	0	3	3	367	
63	0	0	3	3	367	
64	0	0	3	3	367	
65	0	0	3	3	367	
66	0	0	3	3	367	
67	0	0	3	3	367	
68	0	0	3	3	367	
69	0	0	3	3	367	
70	0	0	3	3	367	
71	0	0	3	3	367	
72	0	0	3	3	367	
73	0	0	3	3	367	
74	0	0	3	3	367	
75	0	0	3	3	367	
76	0	0	3	3	367	
77	0	0	3	3	367	
78	0	0	3	3	367	
79	0	0	3	3	367	
80	0	0	3	3	367	
81	0	0	3	3	367	
82	0	0	3	3	367	
83	0	0	3	3	367	
84	0	0	3	3	367	
85	0	0	3	3	367	
86	0	0	3	3	367	
87	0	0	3	3	367	
88	0	0	3	3	367	
89	0	0	3	3	367	
90	0	0	3	3	367	
91	0	0	3	3	367	
92	0	0	3	3	367	
93	0	0	3	3	367	
94	0	0	3	3	367	
95	0	0	3	3	367	
96	0	0	3	3	367	
97	0	0	3	3	367	
98	0	0	3	3	367	
99	0	0	3	3	367	
100	0	0	3	3	367	
101	0	0	3	3	367	
102	0	0	3	3	367	
103	0	0	3	3	367	
104	0	0	3	3	367	
105	0	0	3	3	367	
106	0	0	3	3	367	
107	0	0	3	3	367	
108	0	0	3	3	367	
109	0	0	3	3	367	
110	0	0	3	3	367	
111	0	0	3	3	367	
112	0	0	3	3	367	
113	0	0	3	3	367	
114	0	0	3	3	367	
115	0	0	3	3	367	
116	0	0	3	3	367	
117	0	0	3	3	367	
118	0	0	3	3	367	
119	0	0	3	3	367	
120	0	0	3	3	367	
121	0	0	3	3	367	
122	0	0	3	3	367	
123	0	0	3	3	367	
124	0	0	3	3	367	
125	0	0	3	3	367	
126	0	0	3	3	367	
127	0	0	3	3	367	
128	0	0	3	3	367	
129	0	0	3	3	367	
130	0	0	3	3	367	
131	0	0	3	3	367	
132	0	0	3	3	367	
133	0	0	3	3	367	
134	0	0	3	3	367	
135	0	0	3	3	367	
136	0	0	3	3	367	
137	0	0	3	3	367	
138	0	0	3	3	367	
139	0	0	3	3	367	
140	0	0	3	3	367	
141	0	0	3	3	367	
142	0	0	3	3	367	
143	0	0	3	3	367	
144	0	0	3	3	367	
145	0	0	3	3	367	
146	0	0	3	3	367	
147	0	0	3	3	367	
148	0	0	3	3	367	
149	0	0	3	3	367	
