0	0.00000
1	0.00000
2	0.00000
3	0.00000
4	0.00000
5	0.00000
6	0.00000
7	0.00000
8	0.00000
9	0.00000
10	0.00000
11	0.00000
12	0.00000
13	0.00000
14	0.00000
15	0.00000
16	0.00000
17	0.00000
18	0.00000
19	0.00920
20	0.01074
21	0.01297
22	0.01498
23	0.01749
24	0.01591
25	0.01538
26	0.01321
27	0.01675
28	0.01919
29	0.01816
30	0.02284
31	0.02508
32	0.02253
33	0.01797
34	0.02753
35	0.02544
36	0.02627
37	0.02527
38	0.02366
39	0.02715
40	0.02567
41	0.02119
42	0.01930
43	0.01981
44	0.01754
45	0.01829
46	0.01754
47	0.01788
48	0.01644
49	0.01638
50	0.01547
51	0.01405
52	0.01310
53	0.01221
54	0.01129
55	0.01211
56	0.01087
57	0.00888
58	0.00820
59	0.00687
60	0.00710
61	0.00724
62	0.00683
63	0.00597
64	0.00557
65	0.00458
66	0.00471
67	0.00413
68	0.00370
69	0.00383
70	0.00379
71	0.00297
72	0.00241
73	0.00184
74	0.00183
75	0.00175
76	0.00183
77	0.00137
78	0.00089
79	0.00098
80	0.00089
81	0.00000
82	0.00000
83	0.00000
84	0.00000
85	0.00000
86	0.00000
87	0.00000
88	0.00000
89	0.00000
90	0.00000
91	0.00000
92	0.00000
93	0.00000
94	0.00000
95	0.00000
96	0.00000
97	0.00000
98	0.00000
99	0.00000
100	0.00000
101	0.00000
102	0.00000
103	0.00000
104	0.00000
105	0.00000
106	0.00000
107	0.00000
108	0.00000
109	0.00000
110	0.00000
111	0.00000
112	0.00000
113	0.00000
114	0.00000
115	0.00000
116	0.00000
117	0.00000
118	0.00000
119	0.00000
120	0.00000
121	0.00000
122	0.00000
123	0.00000
124	0.00000
125	0.00000
126	0.00000
127	0.00000
128	0.00000
129	0.00000
130	0.00000
131	0.00000
132	0.00000
133	0.00000
134	0.00000
135	0.00000
136	0.00000
137	0.00000
138	0.00000
139	0.00000
140	0.00000
141	0.00000
142	0.00000
143	0.00000
144	0.00000
145	0.00000
146	0.00000
147	0.00000
148	0.00000
149	0.00000
150	0.00000
151	0.00000
152	0.00000
153	0.00000
154	0.00000
155	0.00000
156	0.00000
157	0.00000
158	0.00000
159	0.00000
160	0.00000
161	0.00000
162	0.00000
163	0.00000
164	0.00000
165	0.00000
166	0.00000
167	0.00000
168	0.00000
169	0.00000
170	0.00000
171	0.00000
172	0.00000
173	0.00000
174	0.00000
175	0.00000
176	0.00000
177	0.00000
178	0.00000
179	0.00000
