0	0.00500
1	0.00550
2	0.00550
3	0.00750
4	0.00850
5	0.00900
6	0.00950
7	0.01000
8	0.01050
9	0.01200
10	0.01200
11	0.01250
12	0.01250
13	0.01300
14	0.01350
15	0.01400
16	0.01750
17	0.02100
18	0.02200
19	0.02500
20	0.02600
21	0.02800
22	0.02900
23	0.03050
24	0.03300
25	0.03600
26	0.03850
27	0.04200
28	0.04700
29	0.05050
30	0.05300
31	0.05850
32	0.06650
33	0.07300
34	0.07950
35	0.08450
36	0.09050
37	0.10100
38	0.11150
39	0.11800
40	0.12600
41	0.13550
42	0.14500
43	0.15750
44	0.16900
45	0.18100
46	0.19250
47	0.20900
48	0.22200
49	0.23500
50	0.24900
51	0.26450
52	0.27900
53	0.29850
54	0.31100
55	0.32400
56	0.33750
57	0.35000
58	0.37050
59	0.38950
60	0.40250
61	0.41900
62	0.43000
63	0.44450
64	0.46150
65	0.47850
66	0.49350
67	0.50950
68	0.52600
69	0.53600
70	0.54950
71	0.56300
72	0.57750
73	0.59100
74	0.60550
75	0.61650
76	0.62850
77	0.64150
78	0.65200
79	0.66450
80	0.67450
81	0.68700
82	0.69850
83	0.71200
84	0.71950
85	0.73100
86	0.73750
87	0.74600
88	0.75500
89	0.76100
90	0.76900
91	0.77550
92	0.78150
93	0.79250
94	0.80300
95	0.80650
96	0.81450
97	0.81950
98	0.82450
99	0.83300
100	0.83800
101	0.84750
102	0.85300
103	0.85800
104	0.86400
105	0.86700
106	0.87200
107	0.87700
108	0.88100
109	0.88700
110	0.88800
111	0.89050
112	0.89350
113	0.89500
114	0.89800
115	0.89950
116	0.90100
117	0.90450
118	0.90850
119	0.90950
120	0.91350
121	0.91550
122	0.91650
123	0.92000
124	0.92600
125	0.92800
126	0.93000
127	0.93250
128	0.93500
129	0.93850
130	0.94200
131	0.94350
132	0.94500
133	0.94700
134	0.94950
135	0.95050
136	0.95100
137	0.95150
138	0.95250
139	0.95300
140	0.95400
141	0.95700
142	0.95900
143	0.96100
144	0.96250
145	0.96300
146	0.96400
147	0.96500
148	0.96550
149	0.96650
150	0.96650
151	0.96800
152	0.96800
153	0.96900
154	0.97000
155	0.97000
156	0.97000
157	0.97000
158	0.97100
159	0.97350
160	0.97500
161	0.97600
162	0.97600
163	0.97600
164	0.97700
165	0.97750
166	0.97800
167	0.97850
168	0.97950
169	0.97950
170	0.98000
171	0.98050
172	0.98100
173	0.98100
174	0.98100
175	0.98150
176	0.98150
177	0.98200
178	0.98200
179	0.98200
