0	0.00000
1	0.00000
2	0.00000
3	0.00806
4	0.00807
5	0.03675
6	0.04838
7	0.04790
8	0.05407
9	0.05896
10	0.08704
11	0.14966
12	0.12599
13	0.15252
14	0.12968
15	0.12353
16	0.14854
17	0.12517
18	0.19652
19	0.30653
20	0.30055
21	0.34452
22	0.35278
23	0.35235
24	0.33960
25	0.34647
26	0.33062
27	0.39054
28	0.39783
29	0.44189
30	0.48804
31	0.47491
32	0.41778
33	0.43746
34	0.56390
35	0.55005
36	0.55203
37	0.51957
38	0.50526
39	0.55205
40	0.53847
41	0.47457
42	0.46553
43	0.44590
44	0.41308
45	0.40715
46	0.39168
47	0.38237
48	0.35162
49	0.34018
50	0.31737
51	0.28874
52	0.28560
53	0.28181
54	0.26134
55	0.27056
56	0.24298
57	0.22276
58	0.20295
59	0.18002
60	0.19131
61	0.18746
62	0.17884
63	0.16648
64	0.14965
65	0.15027
66	0.14072
67	0.13170
68	0.12675
69	0.12556
70	0.12568
71	0.11227
72	0.10301
73	0.09746
74	0.09718
75	0.09205
76	0.09101
77	0.08321
78	0.08173
79	0.07997
80	0.07531
81	0.07412
82	0.07173
83	0.06883
84	0.06844
85	0.06716
86	0.06211
87	0.06174
88	0.05324
89	0.05096
90	0.04882
91	0.04347
92	0.04439
93	0.04160
94	0.03928
95	0.04485
96	0.04705
97	0.04123
98	0.04057
99	0.03442
100	0.03252
101	0.03490
102	0.03216
103	0.03107
104	0.03274
105	0.03314
106	0.03281
107	0.02953
108	0.02552
109	0.02593
110	0.02322
111	0.02340
112	0.01871
113	0.01717
114	0.01850
115	0.01696
116	0.01508
117	0.01388
118	0.01015
119	0.01255
120	0.01470
121	0.01396
122	0.01369
123	0.01390
124	0.01413
125	0.01512
126	0.01691
127	0.01556
128	0.01576
129	0.01295
130	0.01291
131	0.01386
132	0.01661
133	0.01370
134	0.01276
135	0.01188
136	0.01366
137	0.01136
138	0.01051
139	0.00738
140	0.00703
141	0.00560
142	0.00517
143	0.00440
144	0.00559
145	0.00754
146	0.00768
147	0.00617
148	0.00675
149	0.00733
150	0.00599
151	0.00514
152	0.00321
153	0.00313
154	0.00307
155	0.00351
156	0.00960
157	0.00960
158	0.00896
159	0.00906
160	0.00868
161	0.00940
162	0.01023
163	0.00380
164	0.00376
165	0.00370
166	0.00449
167	0.00407
168	0.00337
169	0.00184
170	0.00178
171	0.00165
172	0.00188
173	0.00250
174	0.00294
175	0.00275
176	0.00243
177	0.00246
178	0.00236
179	0.00280
