0	0.00000
1	0.00000
2	0.00000
3	0.13015
4	0.33555
5	0.60173
6	1.02013
7	1.21980
8	1.32910
9	1.50130
10	1.46928
11	1.31057
12	1.15741
13	0.93393
14	0.74848
15	0.59601
16	0.45074
17	0.34230
18	0.26203
19	0.20250
20	0.15723
21	0.11680
22	0.09517
23	0.07474
24	0.05954
25	0.04865
26	0.04149
27	0.03800
28	0.03427
29	0.02859
30	0.02493
31	0.02076
32	0.01890
33	0.01481
34	0.00928
35	0.00604
36	0.00414
37	0.00214
38	0.00133
39	0.00021
40	0.00021
41	0.00021
42	0.00000
43	0.00000
44	0.00000
45	0.00000
46	0.00000
47	0.00000
48	0.00012
49	0.00012
50	0.00012
51	0.00022
52	0.00021
53	0.00009
54	0.00000
55	0.00008
56	0.00008
57	0.00008
58	0.00000
59	0.00000
60	0.00000
61	0.00000
62	0.00000
63	0.00000
64	0.00000
65	0.00000
66	0.00000
67	0.00000
68	0.00000
69	0.00000
70	0.00000
71	0.00000
72	0.00000
73	0.00000
74	0.00000
75	0.00000
76	0.00000
77	0.00000
78	0.00000
79	0.00000
80	0.00000
81	0.00000
82	0.00000
83	0.00000
84	0.00000
85	0.00000
86	0.00000
87	0.00000
88	0.00000
89	0.00000
90	0.00000
91	0.00000
92	0.00000
93	0.00000
94	0.00000
95	0.00000
96	0.00000
97	0.00000
98	0.00000
99	0.00000
