0	0.00000
1	0.00000
2	0.00000
3	0.07824
4	0.18594
5	0.34562
6	0.69117
7	0.95365
8	1.15410
9	1.40507
10	1.41140
11	1.30019
12	1.17175
13	0.96926
14	0.78484
15	0.62034
16	0.46971
17	0.35729
18	0.27107
19	0.20951
20	0.16284
21	0.12217
22	0.09888
23	0.07733
24	0.06136
25	0.04893
26	0.04048
27	0.03481
28	0.03113
29	0.02477
30	0.02152
31	0.01763
32	0.01627
33	0.01324
34	0.00873
35	0.00628
36	0.00507
37	0.00355
38	0.00292
39	0.00225
40	0.00225
41	0.00220
42	0.00099
43	0.00046
44	0.00046
45	0.00046
46	0.00067
47	0.00108
48	0.00142
49	0.00143
50	0.00143
51	0.00193
52	0.00189
53	0.00119
54	0.00081
55	0.00134
56	0.00134
57	0.00134
58	0.00083
59	0.00083
60	0.00083
61	0.00083
62	0.00000
63	0.00000
64	0.00000
65	0.00000
66	0.00000
67	0.00000
68	0.00000
69	0.00000
70	0.00000
71	0.00000
72	0.00000
73	0.00000
74	0.00000
75	0.00000
76	0.00000
77	0.00000
78	0.00000
79	0.00000
80	0.00000
81	0.00000
82	0.00000
83	0.00000
84	0.00000
85	0.00000
86	0.00000
87	0.00000
88	0.00000
89	0.00000
90	0.00000
91	0.00000
92	0.00000
93	0.00000
94	0.00000
95	0.00000
96	0.00000
97	0.00000
98	0.00000
99	0.00000
