0	0.00000
1	0.00000
2	0.00000
3	0.00500
4	0.00000
5	0.00500
6	0.00000
7	0.00500
8	0.00000
9	0.00000
10	0.00500
11	0.00000
12	0.00000
13	0.00000
14	0.00000
15	0.00000
16	0.00000
17	0.00000
18	0.00000
19	0.00500
20	0.00000
21	0.00000
22	0.00000
23	0.00000
24	0.01000
25	0.00000
26	0.00000
27	0.00000
28	0.00000
29	0.00000
30	0.00000
31	0.00000
32	0.00500
33	0.00000
34	0.00000
35	0.00000
36	0.00500
37	0.00000
38	0.00000
39	0.00500
40	0.00500
41	0.01000
42	0.00000
43	0.00000
44	0.00000
45	0.00000
46	0.00500
47	0.00500
48	0.00500
49	0.00000
50	0.00000
51	0.00500
52	0.00500
53	0.00000
54	0.00000
55	0.00000
56	0.00000
57	0.00500
58	0.00500
59	0.01000
60	0.01000
61	0.00500
62	0.00500
63	0.02000
64	0.00500
65	0.01000
66	0.00000
67	0.00000
68	0.00000
69	0.00500
70	0.01500
71	0.00000
72	0.00500
73	0.00500
74	0.01000
75	0.00500
76	0.00500
77	0.00000
78	0.00000
79	0.01000
80	0.00000
81	0.01500
82	0.00500
83	0.01000
84	0.00500
85	0.00500
86	0.00500
87	0.01000
88	0.01500
89	0.00500
90	0.00000
91	0.00000
92	0.01500
93	0.01000
94	0.00000
95	0.00500
96	0.01500
97	0.00500
98	0.00500
99	0.00500
100	0.02500
101	0.00500
102	0.01000
103	0.00500
104	0.01500
105	0.01000
106	0.00500
107	0.00500
108	0.00000
109	0.00500
110	0.01000
111	0.00500
112	0.01000
113	0.00500
114	0.01500
115	0.01000
116	0.00500
117	0.01500
118	0.00500
119	0.01000
120	0.00000
121	0.01500
122	0.00000
123	0.01000
124	0.00000
125	0.00000
126	0.01000
127	0.00000
128	0.00000
129	0.00500
130	0.00500
131	0.01000
132	0.01000
133	0.00500
134	0.00000
135	0.00500
136	0.00500
137	0.00500
138	0.00000
139	0.00000
140	0.00000
141	0.01000
142	0.00000
143	0.00000
144	0.02000
145	0.00000
146	0.00000
147	0.00500
148	0.00500
149	0.00000
150	0.00000
151	0.00000
152	0.00000
153	0.00000
154	0.00000
155	0.00000
156	0.00500
157	0.00000
158	0.00000
159	0.00000
160	0.00000
161	0.00000
162	0.00000
163	0.00500
164	0.00000
165	0.00000
166	0.00000
167	0.00500
168	0.00000
169	0.00000
170	0.00000
171	0.00000
172	0.00000
173	0.00000
174	0.01000
175	0.00000
176	0.00500
177	0.00000
178	0.00000
179	0.00000
180	0.00000
181	0.00500
182	0.00500
183	0.00500
184	0.00000
185	0.00000
186	0.00500
187	0.00000
188	0.00000
189	0.00000
190	0.00000
191	0.00000
192	0.00000
193	0.00000
194	0.00000
195	0.00000
196	0.00000
197	0.00500
198	0.00000
199	0.00000
