0	0.00000
1	0.00000
2	0.00000
3	0.00000
4	0.00000
5	0.27202
6	0.27202
7	0.31250
8	0.31250
9	0.56424
10	0.56195
11	0.47426
12	0.65990
13	0.59053
14	0.59053
15	0.59053
16	0.59053
17	0.59053
18	0.59053
19	0.58969
20	0.58969
21	0.74912
22	0.74912
23	0.64949
24	0.64694
25	0.64694
26	0.85980
27	0.83426
28	0.83426
29	0.76210
30	0.76210
31	0.76210
32	0.75469
33	0.75469
34	0.84269
35	0.84269
36	0.84184
37	0.84184
38	0.96603
39	0.97125
40	0.91172
41	0.92100
42	0.98227
43	1.11110
44	1.11110
45	1.11110
46	1.10863
47	1.09374
48	1.12219
49	1.16400
50	1.09002
51	1.09260
52	1.10072
53	1.09526
54	1.18561
55	1.18561
56	1.18561
57	1.13352
58	1.08026
59	1.08009
60	1.08937
61	1.22582
62	1.30108
63	1.37053
64	1.40590
65	1.47691
66	1.46497
67	1.66891
68	1.61912
69	1.59047
70	1.57878
71	1.53501
72	1.64128
73	1.60896
74	1.57083
75	1.61746
76	1.66073
77	1.64407
78	1.65399
79	1.52706
80	1.44251
81	1.50172
82	1.49170
83	1.67915
84	1.67868
85	1.72022
86	1.68954
87	1.64590
88	1.58855
89	1.59254
90	1.65300
91	1.63221
92	1.59453
93	1.55656
94	1.52444
95	1.53361
96	1.50411
97	1.46687
98	1.59395
99	1.61943
100	1.60978
101	1.61499
102	1.76721
103	1.73159
104	1.75636
105	1.74674
106	1.79154
107	1.87961
108	1.86931
109	1.85108
110	1.78914
111	1.74116
112	1.73419
113	1.68053
114	1.70488
115	1.70779
116	1.73615
117	1.76399
118	1.72512
119	1.65789
120	1.62569
121	1.65500
122	1.61288
123	1.58886
124	1.50554
125	1.53062
126	1.44549
127	1.42124
128	1.44732
129	1.41472
130	1.37334
131	1.40906
132	1.41193
133	1.44443
134	1.47652
135	1.46912
136	1.38045
137	1.37519
138	1.32886
139	1.33034
140	1.32394
141	1.29108
142	1.27528
143	1.30671
144	1.28640
145	1.27515
146	1.29709
147	1.28877
148	1.25038
149	1.19429
150	1.21677
151	1.19054
152	1.15599
153	1.11517
154	1.07943
155	1.04021
156	1.02277
157	0.99962
158	1.02255
159	0.99457
160	0.98028
161	0.97539
162	0.97228
163	0.96938
164	0.96034
165	0.96782
166	0.96782
167	0.97060
168	0.95198
169	0.96903
170	0.94269
171	0.93720
172	0.92584
173	0.89702
174	0.86080
175	0.84953
176	0.86608
177	0.84504
178	0.83603
179	0.81389
180	0.80987
181	0.80216
182	0.79401
183	0.79350
184	0.78795
185	0.79959
186	0.80002
187	0.79806
188	0.80104
189	0.79086
190	0.77921
191	0.77436
192	0.77436
193	0.77436
194	0.76005
195	0.74895
196	0.74895
197	0.73060
198	0.72768
199	0.73080
