0	0.00000
1	0.00000
2	0.00000
3	0.00000
4	0.00000
5	0.02320
6	0.02320
7	0.03368
8	0.03368
9	0.06736
10	0.06771
11	0.05208
12	0.07812
13	0.07031
14	0.07031
15	0.07031
16	0.07031
17	0.07031
18	0.07031
19	0.07068
20	0.07068
21	0.09424
22	0.09424
23	0.08290
24	0.08377
25	0.08377
26	0.13316
27	0.12522
28	0.12522
29	0.11464
30	0.11464
31	0.11464
32	0.11259
33	0.11259
34	0.13918
35	0.13918
36	0.13993
37	0.13993
38	0.18538
39	0.18638
40	0.16847
41	0.20036
42	0.23315
43	0.30965
44	0.30965
45	0.30965
46	0.30403
47	0.29788
48	0.36343
49	0.41065
50	0.41806
51	0.41480
52	0.41433
53	0.45084
54	0.51404
55	0.51404
56	0.51404
57	0.48305
58	0.47727
59	0.51724
60	0.54942
61	0.66082
62	0.77745
63	0.81526
64	0.84293
65	1.02147
66	1.07720
67	1.24284
68	1.20603
69	1.17953
70	1.15409
71	1.18553
72	1.31276
73	1.28397
74	1.27151
75	1.28842
76	1.37691
77	1.36601
78	1.37745
79	1.28532
80	1.20695
81	1.29865
82	1.27971
83	1.43644
84	1.46667
85	1.50711
86	1.49601
87	1.43357
88	1.41691
89	1.46078
90	1.54473
91	1.54105
92	1.47256
93	1.44924
94	1.45623
95	1.48615
96	1.45105
97	1.42712
98	1.55307
99	1.57849
100	1.56499
101	1.57754
102	1.76006
103	1.74812
104	1.78506
105	1.77251
106	1.83266
107	1.93296
108	1.92873
109	1.90470
110	1.84256
111	1.78816
112	1.74283
113	1.71388
114	1.74679
115	1.75193
116	1.81596
117	1.81866
118	1.75806
119	1.72013
120	1.69485
121	1.73086
122	1.69462
123	1.65407
124	1.56379
125	1.58224
126	1.51860
127	1.47185
128	1.50254
129	1.44290
130	1.40847
131	1.44160
132	1.45463
133	1.49024
134	1.53224
135	1.50768
136	1.43221
137	1.41947
138	1.41761
139	1.42386
140	1.41044
141	1.37050
142	1.35526
143	1.37455
144	1.38874
145	1.37460
146	1.38874
147	1.38212
148	1.33028
149	1.30536
150	1.32645
151	1.29922
152	1.27266
153	1.24762
154	1.20365
155	1.16224
156	1.14762
157	1.11219
158	1.13562
159	1.10969
160	1.09392
161	1.06750
162	1.06476
163	1.06580
164	1.05084
165	1.05690
166	1.05690
167	1.05456
168	1.02314
169	1.03867
170	1.02039
171	1.01541
172	1.00604
173	0.97735
174	0.95742
175	0.94770
176	0.98435
177	0.96510
178	0.95748
179	0.94435
180	0.93745
181	0.92783
182	0.90571
183	0.91274
184	0.89810
185	0.91057
186	0.90891
187	0.90454
188	0.90323
189	0.89644
190	0.88477
191	0.88091
192	0.88091
193	0.88091
194	0.87144
195	0.85993
196	0.85993
197	0.84633
198	0.84633
199	0.84663
