0	0.00000
1	0.00000
2	0.00000
3	0.00000
4	0.00000
5	0.00000
6	0.00000
7	0.00500
8	0.00000
9	0.00500
10	0.00000
11	0.00000
12	0.00500
13	0.00000
14	0.00000
15	0.00500
16	0.00000
17	0.00000
18	0.00500
19	0.00500
20	0.00500
21	0.00000
22	0.01000
23	0.01000
24	0.01000
25	0.00500
26	0.00000
27	0.00500
28	0.00500
29	0.00500
30	0.00000
31	0.01500
32	0.01000
33	0.00000
34	0.01000
35	0.01500
36	0.01000
37	0.01500
38	0.00000
39	0.00500
40	0.01000
41	0.00500
42	0.01000
43	0.00500
44	0.02000
45	0.01000
46	0.00500
47	0.00500
48	0.02000
49	0.00500
50	0.00000
51	0.01000
52	0.02000
53	0.01000
54	0.01000
55	0.02000
56	0.02000
57	0.01000
58	0.00500
59	0.00000
60	0.02000
61	0.01000
62	0.00500
63	0.00500
64	0.03000
65	0.01000
66	0.01000
67	0.02000
68	0.01000
69	0.00500
70	0.01500
71	0.00500
72	0.01000
73	0.01000
74	0.02000
75	0.02000
76	0.03000
77	0.00000
78	0.00500
79	0.01000
80	0.02000
81	0.00500
82	0.01500
83	0.01000
84	0.00500
85	0.01000
86	0.01000
87	0.03000
88	0.01000
89	0.01500
90	0.00500
91	0.00500
92	0.01500
93	0.00500
94	0.00000
95	0.02500
96	0.00500
97	0.00500
98	0.01500
99	0.00000
100	0.00000
101	0.00500
102	0.00500
103	0.00500
104	0.01500
105	0.00500
106	0.00000
107	0.01000
108	0.00000
109	0.00500
110	0.00500
111	0.01500
112	0.00500
113	0.00000
114	0.00500
115	0.00000
116	0.00500
117	0.00000
118	0.00500
119	0.00000
120	0.00000
121	0.00500
122	0.00000
123	0.00500
124	0.00000
125	0.00000
126	0.00500
127	0.00000
128	0.00000
129	0.00000
130	0.00000
131	0.00000
132	0.00000
133	0.00500
134	0.00000
135	0.00000
136	0.01000
137	0.00000
138	0.00000
139	0.00000
140	0.00500
141	0.00000
142	0.00000
143	0.00000
144	0.00000
145	0.00500
146	0.00000
147	0.00000
148	0.00000
149	0.00000
150	0.00000
151	0.00000
152	0.00000
153	0.00000
154	0.00000
155	0.00000
156	0.00000
157	0.00000
158	0.00000
159	0.00000
160	0.00000
161	0.00000
162	0.00000
163	0.00500
164	0.00000
165	0.00000
166	0.00000
167	0.00000
168	0.00000
169	0.00000
170	0.00000
171	0.00000
172	0.00500
173	0.00000
174	0.00000
175	0.00000
176	0.00000
177	0.00000
178	0.00000
179	0.00000
180	0.00000
181	0.00000
182	0.00000
183	0.00000
184	0.00000
185	0.00000
186	0.00000
187	0.00000
188	0.00000
189	0.00000
190	0.00000
191	0.00000
192	0.00000
193	0.00000
194	0.00000
195	0.00000
196	0.00000
197	0.00000
198	0.00000
199	0.00000
