0	0.00500
1	0.00550
2	0.00850
3	0.01400
4	0.02400
5	0.04550
6	0.08000
7	0.12400
8	0.17800
9	0.24200
10	0.31000
11	0.37500
12	0.43800
13	0.49300
14	0.54300
15	0.57900
16	0.60500
17	0.62200
18	0.64000
19	0.66000
20	0.67200
21	0.68150
22	0.68700
23	0.69200
24	0.69800
25	0.70200
26	0.70500
27	0.70500
28	0.70600
29	0.70700
30	0.70750
31	0.70850
32	0.70850
33	0.70900
34	0.71000
35	0.71050
36	0.71050
37	0.71050
38	0.71050
39	0.71050
40	0.71050
41	0.71050
42	0.71100
43	0.71100
44	0.71100
45	0.71100
46	0.71100
47	0.71100
48	0.71100
49	0.71100
50	0.71100
51	0.71100
52	0.71100
53	0.71100
54	0.71100
55	0.71100
56	0.71100
57	0.71100
58	0.71100
59	0.71100
60	0.71100
61	0.71100
62	0.71100
63	0.71100
64	0.71100
65	0.71100
66	0.71100
67	0.71100
68	0.71100
69	0.71100
70	0.71100
71	0.71100
72	0.71100
73	0.71100
74	0.71100
75	0.71100
76	0.71100
77	0.71100
78	0.71100
79	0.71100
80	0.71100
81	0.71100
82	0.71100
83	0.71100
84	0.71100
85	0.71100
86	0.71100
87	0.71100
88	0.71100
89	0.71100
90	0.71100
91	0.71100
92	0.71100
93	0.71100
94	0.71100
95	0.71100
96	0.71100
97	0.71100
98	0.71100
99	0.71100
