0	0.00000
1	0.00000
2	0.00000
3	0.01606
4	0.08316
5	0.18566
6	0.37516
7	0.72131
8	1.10261
9	1.32331
10	1.32878
11	1.36539
12	1.25695
13	1.10938
14	0.92930
15	0.73478
16	0.55343
17	0.41192
18	0.29933
19	0.21679
20	0.16427
21	0.12881
22	0.10041
23	0.07913
24	0.06362
25	0.05353
26	0.04705
27	0.03819
28	0.03054
29	0.02363
30	0.01896
31	0.01621
32	0.01373
33	0.00874
34	0.00588
35	0.00456
36	0.00587
37	0.00575
38	0.00492
39	0.00395
40	0.00301
41	0.00301
42	0.00209
43	0.00086
44	0.00047
45	0.00047
46	0.00047
47	0.00047
48	0.00047
49	0.00047
50	0.00047
51	0.00000
52	0.00000
53	0.00000
54	0.00000
55	0.00000
56	0.00000
57	0.00000
58	0.00000
59	0.00000
60	0.00000
61	0.00000
62	0.00000
63	0.00000
64	0.00000
65	0.00000
66	0.00000
67	0.00000
68	0.00000
69	0.00000
70	0.00000
71	0.00000
72	0.00000
73	0.00000
74	0.00000
75	0.00000
76	0.00000
77	0.00000
78	0.00000
79	0.00000
80	0.00000
81	0.00000
82	0.00000
83	0.00000
84	0.00000
85	0.00000
86	0.00000
87	0.00000
88	0.00000
89	0.00000
90	0.00000
91	0.00000
92	0.00000
93	0.00000
94	0.00000
95	0.00000
96	0.00000
97	0.00000
98	0.00000
99	0.00000
