0	0.00500
1	0.00800
2	0.01350
3	0.02500
4	0.04100
5	0.06250
6	0.10300
7	0.14650
8	0.20300
9	0.26150
10	0.33550
11	0.39650
12	0.44450
13	0.48800
14	0.51700
15	0.54300
16	0.57200
17	0.59600
18	0.61050
19	0.62950
20	0.63900
21	0.65050
22	0.65950
23	0.66350
24	0.66700
25	0.67100
26	0.67550
27	0.67800
28	0.67900
29	0.68000
30	0.68050
31	0.68200
32	0.68200
33	0.68200
34	0.68250
35	0.68250
36	0.68300
37	0.68350
38	0.68450
39	0.68450
40	0.68450
41	0.68450
42	0.68450
43	0.68450
44	0.68500
45	0.68500
46	0.68500
47	0.68500
48	0.68500
49	0.68500
50	0.68500
51	0.68500
52	0.68500
53	0.68500
54	0.68500
55	0.68500
56	0.68500
57	0.68500
58	0.68500
59	0.68500
60	0.68500
61	0.68500
62	0.68500
63	0.68500
64	0.68500
65	0.68500
66	0.68500
67	0.68500
68	0.68500
69	0.68500
70	0.68500
71	0.68500
72	0.68500
73	0.68500
74	0.68500
75	0.68500
76	0.68500
77	0.68500
78	0.68500
79	0.68500
80	0.68500
81	0.68500
82	0.68500
83	0.68500
84	0.68500
85	0.68500
86	0.68500
87	0.68500
88	0.68500
89	0.68500
90	0.68500
91	0.68500
92	0.68500
93	0.68500
94	0.68500
95	0.68500
96	0.68500
97	0.68500
98	0.68500
99	0.68500
