0	0.00500
1	0.01450
2	0.04250
3	0.10800
4	0.24000
5	0.41450
6	0.53300
7	0.58700
8	0.61450
9	0.62450
10	0.63050
11	0.63150
12	0.63200
13	0.63250
14	0.63250
15	0.63250
16	0.63250
17	0.63250
18	0.63250
19	0.63250
20	0.63250
21	0.63250
22	0.63250
23	0.63250
24	0.63250
25	0.63250
26	0.63250
27	0.63250
28	0.63250
29	0.63250
30	0.63250
31	0.63250
32	0.63250
33	0.63250
34	0.63250
35	0.63250
36	0.63250
37	0.63250
38	0.63250
39	0.63250
40	0.63250
41	0.63250
42	0.63250
43	0.63250
44	0.63250
45	0.63250
46	0.63250
47	0.63250
48	0.63250
49	0.63250
50	0.63250
51	0.63250
52	0.63250
53	0.63250
54	0.63250
55	0.63250
56	0.63250
57	0.63250
58	0.63250
59	0.63250
60	0.63250
61	0.63250
62	0.63250
63	0.63250
64	0.63250
65	0.63250
66	0.63250
67	0.63250
68	0.63250
69	0.63250
70	0.63250
71	0.63250
72	0.63250
73	0.63250
74	0.63250
75	0.63250
76	0.63250
77	0.63250
78	0.63250
79	0.63250
80	0.63250
81	0.63250
82	0.63250
83	0.63250
84	0.63250
85	0.63250
86	0.63250
87	0.63250
88	0.63250
89	0.63250
90	0.63250
91	0.63250
92	0.63250
93	0.63250
94	0.63250
95	0.63250
96	0.63250
97	0.63250
98	0.63250
99	0.63250
100	0.63250
101	0.63250
102	0.63250
103	0.63250
104	0.63250
105	0.63250
106	0.63250
107	0.63250
108	0.63250
109	0.63250
110	0.63250
111	0.63250
112	0.63250
113	0.63250
114	0.63250
115	0.63250
116	0.63250
117	0.63250
118	0.63250
119	0.63250
120	0.63250
121	0.63250
122	0.63250
123	0.63250
124	0.63250
125	0.63250
126	0.63250
127	0.63250
128	0.63250
129	0.63250
130	0.63250
131	0.63250
132	0.63250
133	0.63250
134	0.63250
135	0.63250
136	0.63250
137	0.63250
138	0.63250
139	0.63250
140	0.63250
141	0.63250
142	0.63250
143	0.63250
144	0.63250
145	0.63250
146	0.63250
147	0.63250
148	0.63250
149	0.63250
150	0.63250
