0	0.00500
1	0.01100
2	0.02700
3	0.08700
4	0.22000
5	0.43150
6	0.62050
7	0.72750
8	0.76450
9	0.77400
10	0.77500
11	0.77550
12	0.77600
13	0.77600
14	0.77600
15	0.77600
16	0.77600
17	0.77600
18	0.77600
19	0.77600
20	0.77600
21	0.77600
22	0.77600
23	0.77600
24	0.77600
25	0.77600
26	0.77600
27	0.77600
28	0.77600
29	0.77600
30	0.77600
31	0.77600
32	0.77600
33	0.77600
34	0.77600
35	0.77600
36	0.77600
37	0.77600
38	0.77600
39	0.77600
40	0.77600
41	0.77600
42	0.77600
43	0.77600
44	0.77600
45	0.77600
46	0.77600
47	0.77600
48	0.77600
49	0.77600
50	0.77600
51	0.77600
52	0.77600
53	0.77600
54	0.77600
55	0.77600
56	0.77600
57	0.77600
58	0.77600
59	0.77600
60	0.77600
61	0.77600
62	0.77600
63	0.77600
64	0.77600
65	0.77600
66	0.77600
67	0.77600
68	0.77600
69	0.77600
70	0.77600
71	0.77600
72	0.77600
73	0.77600
74	0.77600
75	0.77600
76	0.77600
77	0.77600
78	0.77600
79	0.77600
80	0.77600
81	0.77600
82	0.77600
83	0.77600
84	0.77600
85	0.77600
86	0.77600
87	0.77600
88	0.77600
89	0.77600
90	0.77600
91	0.77600
92	0.77600
93	0.77600
94	0.77600
95	0.77600
96	0.77600
97	0.77600
98	0.77600
99	0.77600
100	0.77600
101	0.77600
102	0.77600
103	0.77600
104	0.77600
105	0.77600
106	0.77600
107	0.77600
108	0.77600
109	0.77600
110	0.77600
111	0.77600
112	0.77600
113	0.77600
114	0.77600
115	0.77600
116	0.77600
117	0.77600
118	0.77600
119	0.77600
120	0.77600
121	0.77600
122	0.77600
123	0.77600
124	0.77600
125	0.77600
126	0.77600
127	0.77600
128	0.77600
129	0.77600
130	0.77600
131	0.77600
132	0.77600
133	0.77600
134	0.77600
135	0.77600
136	0.77600
137	0.77600
138	0.77600
139	0.77600
140	0.77600
141	0.77600
142	0.77600
143	0.77600
144	0.77600
145	0.77600
146	0.77600
147	0.77600
148	0.77600
149	0.77600
