0	0.00000
1	0.00000
2	0.00000
3	0.00000
4	0.04145
5	0.04145
6	0.04145
7	0.04145
8	0.04145
9	0.04145
10	0.04145
11	0.00000
12	0.00000
13	0.00000
14	0.00000
15	0.00000
16	0.02618
17	0.04712
18	0.04712
19	0.04712
20	0.04712
21	0.04737
22	0.04737
23	0.07368
24	0.04762
25	0.04762
26	0.08201
27	0.08245
28	0.08333
29	0.13710
30	0.15591
31	0.15591
32	0.15591
33	0.11351
34	0.11326
35	0.14444
36	0.23611
37	0.23650
38	0.23650
39	0.23970
40	0.20716
41	0.22787
42	0.23201
43	0.14571
44	0.15661
45	0.21504
46	0.22784
47	0.21050
48	0.22640
49	0.14554
50	0.14725
51	0.14454
52	0.20576
53	0.27091
54	0.31271
55	0.27851
56	0.43673
57	0.44637
58	0.39785
59	0.34270
60	0.28759
61	0.30841
62	0.29297
63	0.25238
64	0.37991
65	0.33184
66	0.37950
67	0.30661
68	0.35910
69	0.36124
70	0.37989
71	0.29218
72	0.27218
73	0.25293
74	0.22720
75	0.18263
76	0.18673
77	0.13984
78	0.10539
79	0.09900
80	0.11358
81	0.19045
82	0.18612
83	0.19564
84	0.21146
85	0.18974
86	0.20434
87	0.22035
88	0.19065
89	0.19461
90	0.18081
91	0.13507
92	0.12944
93	0.10481
94	0.09270
95	0.08627
96	0.10657
97	0.13654
98	0.13350
99	0.15412
100	0.14148
101	0.13578
102	0.13059
103	0.11610
104	0.11758
105	0.10321
106	0.08736
107	0.09024
108	0.07438
109	0.07527
110	0.12507
111	0.12082
112	0.11279
113	0.11427
114	0.10170
115	0.13221
116	0.10627
117	0.06282
118	0.05540
119	0.05501
120	0.03951
121	0.03998
122	0.02090
123	0.03731
124	0.03390
125	0.04539
126	0.04392
127	0.05369
128	0.04042
129	0.03149
130	0.03228
131	0.03416
132	0.02831
133	0.03551
134	0.05517
135	0.04980
136	0.06010
137	0.05142
138	0.04797
139	0.03532
140	0.04724
141	0.03926
142	0.03926
143	0.03030
144	0.02828
145	0.02989
146	0.05211
147	0.02828
148	0.03030
149	0.03030
150	0.03406
151	0.03406
152	0.02757
153	0.00376
154	0.00405
155	0.00439
156	0.00439
157	0.01447
158	0.01578
159	0.01736
160	0.02569
161	0.03194
162	0.02533
163	0.02533
164	0.01422
165	0.01422
166	0.01422
167	0.00588
168	0.00000
169	0.00000
170	0.00000
171	0.01389
172	0.02951
173	0.04514
174	0.04514
175	0.04514
176	0.02859
177	0.02859
178	0.01471
179	0.01471
180	0.00000
181	0.00000
182	0.00000
183	0.00000
184	0.00000
185	0.00000
186	0.00000
187	0.00000
188	0.00000
189	0.00000
190	0.00000
191	0.00000
192	0.00000
193	0.00000
194	0.00000
195	0.00000
196	0.00000
197	0.00000
198	0.00000
199	0.00000
200	0.00000
201	0.00000
202	0.00000
203	0.00000
204	0.00000
205	0.00000
206	0.00000
207	0.00000
208	0.00000
209	0.00000
210	0.00000
211	0.00000
212	0.00000
213	0.00000
214	0.00000
215	0.00000
216	0.00000
217	0.00000
218	0.00000
219	0.00000
220	0.00000
221	0.00000
222	0.00000
223	0.00000
224	0.00000
225	0.00000
226	0.00000
227	0.00000
228	0.00000
229	0.00000
230	0.00000
231	0.00000
232	0.00000
233	0.00000
234	0.00000
235	0.00000
236	0.00000
237	0.00000
238	0.00000
239	0.00000
240	0.00000
241	0.00000
242	0.00000
243	0.00000
244	0.00000
245	0.00000
246	0.00000
247	0.00000
248	0.00000
249	0.00000
250	0.00000
251	0.00000
252	0.00000
253	0.00000
254	0.00000
255	0.00000
256	0.00000
257	0.00000
258	0.00000
259	0.00000
260	0.00000
261	0.00000
262	0.00000
263	0.00000
264	0.00000
265	0.00000
266	0.00000
267	0.00000
268	0.00000
269	0.00000
270	0.00000
271	0.00000
272	0.00000
273	0.00000
274	0.00000
275	0.00000
276	0.00000
277	0.00000
278	0.00000
279	0.00000
280	0.00000
281	0.00000
282	0.00000
283	0.00000
284	0.00000
285	0.00000
286	0.00000
287	0.00000
288	0.00000
289	0.00000
290	0.00000
291	0.00000
292	0.00000
293	0.00000
294	0.00000
295	0.00000
296	0.00000
297	0.00000
298	0.00000
299	0.00000
300	0.00000
301	0.00000
302	0.00000
303	0.00000
304	0.00000
305	0.00000
306	0.00000
307	0.00000
308	0.00000
309	0.00000
310	0.00000
311	0.00000
312	0.00000
313	0.00000
314	0.00000
315	0.00000
316	0.00000
317	0.00000
318	0.00000
319	0.00000
320	0.00000
321	0.00000
322	0.00000
323	0.00000
324	0.00000
325	0.00000
326	0.00000
327	0.00000
328	0.00000
329	0.00000
330	0.00000
331	0.00000
332	0.00000
333	0.00000
334	0.00000
335	0.00000
336	0.00000
337	0.00000
338	0.00000
339	0.00000
340	0.00000
341	0.00000
342	0.00000
343	0.00000
344	0.00000
345	0.00000
346	0.00000
347	0.00000
348	0.00000
349	0.00000
350	0.00000
351	0.00000
352	0.00000
353	0.00000
354	0.00000
355	0.00000
356	0.00000
357	0.00000
358	0.00000
359	0.00000
360	0.00000
361	0.00000
362	0.00000
363	0.00000
364	0.00000
365	0.00000
366	0.00000
367	0.00000
368	0.00000
369	0.00000
370	0.00000
371	0.00000
372	0.00000
373	0.00000
374	0.00000
375	0.00000
376	0.00000
377	0.00000
378	0.00000
379	0.00000
380	0.00000
381	0.00000
382	0.00000
383	0.00000
384	0.00000
385	0.00000
386	0.00000
387	0.00000
388	0.00000
389	0.00000
390	0.00000
391	0.00000
392	0.00000
393	0.00000
394	0.00000
395	0.00000
396	0.00000
397	0.00000
398	0.00000
399	0.00000
400	0.00000
401	0.00000
402	0.00000
403	0.00000
404	0.00000
405	0.00000
406	0.00000
407	0.00000
408	0.00000
409	0.00000
410	0.00000
411	0.00000
412	0.00000
413	0.00000
414	0.00000
415	0.00000
416	0.00000
417	0.00000
418	0.00000
419	0.00000
420	0.00000
421	0.00000
422	0.00000
423	0.00000
424	0.00000
425	0.00000
426	0.00000
427	0.00000
428	0.00000
429	0.00000
430	0.00000
431	0.00000
432	0.00000
433	0.00000
434	0.00000
435	0.00000
436	0.00000
437	0.00000
438	0.00000
439	0.00000
440	0.00000
441	0.00000
442	0.00000
443	0.00000
444	0.00000
445	0.00000
446	0.00000
447	0.00000
448	0.00000
449	0.00000
450	0.00000
451	0.00000
452	0.00000
453	0.00000
454	0.00000
455	0.00000
456	0.00000
457	0.00000
458	0.00000
459	0.00000
460	0.00000
461	0.00000
462	0.00000
463	0.00000
464	0.00000
465	0.00000
466	0.00000
467	0.00000
468	0.00000
469	0.00000
470	0.00000
471	0.00000
472	0.00000
473	0.00000
474	0.00000
475	0.00000
476	0.00000
477	0.00000
478	0.00000
479	0.00000
480	0.00000
481	0.00000
482	0.00000
483	0.00000
484	0.00000
485	0.00000
486	0.00000
487	0.00000
488	0.00000
489	0.00000
490	0.00000
491	0.00000
492	0.00000
493	0.00000
494	0.00000
495	0.00000
496	0.00000
497	0.00000
498	0.00000
499	0.00000
