0	0	0	0	0	0	
1	20	0	0	0	0	
2	20	0	0	0	0	
3	20	0	0	0	0	
4	20	0	0	0	0	
5	20	0	0	0	0	
6	20	0	0	0	0	
7	20	0	0	0	0	
8	20	0	0	0	0	
9	20	0	0	0	0	
10	20	0	0	0	0	
11	20	0	0	0	0	
12	20	0	0	0	0	
13	20	0	0	0	0	
14	20	0	0	0	0	
15	20	0	0	0	0	
16	20	0	0	0	0	
17	20	0	0	0	0	
18	20	0	0	0	0	
19	20	0	0	0	0	
20	20	0	0	0	0	
21	19	0	0	0	0	
22	19	0	0	0	0	
23	19	0	0	0	0	
24	19	0	0	0	0	
25	19	0	0	0	0	
26	19	0	0	0	0	
27	19	0	0	0	0	
28	19	0	0	0	0	
29	19	0	0	0	0	
30	19	0	0	0	0	
31	19	0	0	0	0	
32	19	0	0	0	0	
33	19	0	0	0	0	
34	19	0	0	0	0	
35	19	0	0	0	0	
36	19	0	0	0	0	
37	19	0	0	0	0	
38	19	0	0	0	0	
39	18	1	0	0	0	
40	18	1	0	0	0	
41	18	1	0	0	0	
42	18	1	0	0	0	
43	18	1	0	0	0	
44	18	1	0	0	0	
45	18	1	0	0	0	
46	17	2	0	0	0	
47	17	2	0	0	0	
48	17	2	0	0	0	
49	17	2	0	0	0	
50	17	2	0	0	0	
51	17	2	0	0	0	
52	16	3	0	0	0	
53	16	3	0	0	0	
54	16	2	0	0	0	
55	15	2	0	0	0	
56	15	2	0	0	0	
57	14	3	0	0	0	
58	14	3	0	0	0	
59	14	3	0	0	0	
60	14	3	0	0	0	
61	11	4	0	0	0	
62	11	4	0	0	0	
63	11	4	0	0	0	
64	11	4	0	0	0	
65	11	4	0	0	0	
66	11	3	0	0	0	
67	11	3	0	0	0	
68	10	4	0	0	0	
69	9	4	0	0	0	
70	9	4	0	0	0	
71	8	4	0	0	0	
72	8	4	0	0	0	
73	8	4	0	0	0	
74	8	4	0	0	0	
75	8	4	0	0	0	
76	8	4	0	0	0	
77	8	4	0	0	0	
78	8	4	0	0	0	
79	8	4	0	0	0	
80	8	4	0	0	0	
81	8	4	0	0	0	
82	8	4	0	0	0	
83	8	4	0	0	0	
84	8	4	0	0	0	
85	8	3	0	0	0	
86	8	3	0	0	0	
87	8	3	0	0	0	
88	8	3	0	0	0	
89	8	3	0	0	0	
90	8	3	0	0	0	
91	8	3	0	0	0	
92	8	3	0	0	0	
93	8	3	0	0	0	
94	7	3	0	0	0	
95	7	3	0	0	0	
96	7	3	0	0	0	
97	7	3	0	0	0	
98	7	3	0	0	0	
99	6	3	0	0	0	
100	6	3	0	0	0	
101	6	3	0	0	0	
102	6	3	0	0	0	
103	6	3	0	0	0	
104	6	3	0	0	0	
105	6	3	0	0	0	
106	6	3	0	0	0	
107	6	3	0	0	0	
108	6	3	0	0	0	
109	6	3	0	0	0	
110	6	3	0	0	0	
111	5	3	0	0	0	
112	5	3	0	0	0	
113	5	3	0	0	0	
114	5	3	0	0	0	
115	4	3	0	0	0	
116	4	3	0	0	0	
117	4	3	0	0	0	
118	4	3	0	0	0	
119	4	3	0	0	0	
120	4	3	0	0	0	
121	4	3	0	0	0	
122	4	3	0	0	0	
123	4	3	0	0	0	
124	4	2	0	0	0	
125	4	2	0	0	0	
126	4	2	0	0	0	
127	4	2	0	0	0	
128	4	2	0	0	0	
129	4	2	0	0	0	
130	4	2	0	0	0	
131	4	2	0	0	0	
132	4	2	0	0	0	
133	4	2	0	0	0	
134	4	2	0	0	0	
135	4	2	0	0	0	
136	4	2	0	0	0	
137	4	2	0	0	0	
138	4	2	0	0	0	
139	4	2	0	0	0	
140	4	2	0	0	0	
141	4	2	0	0	0	
142	4	2	0	0	0	
143	3	2	0	0	0	
144	2	2	0	0	0	
145	2	2	0	0	0	
146	2	2	0	0	0	
147	2	2	0	0	0	
148	2	2	0	0	0	
149	2	2	0	0	0	
150	2	2	0	0	0	
151	2	2	0	0	0	
152	2	2	0	0	0	
153	2	2	0	0	0	
154	2	2	0	0	0	
155	2	2	0	0	0	
156	2	2	0	0	0	
157	2	2	0	0	0	
158	2	2	0	0	0	
159	2	1	0	0	0	
160	2	1	0	0	0	
161	2	1	0	0	0	
162	2	1	0	0	0	
163	2	1	0	0	0	
164	2	1	0	0	0	
165	2	1	0	0	0	
166	2	1	0	0	0	
167	2	1	0	0	0	
168	2	1	0	0	0	
169	2	1	0	0	0	
170	1	1	0	0	0	
171	1	1	0	0	0	
172	1	1	0	0	0	
173	1	1	0	0	0	
174	1	1	0	0	0	
175	1	1	0	0	0	
176	1	1	0	0	0	
177	1	1	0	0	0	
178	1	1	0	0	0	
179	1	1	0	0	0	
180	1	1	0	0	0	
181	1	1	0	0	0	
182	1	1	0	0	0	
183	1	1	0	0	0	
184	1	1	0	0	0	
185	1	1	0	0	0	
186	1	1	0	0	0	
187	1	1	0	0	0	
188	1	1	0	0	0	
189	1	1	0	0	0	
190	1	1	0	0	0	
191	1	1	0	0	0	
192	1	1	0	0	0	
193	1	1	0	0	0	
194	1	1	0	0	0	
195	1	1	0	0	0	
196	1	1	0	0	0	
197	1	1	0	0	0	
198	1	1	0	0	0	
199	1	1	0	0	0	
200	1	1	0	0	0	
201	1	1	0	0	0	
202	1	1	0	0	0	
203	1	1	0	0	0	
204	1	1	0	0	0	
205	1	1	0	0	0	
206	1	1	0	0	0	
207	1	1	0	0	0	
208	1	1	0	0	0	
209	1	1	0	0	0	
210	1	1	0	0	0	
211	1	1	0	0	0	
212	1	1	0	0	0	
213	1	1	0	0	0	
214	1	1	0	0	0	
215	1	1	0	0	0	
216	1	1	0	0	0	
217	1	1	0	0	0	
218	1	1	0	0	0	
219	1	1	0	0	0	
220	1	1	0	0	0	
221	1	1	0	0	0	
222	1	1	0	0	0	
223	1	1	0	0	0	
224	1	1	0	0	0	
225	1	1	0	0	0	
226	1	1	0	0	0	
227	1	1	0	0	0	
228	1	1	0	0	0	
229	1	1	0	0	0	
230	1	1	0	0	0	
231	1	1	0	0	0	
232	1	1	0	0	0	
233	1	1	0	0	0	
234	1	1	0	0	0	
235	1	1	0	0	0	
236	1	1	0	0	0	
237	1	1	0	0	0	
238	1	1	0	0	0	
239	1	1	0	0	0	
240	1	1	0	0	0	
241	1	1	0	0	0	
242	1	1	0	0	0	
243	1	1	0	0	0	
244	1	1	0	0	0	
245	1	1	0	0	0	
246	1	1	0	0	0	
247	1	1	0	0	0	
248	1	1	0	0	0	
249	1	1	0	0	0	
250	1	1	0	0	0	
251	1	1	0	0	0	
252	1	1	0	0	0	
253	1	1	0	0	0	
254	1	1	0	0	0	
255	1	1	0	0	0	
256	1	1	0	0	0	
257	1	1	0	0	0	
258	1	1	0	0	0	
259	1	1	0	0	0	
260	1	1	0	0	0	
261	1	1	0	0	0	
262	1	1	0	0	0	
263	1	1	0	0	0	
264	1	1	0	0	0	
265	1	1	0	0	0	
266	1	1	0	0	0	
267	1	1	0	0	0	
268	1	1	0	0	0	
269	1	1	0	0	0	
270	1	1	0	0	0	
271	1	1	0	0	0	
272	1	1	0	0	0	
273	1	1	0	0	0	
274	1	1	0	0	0	
275	1	1	0	0	0	
276	1	1	0	0	0	
277	1	1	0	0	0	
278	1	1	0	0	0	
279	1	1	0	0	0	
280	1	1	0	0	0	
281	1	1	0	0	0	
282	1	1	0	0	0	
283	1	1	0	0	0	
284	1	1	0	0	0	
285	1	1	0	0	0	
286	1	1	0	0	0	
287	1	1	0	0	0	
288	1	1	0	0	0	
289	1	1	0	0	0	
290	1	1	0	0	0	
291	1	1	0	0	0	
292	1	1	0	0	0	
293	1	1	0	0	0	
294	1	1	0	0	0	
295	1	1	0	0	0	
296	1	1	0	0	0	
297	1	1	0	0	0	
298	1	1	0	0	0	
299	1	1	0	0	0	
300	1	1	0	0	0	
301	1	1	0	0	0	
302	1	1	0	0	0	
303	1	1	0	0	0	
304	1	1	0	0	0	
305	1	1	0	0	0	
306	1	1	0	0	0	
307	1	1	0	0	0	
308	1	1	0	0	0	
309	1	1	0	0	0	
310	1	1	0	0	0	
311	1	1	0	0	0	
312	1	1	0	0	0	
313	1	1	0	0	0	
314	1	1	0	0	0	
315	1	1	0	0	0	
316	1	1	0	0	0	
317	1	1	0	0	0	
318	1	1	0	0	0	
319	1	1	0	0	0	
320	1	1	0	0	0	
321	1	1	0	0	0	
322	1	1	0	0	0	
323	1	1	0	0	0	
324	1	1	0	0	0	
325	1	1	0	0	0	
326	1	1	0	0	0	
327	1	1	0	0	0	
328	1	1	0	0	0	
329	1	1	0	0	0	
330	1	1	0	0	0	
331	1	1	0	0	0	
332	1	1	0	0	0	
333	1	1	0	0	0	
334	1	1	0	0	0	
335	1	1	0	0	0	
336	1	1	0	0	0	
337	1	1	0	0	0	
338	1	1	0	0	0	
339	1	1	0	0	0	
340	1	1	0	0	0	
341	1	1	0	0	0	
342	1	1	0	0	0	
343	1	1	0	0	0	
344	1	1	0	0	0	
345	1	1	0	0	0	
346	1	1	0	0	0	
347	1	1	0	0	0	
348	1	1	0	0	0	
349	1	1	0	0	0	
350	1	1	0	0	0	
351	1	1	0	0	0	
352	1	1	0	0	0	
353	1	1	0	0	0	
354	1	1	0	0	0	
355	1	1	0	0	0	
356	1	1	0	0	0	
357	1	1	0	0	0	
358	1	1	0	0	0	
359	1	1	0	0	0	
360	1	1	0	0	0	
361	1	1	0	0	0	
362	1	1	0	0	0	
363	1	1	0	0	0	
364	1	1	0	0	0	
365	1	1	0	0	0	
366	1	1	0	0	0	
367	1	1	0	0	0	
368	1	1	0	0	0	
369	1	1	0	0	0	
370	1	1	0	0	0	
371	1	1	0	0	0	
372	1	1	0	0	0	
373	1	1	0	0	0	
374	1	1	0	0	0	
375	1	1	0	0	0	
376	1	1	0	0	0	
377	1	1	0	0	0	
378	1	1	0	0	0	
379	1	1	0	0	0	
380	1	1	0	0	0	
381	1	1	0	0	0	
382	1	1	0	0	0	
383	1	1	0	0	0	
384	1	1	0	0	0	
385	1	1	0	0	0	
386	1	1	0	0	0	
387	1	1	0	0	0	
388	1	1	0	0	0	
389	1	1	0	0	0	
390	1	1	0	0	0	
391	1	1	0	0	0	
392	1	1	0	0	0	
393	1	1	0	0	0	
394	1	1	0	0	0	
395	1	1	0	0	0	
396	1	1	0	0	0	
397	1	1	0	0	0	
398	1	1	0	0	0	
399	1	1	0	0	0	
400	1	1	0	0	0	
401	1	1	0	0	0	
402	1	1	0	0	0	
403	1	1	0	0	0	
404	1	1	0	0	0	
405	1	1	0	0	0	
406	1	1	0	0	0	
407	1	1	0	0	0	
408	1	1	0	0	0	
409	1	1	0	0	0	
410	1	1	0	0	0	
411	1	1	0	0	0	
412	1	1	0	0	0	
413	1	1	0	0	0	
414	1	1	0	0	0	
415	1	1	0	0	0	
416	1	1	0	0	0	
417	1	1	0	0	0	
418	1	1	0	0	0	
419	1	1	0	0	0	
420	1	1	0	0	0	
421	1	1	0	0	0	
422	1	1	0	0	0	
423	1	1	0	0	0	
424	1	1	0	0	0	
425	1	1	0	0	0	
426	1	1	0	0	0	
427	1	1	0	0	0	
428	1	1	0	0	0	
429	1	1	0	0	0	
430	1	1	0	0	0	
431	1	1	0	0	0	
432	1	1	0	0	0	
433	1	1	0	0	0	
434	1	1	0	0	0	
435	1	1	0	0	0	
436	1	1	0	0	0	
437	1	1	0	0	0	
438	1	1	0	0	0	
439	1	1	0	0	0	
440	1	1	0	0	0	
441	1	1	0	0	0	
442	1	1	0	0	0	
443	1	1	0	0	0	
444	1	1	0	0	0	
445	1	1	0	0	0	
446	1	1	0	0	0	
447	1	1	0	0	0	
448	1	1	0	0	0	
449	1	1	0	0	0	
450	1	1	0	0	0	
451	1	1	0	0	0	
452	1	1	0	0	0	
453	1	1	0	0	0	
454	1	1	0	0	0	
455	1	1	0	0	0	
456	1	1	0	0	0	
457	1	1	0	0	0	
458	1	1	0	0	0	
459	1	1	0	0	0	
460	1	1	0	0	0	
461	1	1	0	0	0	
462	1	1	0	0	0	
463	1	1	0	0	0	
464	1	1	0	0	0	
465	1	1	0	0	0	
466	1	1	0	0	0	
467	1	1	0	0	0	
468	1	1	0	0	0	
469	1	1	0	0	0	
470	1	1	0	0	0	
471	1	1	0	0	0	
472	1	1	0	0	0	
473	1	1	0	0	0	
474	1	1	0	0	0	
475	1	1	0	0	0	
476	1	1	0	0	0	
477	1	1	0	0	0	
478	1	1	0	0	0	
479	1	1	0	0	0	
480	1	1	0	0	0	
481	1	1	0	0	0	
482	1	1	0	0	0	
483	1	1	0	0	0	
484	1	1	0	0	0	
485	1	1	0	0	0	
486	1	1	0	0	0	
487	1	1	0	0	0	
488	1	1	0	0	0	
489	1	1	0	0	0	
490	1	1	0	0	0	
491	1	1	0	0	0	
492	1	1	0	0	0	
493	1	1	0	0	0	
494	1	1	0	0	0	
495	1	1	0	0	0	
496	1	1	0	0	0	
497	1	1	0	0	0	
498	1	1	0	0	0	
499	1	1	0	0	0	
