0	0.00000
1	0.00000
2	0.00000
3	0.00479
4	0.18383
5	0.53495
6	0.93855
7	1.06592
8	1.27801
9	1.33912
10	1.34872
11	1.25498
12	1.15504
13	0.95510
14	0.76420
15	0.59172
16	0.46693
17	0.36158
18	0.27772
19	0.21268
20	0.16403
21	0.12326
22	0.09884
23	0.07821
24	0.06461
25	0.05111
26	0.04317
27	0.03597
28	0.03297
29	0.02670
30	0.02110
31	0.01545
32	0.01167
33	0.00773
34	0.00555
35	0.00266
36	0.00235
37	0.00176
38	0.00108
39	0.00118
40	0.00118
41	0.00085
42	0.00026
43	0.00004
44	0.00000
45	0.00017
46	0.00000
47	0.00000
48	0.00000
49	0.00000
50	0.00000
51	0.00000
52	0.00000
53	0.00000
54	0.00000
55	0.00000
56	0.00000
57	0.00000
58	0.00000
59	0.00000
60	0.00000
61	0.00000
62	0.00000
63	0.00000
64	0.00000
65	0.00000
66	0.00000
67	0.00000
68	0.00000
69	0.00000
70	0.00000
71	0.00000
72	0.00000
73	0.00000
74	0.00000
75	0.00000
76	0.00000
77	0.00000
78	0.00000
79	0.00000
80	0.00000
81	0.00000
82	0.00000
83	0.00000
84	0.00000
85	0.00000
86	0.00000
87	0.00000
88	0.00000
89	0.00000
90	0.00000
91	0.00000
92	0.00000
93	0.00000
94	0.00000
95	0.00000
96	0.00000
97	0.00000
98	0.00000
99	0.00000
