0	0.00000
1	0.00000
2	0.00000
3	0.02578
4	0.13182
5	0.28786
6	0.63002
7	0.88450
8	1.17172
9	1.27309
10	1.31956
11	1.25704
12	1.17909
13	0.99761
14	0.79743
15	0.61868
16	0.48884
17	0.37839
18	0.29259
19	0.22586
20	0.17497
21	0.13082
22	0.10517
23	0.08446
24	0.06978
25	0.05495
26	0.04529
27	0.03725
28	0.03388
29	0.02542
30	0.01931
31	0.01442
32	0.01203
33	0.00929
34	0.00766
35	0.00418
36	0.00411
37	0.00381
38	0.00276
39	0.00257
40	0.00257
41	0.00199
42	0.00136
43	0.00088
44	0.00043
45	0.00140
46	0.00097
47	0.00097
48	0.00097
49	0.00097
50	0.00097
51	0.00097
52	0.00000
53	0.00000
54	0.00000
55	0.00000
56	0.00000
57	0.00000
58	0.00000
59	0.00000
60	0.00000
61	0.00000
62	0.00000
63	0.00000
64	0.00000
65	0.00000
66	0.00000
67	0.00000
68	0.00000
69	0.00000
70	0.00000
71	0.00000
72	0.00000
73	0.00000
74	0.00000
75	0.00000
76	0.00000
77	0.00000
78	0.00000
79	0.00000
80	0.00000
81	0.00000
82	0.00000
83	0.00000
84	0.00000
85	0.00000
86	0.00001
87	0.00001
88	0.00001
89	0.00001
90	0.00001
91	0.00001
92	0.00001
93	0.00000
94	0.00000
95	0.00000
96	0.00000
97	0.00000
98	0.00000
99	0.00000
