0	0.00000
1	0.00100
2	0.00050
3	0.00150
4	0.00250
5	0.00150
6	0.00200
7	0.00100
8	0.00200
9	0.00200
10	0.00200
11	0.00100
12	0.00250
13	0.00400
14	0.00300
15	0.00350
16	0.00200
17	0.00400
18	0.00400
19	0.00550
20	0.00650
21	0.00450
22	0.00400
23	0.00650
24	0.00750
25	0.00850
26	0.00750
27	0.00600
28	0.00900
29	0.00650
30	0.01200
31	0.01100
32	0.00850
33	0.00750
34	0.00750
35	0.00750
36	0.01250
37	0.01300
38	0.01650
39	0.01350
40	0.01300
41	0.00850
42	0.01600
43	0.01500
44	0.01650
45	0.01400
46	0.00950
47	0.01350
48	0.01600
49	0.01500
50	0.01350
51	0.01450
52	0.01550
53	0.01700
54	0.01300
55	0.01850
56	0.01550
57	0.01600
58	0.01400
59	0.01850
60	0.01300
61	0.01200
62	0.01050
63	0.01550
64	0.01400
65	0.01300
66	0.01250
67	0.01500
68	0.01200
69	0.01750
70	0.01050
71	0.01050
72	0.01200
73	0.01050
74	0.01150
75	0.00900
76	0.00800
77	0.00950
78	0.00900
79	0.01150
80	0.00600
81	0.01200
82	0.00800
83	0.00600
84	0.00900
85	0.00850
86	0.00400
87	0.00650
88	0.01000
89	0.00600
90	0.00550
91	0.00550
92	0.00550
93	0.00500
94	0.00550
95	0.00600
96	0.00300
97	0.00450
98	0.00500
99	0.00150
100	0.00400
101	0.00550
102	0.00200
103	0.00350
104	0.00100
105	0.00350
106	0.00650
107	0.00300
108	0.00250
109	0.00400
110	0.00200
111	0.00350
112	0.00300
113	0.00200
114	0.00150
115	0.00100
116	0.00300
117	0.00300
118	0.00200
119	0.00200
120	0.00400
121	0.00350
122	0.00200
123	0.00100
124	0.00150
125	0.00150
126	0.00200
127	0.00250
128	0.00050
129	0.00150
130	0.00200
131	0.00050
132	0.00100
133	0.00100
134	0.00100
135	0.00100
136	0.00150
137	0.00050
138	0.00000
139	0.00100
140	0.00200
141	0.00000
142	0.00050
143	0.00050
144	0.00050
145	0.00050
146	0.00000
147	0.00000
148	0.00050
149	0.00100
150	0.00050
151	0.00100
152	0.00050
153	0.00050
154	0.00050
155	0.00000
156	0.00000
157	0.00000
158	0.00050
159	0.00050
160	0.00000
161	0.00050
162	0.00050
163	0.00050
164	0.00000
165	0.00050
166	0.00000
167	0.00000
168	0.00000
169	0.00050
170	0.00000
171	0.00050
172	0.00000
173	0.00000
174	0.00050
175	0.00000
176	0.00000
177	0.00050
178	0.00000
179	0.00000
