0	0.00000
1	0.00000
2	0.00000
3	0.00000
4	0.00000
5	0.00000
6	0.00000
7	0.00000
8	0.00000
9	0.00165
10	0.00699
11	0.00876
12	0.01684
13	0.00958
14	0.00764
15	0.01342
16	0.02618
17	0.03635
18	0.03195
19	0.02697
20	0.02332
21	0.02909
22	0.03255
23	0.02979
24	0.02534
25	0.02520
26	0.02704
27	0.02709
28	0.02510
29	0.02439
30	0.02312
31	0.02322
32	0.02518
33	0.02203
34	0.02207
35	0.01839
36	0.01605
37	0.01460
38	0.01358
39	0.01476
40	0.01689
41	0.01564
42	0.01458
43	0.01284
44	0.01416
45	0.01344
46	0.01126
47	0.01090
48	0.00992
49	0.00911
50	0.00888
51	0.00909
52	0.00774
53	0.00696
54	0.00699
55	0.00654
56	0.00532
57	0.00513
58	0.00430
59	0.00374
60	0.00351
61	0.00330
62	0.00272
63	0.00176
64	0.00169
65	0.00133
66	0.00137
67	0.00128
68	0.00090
69	0.00044
70	0.00000
71	0.00046
72	0.00000
73	0.00000
74	0.00000
75	0.00000
76	0.00000
77	0.00000
78	0.00000
79	0.00000
80	0.00000
81	0.00000
82	0.00000
83	0.00000
84	0.00000
85	0.00000
86	0.00000
87	0.00000
88	0.00000
89	0.00000
90	0.00000
91	0.00000
92	0.00000
93	0.00000
94	0.00000
95	0.00000
96	0.00000
97	0.00000
98	0.00000
99	0.00000
100	0.00000
101	0.00000
102	0.00000
103	0.00000
104	0.00000
105	0.00000
106	0.00000
107	0.00000
108	0.00000
109	0.00000
110	0.00000
111	0.00000
112	0.00000
113	0.00000
114	0.00000
115	0.00000
116	0.00000
117	0.00000
118	0.00000
119	0.00000
120	0.00000
121	0.00000
122	0.00000
123	0.00000
124	0.00000
125	0.00000
126	0.00000
127	0.00000
128	0.00000
129	0.00000
130	0.00000
131	0.00000
132	0.00000
133	0.00000
134	0.00000
135	0.00000
136	0.00000
137	0.00000
138	0.00000
139	0.00000
140	0.00000
141	0.00000
142	0.00000
143	0.00000
144	0.00000
145	0.00000
146	0.00000
147	0.00000
148	0.00000
149	0.00000
150	0.00000
151	0.00000
152	0.00000
153	0.00000
154	0.00000
155	0.00000
156	0.00000
157	0.00000
158	0.00000
159	0.00000
160	0.00000
161	0.00000
162	0.00000
163	0.00000
164	0.00000
165	0.00000
166	0.00000
167	0.00000
168	0.00000
169	0.00000
170	0.00000
171	0.00000
172	0.00000
173	0.00000
174	0.00000
175	0.00000
176	0.00000
177	0.00000
178	0.00000
179	0.00000
