0	0.00500
1	0.00600
2	0.00650
3	0.00800
4	0.01050
5	0.01200
6	0.01400
7	0.01500
8	0.01700
9	0.01900
10	0.02100
11	0.02200
12	0.02450
13	0.02850
14	0.03150
15	0.03500
16	0.03700
17	0.04100
18	0.04500
19	0.05050
20	0.05700
21	0.06150
22	0.06550
23	0.07200
24	0.07950
25	0.08800
26	0.09550
27	0.10150
28	0.11050
29	0.11700
30	0.12900
31	0.14000
32	0.14850
33	0.15600
34	0.16350
35	0.17100
36	0.18350
37	0.19650
38	0.21300
39	0.22650
40	0.23950
41	0.24800
42	0.26400
43	0.27900
44	0.29550
45	0.30950
46	0.31900
47	0.33250
48	0.34850
49	0.36350
50	0.37700
51	0.39150
52	0.40700
53	0.42400
54	0.43700
55	0.45550
56	0.47100
57	0.48700
58	0.50100
59	0.51950
60	0.53250
61	0.54450
62	0.55500
63	0.57050
64	0.58450
65	0.59750
66	0.61000
67	0.62500
68	0.63700
69	0.65450
70	0.66500
71	0.67550
72	0.68750
73	0.69800
74	0.70950
75	0.71850
76	0.72650
77	0.73600
78	0.74500
79	0.75650
80	0.76250
81	0.77450
82	0.78250
83	0.78850
84	0.79750
85	0.80600
86	0.81000
87	0.81650
88	0.82650
89	0.83250
90	0.83800
91	0.84350
92	0.84900
93	0.85400
94	0.85950
95	0.86550
96	0.86850
97	0.87300
98	0.87800
99	0.87950
100	0.88350
101	0.88900
102	0.89100
103	0.89450
104	0.89550
105	0.89900
106	0.90550
107	0.90850
108	0.91100
109	0.91500
110	0.91700
111	0.92050
112	0.92350
113	0.92550
114	0.92700
115	0.92800
116	0.93100
117	0.93400
118	0.93600
119	0.93800
120	0.94200
121	0.94550
122	0.94750
123	0.94850
124	0.95000
125	0.95150
126	0.95350
127	0.95600
128	0.95650
129	0.95800
130	0.96000
131	0.96050
132	0.96150
133	0.96250
134	0.96350
135	0.96450
136	0.96600
137	0.96650
138	0.96650
139	0.96750
140	0.96950
141	0.96950
142	0.97000
143	0.97050
144	0.97100
145	0.97150
146	0.97150
147	0.97150
148	0.97200
149	0.97300
150	0.97350
151	0.97450
152	0.97500
153	0.97550
154	0.97600
155	0.97600
156	0.97600
157	0.97600
158	0.97650
159	0.97700
160	0.97700
161	0.97750
162	0.97800
163	0.97850
164	0.97850
165	0.97900
166	0.97900
167	0.97900
168	0.97900
169	0.97950
170	0.97950
171	0.98000
172	0.98000
173	0.98000
174	0.98050
175	0.98050
176	0.98050
177	0.98100
178	0.98100
179	0.98100
