0	0.00000
1	0.00000
2	0.00000
3	0.04532
4	0.06876
5	0.12147
6	0.20756
7	0.21632
8	0.25767
9	0.24391
10	0.29051
11	0.27310
12	0.29332
13	0.24144
14	0.27995
15	0.33125
16	0.42710
17	0.53683
18	0.49355
19	0.47749
20	0.48881
21	0.51384
22	0.64056
23	0.57375
24	0.49904
25	0.49005
26	0.51917
27	0.54885
28	0.51503
29	0.47264
30	0.48170
31	0.45343
32	0.46487
33	0.41943
34	0.38698
35	0.34235
36	0.31733
37	0.28092
38	0.28539
39	0.29882
40	0.34934
41	0.32682
42	0.31000
43	0.27572
44	0.28742
45	0.27641
46	0.27113
47	0.25801
48	0.22198
49	0.21134
50	0.20052
51	0.18992
52	0.17898
53	0.16384
54	0.16078
55	0.16381
56	0.15484
57	0.15734
58	0.14872
59	0.14091
60	0.12879
61	0.12188
62	0.11243
63	0.10534
64	0.09466
65	0.09550
66	0.09533
67	0.09110
68	0.09000
69	0.08613
70	0.08152
71	0.08663
72	0.08135
73	0.07852
74	0.07353
75	0.06958
76	0.06756
77	0.06266
78	0.05665
79	0.05503
80	0.05365
81	0.05613
82	0.04993
83	0.05082
84	0.04985
85	0.04707
86	0.04715
87	0.04398
88	0.03747
89	0.03820
90	0.03674
91	0.03528
92	0.03327
93	0.03299
94	0.03347
95	0.03348
96	0.03184
97	0.03106
98	0.02764
99	0.02485
100	0.02459
101	0.01862
102	0.01941
103	0.02094
104	0.01799
105	0.01769
106	0.01487
107	0.01444
108	0.01779
109	0.01560
110	0.01271
111	0.01296
112	0.01338
113	0.01515
114	0.01487
115	0.01299
116	0.01156
117	0.01077
118	0.01038
119	0.01091
120	0.01066
121	0.00875
122	0.00983
123	0.01170
124	0.01256
125	0.01166
126	0.01084
127	0.01010
128	0.00988
129	0.00977
130	0.00776
131	0.00700
132	0.00659
133	0.00575
134	0.00578
135	0.00548
136	0.00361
137	0.00281
138	0.00391
139	0.00319
140	0.00321
141	0.00274
142	0.00411
143	0.00382
144	0.00365
145	0.00336
146	0.00344
147	0.00343
148	0.00260
149	0.00108
150	0.00217
151	0.00267
152	0.00290
153	0.00319
154	0.00321
155	0.00312
156	0.00311
157	0.00207
158	0.00178
159	0.00055
160	0.00021
161	0.00020
162	0.00020
163	0.00066
164	0.00084
165	0.00121
166	0.00121
167	0.00234
168	0.00234
169	0.00217
170	0.00172
171	0.00170
172	0.00156
173	0.00288
174	0.00148
175	0.00148
176	0.00148
177	0.00152
178	0.00139
179	0.00160
