0	0.01000
1	0.01900
2	0.02700
3	0.04000
4	0.05600
5	0.09900
6	0.13800
7	0.19100
8	0.26200
9	0.34400
10	0.43000
11	0.51500
12	0.59800
13	0.66700
14	0.72100
15	0.77500
16	0.80700
17	0.83900
18	0.86600
19	0.88500
20	0.89200
21	0.90100
22	0.90600
23	0.90800
24	0.91300
25	0.91500
26	0.91700
27	0.91800
28	0.91900
29	0.92100
30	0.92100
31	0.92100
32	0.92100
33	0.92100
34	0.92100
35	0.92100
36	0.92300
37	0.92300
38	0.92300
39	0.92300
40	0.92300
41	0.92400
42	0.92400
43	0.92400
44	0.92500
45	0.92600
46	0.92600
47	0.92700
48	0.92700
49	0.92700
50	0.92700
51	0.92700
52	0.92700
53	0.92700
54	0.92700
55	0.92700
56	0.92700
57	0.92700
58	0.92700
59	0.92700
60	0.92700
61	0.92700
62	0.92700
63	0.92700
64	0.92700
65	0.92800
66	0.92800
67	0.92800
68	0.92800
69	0.92800
70	0.92800
71	0.92800
72	0.92800
73	0.92800
74	0.92800
75	0.92800
76	0.92800
77	0.92800
78	0.92800
79	0.92800
80	0.92800
81	0.92800
82	0.92800
83	0.92800
84	0.92800
85	0.92800
86	0.92800
87	0.92800
88	0.92800
89	0.92800
90	0.92800
91	0.92800
92	0.92900
93	0.92900
94	0.92900
95	0.92900
96	0.92900
97	0.92900
98	0.92900
99	0.92900
100	0.92900
101	0.92900
102	0.92900
103	0.92900
104	0.92900
105	0.92900
106	0.92900
107	0.92900
108	0.92900
109	0.92900
110	0.92900
111	0.92900
112	0.92900
113	0.92900
114	0.92900
115	0.92900
116	0.92900
117	0.92900
118	0.92900
119	0.92900
120	0.92900
121	0.92900
122	0.92900
123	0.92900
124	0.92900
125	0.92900
126	0.92900
127	0.92900
128	0.92900
129	0.92900
130	0.92900
131	0.92900
132	0.92900
133	0.92900
134	0.92900
135	0.92900
136	0.92900
137	0.92900
138	0.92900
139	0.92900
140	0.92900
141	0.92900
142	0.92900
143	0.92900
144	0.92900
145	0.92900
146	0.92900
147	0.92900
148	0.92900
149	0.92900
150	0.92900
151	0.92900
152	0.92900
153	0.92900
154	0.92900
155	0.92900
156	0.92900
157	0.92900
158	0.92900
159	0.92900
160	0.92900
161	0.92900
162	0.92900
163	0.92900
164	0.92900
165	0.92900
166	0.92900
167	0.92900
168	0.92900
169	0.92900
170	0.92900
171	0.92900
172	0.92900
173	0.92900
174	0.92900
175	0.92900
176	0.92900
177	0.92900
178	0.92900
179	0.92900
180	0.92900
181	0.92900
182	0.92900
183	0.92900
184	0.92900
185	0.92900
186	0.92900
187	0.92900
188	0.92900
189	0.92900
190	0.92900
191	0.92900
192	0.92900
193	0.92900
194	0.92900
195	0.92900
196	0.92900
197	0.92900
198	0.92900
199	0.92900
