0	0.00500
1	0.01300
2	0.03850
3	0.11400
4	0.28950
5	0.55500
6	0.80150
7	0.89500
8	0.91900
9	0.92450
10	0.92500
11	0.92500
12	0.92500
13	0.92500
14	0.92500
15	0.92500
16	0.92500
17	0.92500
18	0.92500
19	0.92500
20	0.92500
21	0.92500
22	0.92500
23	0.92500
24	0.92500
25	0.92500
26	0.92500
27	0.92500
28	0.92500
29	0.92500
30	0.92500
31	0.92500
32	0.92500
33	0.92500
34	0.92500
35	0.92500
36	0.92500
37	0.92500
38	0.92500
39	0.92500
40	0.92500
41	0.92500
42	0.92500
43	0.92500
44	0.92500
45	0.92500
46	0.92500
47	0.92500
48	0.92500
49	0.92500
50	0.92500
51	0.92500
52	0.92500
53	0.92500
54	0.92500
55	0.92500
56	0.92500
57	0.92500
58	0.92500
59	0.92500
60	0.92500
61	0.92500
62	0.92500
63	0.92500
64	0.92500
65	0.92500
66	0.92500
67	0.92500
68	0.92500
69	0.92500
70	0.92500
71	0.92500
72	0.92500
73	0.92500
74	0.92500
75	0.92500
76	0.92500
77	0.92500
78	0.92500
79	0.92500
80	0.92500
81	0.92500
82	0.92500
83	0.92500
84	0.92500
85	0.92500
86	0.92500
87	0.92500
88	0.92500
89	0.92500
90	0.92500
91	0.92500
92	0.92500
93	0.92500
94	0.92500
95	0.92500
96	0.92500
97	0.92500
98	0.92500
99	0.92500
100	0.92500
101	0.92500
102	0.92500
103	0.92500
104	0.92500
105	0.92500
106	0.92500
107	0.92500
108	0.92500
109	0.92500
110	0.92500
111	0.92500
112	0.92500
113	0.92500
114	0.92500
115	0.92500
116	0.92500
117	0.92500
118	0.92500
119	0.92500
120	0.92500
121	0.92500
122	0.92500
123	0.92500
124	0.92500
125	0.92500
126	0.92500
127	0.92500
128	0.92500
129	0.92500
130	0.92500
131	0.92500
132	0.92500
133	0.92500
134	0.92500
135	0.92500
136	0.92500
137	0.92500
138	0.92500
139	0.92500
140	0.92500
141	0.92500
142	0.92500
143	0.92500
144	0.92500
145	0.92500
146	0.92500
147	0.92500
148	0.92500
149	0.92500
