0	0.00000
1	0.00000
2	0.00000
3	0.00000
4	0.00000
5	0.02184
6	0.02186
7	0.03287
8	0.06990
9	0.06964
10	0.06229
11	0.07466
12	0.06834
13	0.16186
14	0.16250
15	0.18178
16	0.26898
17	0.25608
18	0.30793
19	0.30964
20	0.28146
21	0.37603
22	0.36926
23	0.34024
24	0.29906
25	0.29388
26	0.28520
27	0.32244
28	0.36391
29	0.48760
30	0.67684
31	0.66574
32	0.67110
33	0.74297
34	0.73984
35	0.65693
36	0.64548
37	0.60116
38	0.62332
39	0.63937
40	0.56689
41	0.49934
42	0.43235
43	0.38457
44	0.35962
45	0.32730
46	0.30651
47	0.28334
48	0.25526
49	0.23633
50	0.23103
51	0.22405
52	0.22162
53	0.21546
54	0.20156
55	0.19481
56	0.18659
57	0.18052
58	0.19189
59	0.18504
60	0.17290
61	0.15586
62	0.13903
63	0.13799
64	0.13255
65	0.12827
66	0.13091
67	0.13345
68	0.12525
69	0.12098
70	0.10785
71	0.09714
72	0.09956
73	0.09408
74	0.08827
75	0.08422
76	0.07555
77	0.07088
78	0.06522
79	0.06065
80	0.05415
81	0.05350
82	0.05430
83	0.05280
84	0.04808
85	0.05051
86	0.04911
87	0.05371
88	0.05297
89	0.04799
90	0.04423
91	0.04057
92	0.04111
93	0.03086
94	0.02889
95	0.02789
96	0.02890
97	0.02937
98	0.02765
99	0.02619
100	0.02801
101	0.02317
102	0.02497
103	0.02512
104	0.02241
105	0.02389
106	0.02183
107	0.01918
108	0.02090
109	0.02146
110	0.02345
111	0.02467
112	0.02452
113	0.02465
114	0.02229
115	0.02099
116	0.01820
117	0.01513
118	0.01317
119	0.01153
120	0.01166
121	0.01052
122	0.01168
123	0.01132
124	0.01110
125	0.01009
126	0.00910
127	0.00743
128	0.00949
129	0.00838
130	0.00798
131	0.00764
132	0.00797
133	0.00639
134	0.00737
135	0.00508
136	0.00310
137	0.00433
138	0.00461
139	0.00602
140	0.00523
141	0.00488
142	0.00488
143	0.00516
144	0.00442
145	0.00450
146	0.00318
147	0.00328
148	0.00338
149	0.00349
150	0.00108
151	0.00293
152	0.00199
153	0.00376
154	0.00522
155	0.00570
156	0.00570
157	0.00603
158	0.00249
159	0.00249
160	0.00235
161	0.00000
162	0.00000
163	0.00000
164	0.00000
165	0.00000
166	0.00000
167	0.00000
168	0.00000
169	0.00000
170	0.00000
171	0.00037
172	0.00037
173	0.00037
174	0.00037
175	0.00037
176	0.00037
177	0.00037
178	0.00000
179	0.00000
