0	0.00000
1	0.00000
2	0.00000
3	0.00050
4	0.00050
5	0.00000
6	0.00000
7	0.00050
8	0.00050
9	0.00050
10	0.00050
11	0.00050
12	0.00050
13	0.00250
14	0.00100
15	0.00050
16	0.00150
17	0.00000
18	0.00250
19	0.00150
20	0.00350
21	0.00200
22	0.00250
23	0.00150
24	0.00350
25	0.00200
26	0.00400
27	0.00400
28	0.00350
29	0.00250
30	0.00650
31	0.00500
32	0.00600
33	0.00700
34	0.01000
35	0.00900
36	0.00650
37	0.01050
38	0.01200
39	0.00800
40	0.00700
41	0.01100
42	0.00950
43	0.00950
44	0.01300
45	0.01100
46	0.01450
47	0.01250
48	0.01750
49	0.01200
50	0.01650
51	0.01550
52	0.02400
53	0.01750
54	0.01550
55	0.01800
56	0.01500
57	0.01950
58	0.01250
59	0.01750
60	0.01750
61	0.01750
62	0.01500
63	0.01900
64	0.01650
65	0.02050
66	0.01300
67	0.01500
68	0.01900
69	0.01250
70	0.01050
71	0.01500
72	0.01650
73	0.02050
74	0.01350
75	0.01100
76	0.00900
77	0.01300
78	0.01150
79	0.01050
80	0.00900
81	0.00900
82	0.01000
83	0.00750
84	0.00650
85	0.01000
86	0.00600
87	0.01300
88	0.00950
89	0.01000
90	0.00700
91	0.01000
92	0.00800
93	0.00550
94	0.00800
95	0.00650
96	0.00450
97	0.00500
98	0.00700
99	0.00450
100	0.00700
101	0.00550
102	0.00600
103	0.00600
104	0.00200
105	0.00500
106	0.00400
107	0.00550
108	0.00300
109	0.00250
110	0.00300
111	0.00200
112	0.00400
113	0.00250
114	0.00250
115	0.00350
116	0.00200
117	0.00300
118	0.00300
119	0.00450
120	0.00300
121	0.00100
122	0.00300
123	0.00150
124	0.00250
125	0.00100
126	0.00200
127	0.00000
128	0.00100
129	0.00200
130	0.00350
131	0.00050
132	0.00200
133	0.00200
134	0.00100
135	0.00100
136	0.00050
137	0.00150
138	0.00050
139	0.00200
140	0.00000
141	0.00000
142	0.00000
143	0.00100
144	0.00000
145	0.00050
146	0.00050
147	0.00100
148	0.00150
149	0.00050
150	0.00100
151	0.00000
152	0.00050
153	0.00100
154	0.00050
155	0.00000
156	0.00050
157	0.00100
158	0.00000
159	0.00000
160	0.00100
161	0.00000
162	0.00000
163	0.00000
164	0.00100
165	0.00050
166	0.00100
167	0.00000
168	0.00050
169	0.00000
170	0.00050
171	0.00000
172	0.00000
173	0.00050
174	0.00100
175	0.00000
176	0.00000
177	0.00050
178	0.00000
179	0.00050
