0	0	0	0	0	0	
1	501	0	0	0	0	
2	501	0	0	0	0	
3	500	0	0	0	0	
4	500	0	0	0	0	
5	500	0	0	0	0	
6	500	0	0	0	0	
7	500	0	0	0	0	
8	500	0	0	0	0	
9	500	0	0	0	0	
10	499	0	0	0	0	
11	498	0	0	0	0	
12	498	0	0	0	0	
13	496	0	0	0	0	
14	496	0	0	0	0	
15	496	0	0	0	0	
16	496	0	0	0	0	
17	496	0	0	0	0	
18	496	0	0	0	0	
19	495	0	0	0	0	
20	494	0	0	0	0	
21	493	0	0	0	0	
22	489	0	0	0	0	
23	489	0	0	0	0	
24	487	0	0	0	0	
25	487	0	0	0	0	
26	485	0	0	0	0	
27	484	0	0	0	0	
28	483	0	0	0	0	
29	480	0	0	0	0	
30	477	0	0	0	0	
31	473	0	0	0	0	
32	467	0	0	0	0	
33	465	0	0	0	0	
34	459	0	0	0	0	
35	454	0	0	0	0	
36	448	0	0	0	0	
37	439	0	0	0	0	
38	432	0	0	0	0	
39	428	0	0	0	0	
40	425	0	0	0	0	
41	421	0	0	0	0	
42	416	0	0	0	0	
43	413	0	0	0	0	
44	407	0	0	0	0	
45	405	0	0	0	0	
46	399	0	0	0	0	
47	390	0	0	0	0	
48	379	0	0	0	0	
49	373	0	0	0	0	
50	365	0	0	0	0	
51	353	0	0	0	0	
52	340	0	0	0	0	
53	332	0	0	0	0	
54	324	0	0	0	0	
55	317	0	0	0	0	
56	309	0	0	0	0	
57	301	0	0	0	0	
58	297	0	0	0	0	
59	290	0	0	0	0	
60	283	0	0	0	0	
61	276	0	0	0	0	
62	270	0	0	0	0	
63	261	0	0	0	0	
64	253	0	0	0	0	
65	249	0	0	0	0	
66	243	0	0	0	0	
67	233	0	0	0	0	
68	225	0	0	0	0	
69	217	0	0	0	0	
70	212	0	0	0	0	
71	204	0	0	0	0	
72	189	0	0	0	0	
73	181	0	0	0	0	
74	176	0	0	0	0	
75	169	0	0	0	0	
76	165	0	0	0	0	
77	160	0	0	0	0	
78	155	0	0	0	0	
79	148	0	0	0	0	
80	143	0	0	0	0	
81	141	0	0	0	0	
82	138	0	0	0	0	
83	132	0	0	0	0	
84	129	0	0	0	0	
85	124	0	0	0	0	
86	119	0	0	0	0	
87	114	0	0	0	0	
88	108	0	0	0	0	
89	103	0	0	0	0	
90	98	0	0	0	0	
91	92	0	0	0	0	
92	87	0	0	0	0	
93	85	0	0	0	0	
94	79	0	0	0	0	
95	75	0	0	0	0	
96	74	0	0	0	0	
97	72	0	0	0	0	
98	70	0	0	0	0	
99	67	0	0	0	0	
100	63	0	0	0	0	
101	60	0	0	0	0	
102	60	0	0	0	0	
103	54	0	0	0	0	
104	51	0	0	0	0	
105	49	0	0	0	0	
106	48	0	0	0	0	
107	47	0	0	0	0	
108	47	0	0	0	0	
109	47	0	0	0	0	
110	46	0	0	0	0	
111	43	0	0	0	0	
112	41	0	0	0	0	
113	40	0	0	0	0	
114	39	0	0	0	0	
115	37	0	0	0	0	
116	36	0	0	0	0	
117	33	0	0	0	0	
118	30	0	0	0	0	
119	28	0	0	0	0	
120	26	0	0	0	0	
121	25	0	0	0	0	
122	24	0	0	0	0	
123	24	0	0	0	0	
124	22	0	0	0	0	
125	22	0	0	0	0	
126	21	0	0	0	0	
127	21	0	0	0	0	
128	20	0	0	0	0	
129	19	0	0	0	0	
130	17	0	0	0	0	
131	17	0	0	0	0	
132	17	0	0	0	0	
133	16	0	0	0	0	
134	16	0	0	0	0	
135	16	0	0	0	0	
136	16	0	0	0	0	
137	15	0	0	0	0	
138	14	0	0	0	0	
139	13	0	0	0	0	
140	13	0	0	0	0	
141	13	0	0	0	0	
142	13	0	0	0	0	
143	13	0	0	0	0	
144	13	0	0	0	0	
145	13	0	0	0	0	
146	13	0	0	0	0	
147	12	0	0	0	0	
148	10	0	0	0	0	
149	10	0	0	0	0	
150	10	0	0	0	0	
151	10	0	0	0	0	
152	10	0	0	0	0	
153	8	0	0	0	0	
154	7	0	0	0	0	
155	7	0	0	0	0	
156	7	0	0	0	0	
157	6	0	0	0	0	
158	6	0	0	0	0	
159	6	0	0	0	0	
160	6	0	0	0	0	
161	6	0	0	0	0	
162	6	0	0	0	0	
163	6	0	0	0	0	
164	5	0	0	0	0	
165	5	0	0	0	0	
166	3	0	0	0	0	
167	3	0	0	0	0	
168	3	0	0	0	0	
169	3	0	0	0	0	
170	3	0	0	0	0	
171	3	0	0	0	0	
172	3	0	0	0	0	
173	3	0	0	0	0	
174	3	0	0	0	0	
175	3	0	0	0	0	
176	3	0	0	0	0	
177	3	0	0	0	0	
178	3	0	0	0	0	
179	3	0	0	0	0	
