0	0.00500
1	0.01900
2	0.05500
3	0.15950
4	0.36550
5	0.61200
6	0.77550
7	0.82000
8	0.82700
9	0.82900
10	0.82900
11	0.82900
12	0.82900
13	0.82900
14	0.82900
15	0.82900
16	0.82900
17	0.82900
18	0.82900
19	0.82900
20	0.82900
21	0.82900
22	0.82900
23	0.82900
24	0.82900
25	0.82900
26	0.82900
27	0.82900
28	0.82900
29	0.82900
30	0.82900
31	0.82900
32	0.82900
33	0.82900
34	0.82900
35	0.82900
36	0.82900
37	0.82900
38	0.82900
39	0.82900
40	0.82900
41	0.82900
42	0.82900
43	0.82900
44	0.82900
45	0.82900
46	0.82900
47	0.82900
48	0.82900
49	0.82900
50	0.82900
51	0.82900
52	0.82900
53	0.82900
54	0.82900
55	0.82900
56	0.82900
57	0.82900
58	0.82900
59	0.82900
60	0.82900
61	0.82900
62	0.82900
63	0.82900
64	0.82900
65	0.82900
66	0.82900
67	0.82900
68	0.82900
69	0.82900
70	0.82900
71	0.82900
72	0.82900
73	0.82900
74	0.82900
75	0.82900
76	0.82900
77	0.82900
78	0.82900
79	0.82900
80	0.82900
81	0.82900
82	0.82900
83	0.82900
84	0.82900
85	0.82900
86	0.82900
87	0.82900
88	0.82900
89	0.82900
90	0.82900
91	0.82900
92	0.82900
93	0.82900
94	0.82900
95	0.82900
96	0.82900
97	0.82900
98	0.82900
99	0.82900
