0	0.00500
1	0.00850
2	0.01650
3	0.02700
4	0.04700
5	0.07950
6	0.12800
7	0.19650
8	0.26900
9	0.34200
10	0.40400
11	0.45200
12	0.49550
13	0.53550
14	0.56700
15	0.60000
16	0.62700
17	0.64350
18	0.66200
19	0.67250
20	0.68150
21	0.68800
22	0.69150
23	0.69600
24	0.69950
25	0.70050
26	0.70250
27	0.70400
28	0.70500
29	0.70650
30	0.70650
31	0.70700
32	0.70750
33	0.70750
34	0.70750
35	0.70800
36	0.70900
37	0.70900
38	0.70900
39	0.70950
40	0.70950
41	0.71000
42	0.71000
43	0.71000
44	0.71000
45	0.71000
46	0.71000
47	0.71000
48	0.71000
49	0.71000
50	0.71000
51	0.71000
52	0.71000
53	0.71000
54	0.71000
55	0.71000
56	0.71000
57	0.71000
58	0.71000
59	0.71000
60	0.71000
61	0.71000
62	0.71000
63	0.71000
64	0.71000
65	0.71000
66	0.71000
67	0.71000
68	0.71000
69	0.71000
70	0.71000
71	0.71000
72	0.71000
73	0.71000
74	0.71000
75	0.71000
76	0.71000
77	0.71000
78	0.71000
79	0.71000
80	0.71000
81	0.71000
82	0.71000
83	0.71000
84	0.71000
85	0.71000
86	0.71000
87	0.71000
88	0.71000
89	0.71000
90	0.71000
91	0.71000
92	0.71000
93	0.71000
94	0.71000
95	0.71000
96	0.71000
97	0.71000
98	0.71000
99	0.71000
