0	0.00000
1	0.00000
2	0.00000
3	0.00000
4	0.00000
5	0.00000
6	0.00000
7	0.00000
8	0.00000
9	0.00000
10	0.00000
11	0.00000
12	0.00000
13	0.00000
14	0.03590
15	0.03590
16	0.03590
17	0.03590
18	0.03590
19	0.03590
20	0.03590
21	0.00000
22	0.00000
23	0.00000
24	0.00000
25	0.01209
26	0.01209
27	0.04836
28	0.04861
29	0.04861
30	0.07639
31	0.07422
32	0.06380
33	0.06414
34	0.02749
35	0.04319
36	0.04342
37	0.01579
38	0.05044
39	0.05044
40	0.07690
41	0.07690
42	0.06102
43	0.06102
44	0.06102
45	0.02646
46	0.02646
47	0.00000
48	0.00000
49	0.00000
50	0.00000
51	0.00000
52	0.00000
53	0.00000
54	0.00000
55	0.02926
56	0.02941
57	0.02941
58	0.07576
59	0.07576
60	0.07474
61	0.07245
62	0.04647
63	0.09754
64	0.09396
65	0.04775
66	0.04775
67	0.09550
68	0.09550
69	0.09550
70	0.04775
71	0.04775
72	0.04775
73	0.04801
74	0.00000
75	0.05464
76	0.05220
77	0.10165
78	0.15378
79	0.15378
80	0.19259
81	0.18426
82	0.17412
83	0.17275
84	0.17650
85	0.20037
86	0.18173
87	0.14171
88	0.16290
89	0.12006
90	0.12006
91	0.08333
92	0.02731
93	0.02746
94	0.02762
95	0.01943
96	0.04492
97	0.04492
98	0.08774
99	0.08682
100	0.07417
101	0.15897
102	0.19435
103	0.17049
104	0.16167
105	0.20582
106	0.17673
107	0.21223
108	0.16272
109	0.08728
110	0.08728
111	0.08780
112	0.03593
113	0.08785
114	0.07121
115	0.11540
116	0.14167
117	0.12932
118	0.11611
119	0.14340
120	0.10478
121	0.09111
122	0.05109
123	0.07010
124	0.14516
125	0.13839
126	0.13339
127	0.12505
128	0.12543
129	0.12432
130	0.11365
131	0.11010
132	0.10813
133	0.10108
134	0.12305
135	0.11388
136	0.14326
137	0.15513
138	0.11147
139	0.14814
140	0.16480
141	0.15108
142	0.18556
143	0.15676
144	0.11280
145	0.11109
146	0.09144
147	0.07098
148	0.09484
149	0.08976
150	0.10414
151	0.10108
152	0.10516
153	0.10669
154	0.11490
155	0.09101
156	0.10689
157	0.11570
158	0.09840
159	0.08602
160	0.09123
161	0.11408
162	0.14947
163	0.13988
164	0.14155
165	0.14036
166	0.13235
167	0.13732
168	0.13881
169	0.10779
170	0.09494
171	0.07517
172	0.11341
173	0.13342
174	0.12167
175	0.16097
176	0.17512
177	0.16847
178	0.15869
179	0.17589
180	0.11435
181	0.10271
182	0.07230
183	0.05440
184	0.09365
185	0.08647
186	0.07400
187	0.06550
188	0.06964
189	0.08161
190	0.06937
191	0.04498
192	0.04152
193	0.02830
194	0.03455
195	0.04090
196	0.02906
197	0.02936
198	0.01818
199	0.03082
200	0.04930
201	0.04020
202	0.03288
203	0.03288
204	0.03275
205	0.03132
206	0.04800
207	0.05881
208	0.07449
209	0.07530
210	0.06693
211	0.07729
212	0.11197
213	0.07574
214	0.06810
215	0.05450
216	0.07178
217	0.07091
218	0.05840
219	0.05030
220	0.06961
221	0.07801
222	0.08122
223	0.08316
224	0.09623
225	0.09071
226	0.11320
227	0.09993
228	0.09597
229	0.09571
230	0.06958
231	0.09763
232	0.08826
233	0.08335
234	0.07483
235	0.06427
236	0.06009
237	0.06498
238	0.04361
239	0.05652
240	0.04308
241	0.03978
242	0.04791
243	0.04149
244	0.03702
245	0.02570
246	0.01626
247	0.03095
248	0.04037
249	0.03216
250	0.03128
251	0.03188
252	0.03917
253	0.03919
254	0.02657
255	0.03675
256	0.03980
257	0.06352
258	0.07218
259	0.07113
260	0.07983
261	0.09070
262	0.06894
263	0.06253
264	0.04604
265	0.04571
266	0.03591
267	0.02466
268	0.01574
269	0.01199
270	0.01230
271	0.01230
272	0.00142
273	0.00146
274	0.00146
275	0.01896
276	0.01896
277	0.05004
278	0.05004
279	0.06493
280	0.05778
281	0.05778
282	0.05436
283	0.05436
284	0.03477
285	0.03004
286	0.01563
287	0.00987
288	0.01954
289	0.02729
290	0.02729
291	0.02054
292	0.02121
293	0.02121
294	0.02906
295	0.02130
296	0.01487
297	0.01487
298	0.01275
299	0.01321
300	0.03190
301	0.02782
302	0.03810
303	0.03968
304	0.03635
305	0.04051
306	0.04051
307	0.02935
308	0.01877
309	0.00938
310	0.00938
311	0.00435
312	0.00000
313	0.01434
314	0.01499
315	0.01499
316	0.02798
317	0.02798
318	0.03184
319	0.03184
320	0.02230
321	0.02230
322	0.02230
323	0.01127
324	0.01127
325	0.00000
326	0.00000
327	0.00000
328	0.00762
329	0.00762
330	0.00762
331	0.00762
332	0.00810
333	0.00810
334	0.01703
335	0.00893
336	0.00893
337	0.00893
338	0.00893
339	0.00893
340	0.00893
341	0.00000
342	0.00000
343	0.00000
344	0.00000
345	0.01020
346	0.01099
347	0.01099
348	0.01099
349	0.01099
350	0.01099
351	0.01099
352	0.00000
353	0.00000
354	0.00000
355	0.00000
356	0.00000
357	0.00000
358	0.00000
359	0.00000
360	0.00000
361	0.01136
362	0.01136
363	0.01136
364	0.01136
365	0.01136
366	0.01136
367	0.01136
368	0.00000
369	0.00000
370	0.00000
371	0.00000
372	0.00000
373	0.00000
374	0.00000
375	0.00000
376	0.00000
377	0.00000
378	0.00000
379	0.00000
380	0.00000
381	0.00000
382	0.00000
383	0.00000
384	0.00000
385	0.00000
386	0.00000
387	0.00000
388	0.00000
389	0.00000
390	0.00000
391	0.00000
392	0.00000
393	0.00000
394	0.00000
395	0.00000
396	0.00000
397	0.01111
398	0.01111
399	0.01111
400	0.00000
401	0.00000
402	0.00000
403	0.00000
404	0.00000
405	0.00000
406	0.00000
407	0.00000
408	0.00000
409	0.00000
410	0.00000
411	0.00000
412	0.00000
413	0.00000
414	0.00000
415	0.00000
416	0.00000
417	0.00000
418	0.00000
419	0.00000
420	0.00000
421	0.00000
422	0.00000
423	0.00000
424	0.00000
425	0.00000
426	0.00000
427	0.00000
428	0.00000
429	0.00000
430	0.00000
431	0.00000
432	0.03704
433	0.03704
434	0.03704
435	0.03704
436	0.05556
437	0.05556
438	0.05556
439	0.00000
440	0.00000
441	0.00000
442	0.00000
443	0.00000
444	0.00000
445	0.00000
446	0.00000
447	0.00000
448	0.00000
449	0.00000
450	0.00000
451	0.00000
452	0.00000
453	0.00000
454	0.00000
455	0.00000
456	0.00000
457	0.00000
458	0.00000
459	0.00000
460	0.00000
461	0.00000
462	0.00000
463	0.00000
464	0.00000
465	0.00000
466	0.00000
467	0.00000
468	0.00000
469	0.00000
470	0.00000
471	0.00000
472	0.00000
473	0.00000
474	0.00000
475	0.00000
476	0.00000
477	0.00000
478	0.00000
479	0.00000
480	0.00000
481	0.00000
482	0.00000
483	0.00000
484	0.00000
485	0.00000
486	0.00000
487	0.00000
488	0.00000
489	0.00000
490	0.00000
491	0.00000
492	0.00000
493	0.00000
494	0.00000
495	0.00000
496	0.00000
497	0.00000
498	0.00000
499	0.00000
