0	0	0	0	0	0	
1	21	0	0	0	0	
2	21	0	0	0	0	
3	21	0	0	0	0	
4	21	0	0	0	0	
5	21	0	0	0	0	
6	21	0	0	0	0	
7	21	0	0	0	0	
8	21	0	0	0	0	
9	21	0	0	0	0	
10	21	0	0	0	0	
11	21	0	0	0	0	
12	21	0	0	0	0	
13	21	0	0	0	0	
14	21	0	0	0	0	
15	21	0	0	0	0	
16	21	0	0	0	0	
17	21	0	0	0	0	
18	21	0	0	0	0	
19	21	0	0	0	0	
20	21	0	0	0	0	
21	21	0	0	0	0	
22	21	0	0	0	0	
23	20	0	0	0	0	
24	20	0	0	0	0	
25	20	0	0	0	0	
26	20	0	0	0	0	
27	20	0	0	0	0	
28	20	0	0	0	0	
29	20	0	0	0	0	
30	20	0	0	0	0	
31	20	0	0	0	0	
32	20	0	0	0	0	
33	20	0	0	0	0	
34	20	0	0	0	0	
35	20	0	0	0	0	
36	20	0	0	0	0	
37	20	0	0	0	0	
38	20	0	0	0	0	
39	20	0	0	0	0	
40	20	0	0	0	0	
41	20	0	0	0	0	
42	20	0	0	0	0	
43	20	0	0	0	0	
44	20	0	0	0	0	
45	20	0	0	0	0	
46	20	0	0	0	0	
47	20	0	0	0	0	
48	20	0	0	0	0	
49	20	0	0	0	0	
50	20	0	0	0	0	
51	20	0	0	0	0	
52	20	0	0	0	0	
53	20	0	0	0	0	
54	20	0	0	0	0	
55	20	0	0	0	0	
56	20	0	0	0	0	
57	20	0	0	0	0	
58	20	0	0	0	0	
59	20	0	0	0	0	
60	20	0	0	0	0	
61	20	0	0	0	0	
62	20	0	0	0	0	
63	20	0	0	0	0	
64	20	0	0	0	0	
65	20	0	0	0	0	
66	20	0	0	0	0	
67	20	0	0	0	0	
68	20	0	0	0	0	
69	20	0	0	0	0	
70	20	0	0	0	0	
71	20	0	0	0	0	
72	20	0	0	0	0	
73	20	0	0	0	0	
74	20	0	0	0	0	
75	20	0	0	0	0	
76	20	0	0	0	0	
77	20	0	0	0	0	
78	20	0	0	0	0	
79	20	0	0	0	0	
80	20	0	0	0	0	
81	20	0	0	0	0	
82	20	0	0	0	0	
83	19	0	0	0	0	
84	19	0	0	0	0	
85	19	0	0	0	0	
86	19	0	0	0	0	
87	19	0	0	0	0	
88	19	0	0	0	0	
89	19	0	0	0	0	
90	19	0	0	0	0	
91	19	0	0	0	0	
92	19	0	0	0	0	
93	19	0	0	0	0	
94	19	0	0	0	0	
95	19	0	0	0	0	
96	19	0	0	0	0	
97	19	0	0	0	0	
98	19	0	0	0	0	
99	19	0	0	0	0	
100	19	0	0	0	0	
101	19	0	0	0	0	
102	19	0	0	0	0	
103	18	0	0	0	0	
104	18	0	0	0	0	
105	18	0	0	0	0	
106	18	0	0	0	0	
107	18	0	0	0	0	
108	18	0	0	0	0	
109	18	0	0	0	0	
110	18	0	0	0	0	
111	18	0	0	0	0	
112	18	0	0	0	0	
113	18	0	0	0	0	
114	18	0	0	0	0	
115	18	0	0	0	0	
116	18	0	0	0	0	
117	18	0	0	0	0	
118	18	0	0	0	0	
119	18	0	0	0	0	
120	18	0	0	0	0	
121	18	0	0	0	0	
122	18	0	0	0	0	
123	18	0	0	0	0	
124	18	0	0	0	0	
125	18	0	0	0	0	
126	18	0	0	0	0	
127	18	0	0	0	0	
128	18	0	0	0	0	
129	18	0	0	0	0	
130	18	0	0	0	0	
131	17	0	0	0	0	
132	17	0	0	0	0	
133	17	0	0	0	0	
134	17	0	0	0	0	
135	17	0	0	0	0	
136	17	0	0	0	0	
137	17	0	0	0	0	
138	17	0	0	0	0	
139	17	0	0	0	0	
140	17	0	0	0	0	
141	17	0	0	0	0	
142	17	0	0	0	0	
143	17	0	0	0	0	
144	17	0	0	0	0	
145	17	0	0	0	0	
146	17	0	0	0	0	
147	17	0	0	0	0	
148	17	0	0	0	0	
149	17	0	0	0	0	
150	17	0	0	0	0	
151	17	0	0	0	0	
152	16	0	0	0	0	
153	16	0	0	0	0	
154	16	0	0	0	0	
155	16	0	0	0	0	
156	16	0	0	0	0	
157	16	0	0	0	0	
158	16	0	0	0	0	
159	16	0	0	0	0	
160	16	0	0	0	0	
161	16	0	0	0	0	
162	16	0	0	0	0	
163	16	0	0	0	0	
164	16	0	0	0	0	
165	16	0	0	0	0	
166	16	0	0	0	0	
167	16	0	0	0	0	
168	16	0	0	0	0	
169	16	0	0	0	0	
170	15	0	0	0	0	
171	15	0	0	0	0	
172	15	0	0	0	0	
173	13	0	0	0	0	
174	13	0	0	0	0	
175	13	0	0	0	0	
176	13	0	0	0	0	
177	13	0	0	0	0	
178	13	0	0	0	0	
179	13	0	0	0	0	
180	13	0	0	0	0	
181	13	0	0	0	0	
182	13	0	0	0	0	
183	13	0	0	0	0	
184	13	0	0	0	0	
185	13	0	0	0	0	
186	13	0	0	0	0	
187	13	0	0	0	0	
188	13	0	0	0	0	
189	13	0	0	0	0	
190	13	0	0	0	0	
191	13	0	0	0	0	
192	13	0	0	0	0	
193	12	0	0	0	0	
194	12	0	0	0	0	
195	12	0	0	0	0	
196	12	0	0	0	0	
197	12	0	0	0	0	
198	12	0	0	0	0	
199	12	0	0	0	0	
200	12	0	0	0	0	
201	12	0	0	0	0	
202	12	0	0	0	0	
203	12	0	0	0	0	
204	10	0	0	0	0	
205	10	0	0	0	0	
206	9	0	0	0	0	
207	9	0	0	0	0	
208	9	0	0	0	0	
209	9	0	0	0	0	
210	9	0	0	0	0	
211	9	0	0	0	0	
212	9	0	0	0	0	
213	9	0	0	0	0	
214	9	0	0	0	0	
215	9	0	0	0	0	
216	9	0	0	0	0	
217	9	0	0	0	0	
218	9	0	0	0	0	
219	9	0	0	0	0	
220	9	0	0	0	0	
221	9	0	0	0	0	
222	8	0	0	0	0	
223	8	0	0	0	0	
224	8	0	0	0	0	
225	8	0	0	0	0	
226	8	0	0	0	0	
227	8	0	0	0	0	
228	8	0	0	0	0	
229	8	0	0	0	0	
230	8	0	0	0	0	
231	7	0	0	0	0	
232	7	0	0	0	0	
233	7	0	0	0	0	
234	7	0	0	0	0	
235	7	0	0	0	0	
236	6	0	0	0	0	
237	6	0	0	0	0	
238	6	0	0	0	0	
239	6	0	0	0	0	
240	6	0	0	0	0	
241	6	0	0	0	0	
242	6	0	0	0	0	
243	6	0	0	0	0	
244	6	0	0	0	0	
245	6	0	0	0	0	
246	6	0	0	0	0	
247	6	0	0	0	0	
248	6	0	0	0	0	
249	6	0	0	0	0	
250	6	0	0	0	0	
251	6	0	0	0	0	
252	6	0	0	0	0	
253	6	0	0	0	0	
254	6	0	0	0	0	
255	6	0	0	0	0	
256	5	0	0	0	0	
257	5	0	0	0	0	
258	5	0	0	0	0	
259	5	0	0	0	0	
260	5	0	0	0	0	
261	5	0	0	0	0	
262	5	0	0	0	0	
263	5	0	0	0	0	
264	5	0	0	0	0	
265	5	0	0	0	0	
266	5	0	0	0	0	
267	5	0	0	0	0	
268	5	0	0	0	0	
269	5	0	0	0	0	
270	5	0	0	0	0	
271	5	0	0	0	0	
272	5	0	0	0	0	
273	5	0	0	0	0	
274	5	0	0	0	0	
275	5	0	0	0	0	
276	5	0	0	0	0	
277	5	0	0	0	0	
278	5	0	0	0	0	
279	5	0	0	0	0	
280	5	0	0	0	0	
281	5	0	0	0	0	
282	5	0	0	0	0	
283	5	0	0	0	0	
284	5	0	0	0	0	
285	5	0	0	0	0	
286	5	0	0	0	0	
287	5	0	0	0	0	
288	5	0	0	0	0	
289	5	0	0	0	0	
290	5	0	0	0	0	
291	5	0	0	0	0	
292	4	0	0	0	0	
293	4	0	0	0	0	
294	4	0	0	0	0	
295	4	0	0	0	0	
296	4	0	0	0	0	
297	4	0	0	0	0	
298	4	0	0	0	0	
299	4	0	0	0	0	
300	4	0	0	0	0	
301	4	0	0	0	0	
302	4	0	0	0	0	
303	4	0	0	0	0	
304	4	0	0	0	0	
305	4	0	0	0	0	
306	4	0	0	0	0	
307	4	0	0	0	0	
308	4	0	0	0	0	
309	4	0	0	0	0	
310	4	0	0	0	0	
311	4	0	0	0	0	
312	4	0	0	0	0	
313	4	0	0	0	0	
314	4	0	0	0	0	
315	4	0	0	0	0	
316	4	0	0	0	0	
317	4	0	0	0	0	
318	4	0	0	0	0	
319	4	0	0	0	0	
320	4	0	0	0	0	
321	4	0	0	0	0	
322	4	0	0	0	0	
323	4	0	0	0	0	
324	4	0	0	0	0	
325	4	0	0	0	0	
326	4	0	0	0	0	
327	4	0	0	0	0	
328	4	0	0	0	0	
329	4	0	0	0	0	
330	4	0	0	0	0	
331	4	0	0	0	0	
332	4	0	0	0	0	
333	4	0	0	0	0	
334	4	0	0	0	0	
335	4	0	0	0	0	
336	4	0	0	0	0	
337	4	0	0	0	0	
338	4	0	0	0	0	
339	4	0	0	0	0	
340	4	0	0	0	0	
341	4	0	0	0	0	
342	3	0	0	0	0	
343	2	0	0	0	0	
344	2	0	0	0	0	
345	2	0	0	0	0	
346	2	0	0	0	0	
347	2	0	0	0	0	
348	2	0	0	0	0	
349	2	0	0	0	0	
350	2	0	0	0	0	
351	2	0	0	0	0	
352	2	0	0	0	0	
353	2	0	0	0	0	
354	2	0	0	0	0	
355	2	0	0	0	0	
356	2	0	0	0	0	
357	2	0	0	0	0	
358	2	0	0	0	0	
359	2	0	0	0	0	
360	2	0	0	0	0	
361	2	0	0	0	0	
362	2	0	0	0	0	
363	2	0	0	0	0	
364	2	0	0	0	0	
365	2	0	0	0	0	
366	2	0	0	0	0	
367	2	0	0	0	0	
368	2	0	0	0	0	
369	2	0	0	0	0	
370	2	0	0	0	0	
371	2	0	0	0	0	
372	2	0	0	0	0	
373	2	0	0	0	0	
374	2	0	0	0	0	
375	2	0	0	0	0	
376	2	0	0	0	0	
377	2	0	0	0	0	
378	2	0	0	0	0	
379	2	0	0	0	0	
380	2	0	0	0	0	
381	2	0	0	0	0	
382	2	0	0	0	0	
383	2	0	0	0	0	
384	2	0	0	0	0	
385	2	0	0	0	0	
386	2	0	0	0	0	
387	2	0	0	0	0	
388	2	0	0	0	0	
389	2	0	0	0	0	
390	2	0	0	0	0	
391	2	0	0	0	0	
392	2	0	0	0	0	
393	2	0	0	0	0	
394	2	0	0	0	0	
395	2	0	0	0	0	
396	2	0	0	0	0	
397	2	0	0	0	0	
398	2	0	0	0	0	
399	2	0	0	0	0	
400	2	0	0	0	0	
401	2	0	0	0	0	
402	2	0	0	0	0	
403	2	0	0	0	0	
404	2	0	0	0	0	
405	2	0	0	0	0	
406	2	0	0	0	0	
407	2	0	0	0	0	
408	2	0	0	0	0	
409	2	0	0	0	0	
410	2	0	0	0	0	
411	2	0	0	0	0	
412	2	0	0	0	0	
413	2	0	0	0	0	
414	2	0	0	0	0	
415	2	0	0	0	0	
416	2	0	0	0	0	
417	2	0	0	0	0	
418	2	0	0	0	0	
419	2	0	0	0	0	
420	2	0	0	0	0	
421	2	0	0	0	0	
422	2	0	0	0	0	
423	2	0	0	0	0	
424	2	0	0	0	0	
425	2	0	0	0	0	
426	2	0	0	0	0	
427	2	0	0	0	0	
428	2	0	0	0	0	
429	2	0	0	0	0	
430	1	0	0	0	0	
431	1	0	0	0	0	
432	1	0	0	0	0	
433	1	0	0	0	0	
434	1	0	0	0	0	
435	1	0	0	0	0	
436	1	0	0	0	0	
437	1	0	0	0	0	
438	1	0	0	0	0	
439	1	0	0	0	0	
440	1	0	0	0	0	
441	1	0	0	0	0	
442	1	0	0	0	0	
443	1	0	0	0	0	
444	1	0	0	0	0	
445	1	0	0	0	0	
446	1	0	0	0	0	
447	1	0	0	0	0	
448	1	0	0	0	0	
449	1	0	0	0	0	
450	1	0	0	0	0	
451	1	0	0	0	0	
452	1	0	0	0	0	
453	1	0	0	0	0	
454	1	0	0	0	0	
455	1	0	0	0	0	
456	1	0	0	0	0	
457	1	0	0	0	0	
458	1	0	0	0	0	
459	1	0	0	0	0	
460	1	0	0	0	0	
461	1	0	0	0	0	
462	1	0	0	0	0	
463	1	0	0	0	0	
464	1	0	0	0	0	
465	1	0	0	0	0	
466	1	0	0	0	0	
467	1	0	0	0	0	
468	1	0	0	0	0	
469	1	0	0	0	0	
470	1	0	0	0	0	
471	1	0	0	0	0	
472	1	0	0	0	0	
473	1	0	0	0	0	
474	1	0	0	0	0	
475	1	0	0	0	0	
476	1	0	0	0	0	
477	1	0	0	0	0	
478	1	0	0	0	0	
479	1	0	0	0	0	
480	1	0	0	0	0	
481	1	0	0	0	0	
482	1	0	0	0	0	
483	1	0	0	0	0	
484	1	0	0	0	0	
485	1	0	0	0	0	
486	1	0	0	0	0	
487	1	0	0	0	0	
488	1	0	0	0	0	
489	1	0	0	0	0	
490	1	0	0	0	0	
491	1	0	0	0	0	
492	1	0	0	0	0	
493	1	0	0	0	0	
494	1	0	0	0	0	
495	1	0	0	0	0	
496	1	0	0	0	0	
497	1	0	0	0	0	
498	1	0	0	0	0	
499	1	0	0	0	0	
