0	0.00000
1	0.00000
2	0.00000
3	0.10059
4	0.46752
5	0.92417
6	1.17279
7	1.26802
8	1.35199
9	1.41112
10	1.28390
11	1.10016
12	0.94781
13	0.73344
14	0.55537
15	0.40946
16	0.30020
17	0.23777
18	0.18424
19	0.14340
20	0.11311
21	0.09352
22	0.07673
23	0.06337
24	0.04862
25	0.04259
26	0.03370
27	0.02765
28	0.02128
29	0.01718
30	0.01300
31	0.01177
32	0.00730
33	0.00845
34	0.00756
35	0.00793
36	0.00567
37	0.00529
38	0.00403
39	0.00290
40	0.00088
41	0.00034
42	0.00000
43	0.00000
44	0.00000
45	0.00000
46	0.00000
47	0.00000
48	0.00000
49	0.00000
50	0.00000
51	0.00000
52	0.00000
53	0.00000
54	0.00000
55	0.00000
56	0.00000
57	0.00000
58	0.00000
59	0.00000
60	0.00000
61	0.00000
62	0.00000
63	0.00000
64	0.00000
65	0.00000
66	0.00000
67	0.00000
68	0.00000
69	0.00000
70	0.00000
71	0.00000
72	0.00000
73	0.00000
74	0.00000
75	0.00000
76	0.00000
77	0.00000
78	0.00000
79	0.00000
80	0.00000
81	0.00000
82	0.00000
83	0.00000
84	0.00000
85	0.00000
86	0.00000
87	0.00000
88	0.00000
89	0.00000
90	0.00000
91	0.00000
92	0.00000
93	0.00000
94	0.00000
95	0.00000
96	0.00000
97	0.00000
98	0.00000
99	0.00000
