0	0.00000
1	0.00000
2	0.00000
3	0.05649
4	0.21751
5	0.50162
6	0.84113
7	1.08462
8	1.24902
9	1.34772
10	1.26633
11	1.12670
12	0.99123
13	0.77823
14	0.58748
15	0.43393
16	0.31757
17	0.24875
18	0.19331
19	0.15001
20	0.11824
21	0.09796
22	0.08051
23	0.06638
24	0.04907
25	0.04229
26	0.03303
27	0.02591
28	0.01912
29	0.01496
30	0.01136
31	0.01040
32	0.00746
33	0.00821
34	0.00738
35	0.00773
36	0.00643
37	0.00623
38	0.00512
39	0.00450
40	0.00243
41	0.00201
42	0.00124
43	0.00124
44	0.00046
45	0.00046
46	0.00046
47	0.00046
48	0.00046
49	0.00000
50	0.00000
51	0.00000
52	0.00000
53	0.00000
54	0.00000
55	0.00000
56	0.00000
57	0.00000
58	0.00000
59	0.00000
60	0.00000
61	0.00000
62	0.00000
63	0.00000
64	0.00000
65	0.00000
66	0.00000
67	0.00000
68	0.00000
69	0.00000
70	0.00000
71	0.00000
72	0.00000
73	0.00000
74	0.00000
75	0.00000
76	0.00000
77	0.00000
78	0.00000
79	0.00000
80	0.00000
81	0.00000
82	0.00000
83	0.00000
84	0.00000
85	0.00000
86	0.00000
87	0.00000
88	0.00000
89	0.00000
90	0.00000
91	0.00000
92	0.00000
93	0.00000
94	0.00000
95	0.00000
96	0.00000
97	0.00000
98	0.00000
99	0.00000
