0	.05175000000000000000
1	.08241666666666666666
2	.13000000000000000000
3	.19800000000000000000
4	.29325000000000000000
5	.40908333333333333333
6	.53208333333333333333
7	.65200000000000000000
8	.75566666666666666666
9	.83766666666666666666
10	.89583333333333333333
11	.93450000000000000000
12	.95916666666666666666
13	.97475000000000000000
14	.98458333333333333333
15	.99041666666666666666
16	.99433333333333333333
17	.99725000000000000000
18	.99850000000000000000
19	.99891666666666666666
20	.99933333333333333333
21	.99950000000000000000
22	.99991666666666666666
23	1.00000000000000000000
0	.05175000000000000000
1	.08241666666666666666
2	.13000000000000000000
3	.19800000000000000000
4	.29325000000000000000
5	.40908333333333333333
6	.53208333333333333333
7	.65200000000000000000
8	.75566666666666666666
9	.83766666666666666666
10	.89583333333333333333
11	.93450000000000000000
12	.95916666666666666666
13	.97475000000000000000
14	.98458333333333333333
15	.99041666666666666666
16	.99433333333333333333
17	.99725000000000000000
18	.99850000000000000000
19	.99891666666666666666
20	.99933333333333333333
21	.99950000000000000000
22	.99991666666666666666
23	1.00000000000000000000
