0	0.00000
1	0.00000
2	0.00000
3	0.02333
4	0.10482
5	0.20956
6	0.63557
7	0.83846
8	1.12624
9	1.35182
10	1.28275
11	1.24071
12	0.93051
13	0.67350
14	0.45503
15	0.26077
16	0.14888
17	0.09954
18	0.07235
19	0.04886
20	0.03361
21	0.02296
22	0.01616
23	0.01131
24	0.00779
25	0.00564
26	0.00380
27	0.00232
28	0.00181
29	0.00142
30	0.00075
31	0.00054
32	0.00035
33	0.00000
34	0.00000
35	0.00000
36	0.00000
37	0.00000
38	0.00000
39	0.00000
40	0.00000
41	0.00000
42	0.00000
43	0.00000
44	0.00000
45	0.00000
46	0.00000
47	0.00000
48	0.00000
49	0.00000
50	0.00000
51	0.00000
52	0.00000
53	0.00000
54	0.00000
55	0.00000
56	0.00000
57	0.00000
58	0.00000
59	0.00000
60	0.00000
61	0.00000
62	0.00000
63	0.00000
64	0.00000
65	0.00000
66	0.00000
67	0.00000
68	0.00000
69	0.00000
70	0.00000
71	0.00000
72	0.00000
73	0.00000
74	0.00000
75	0.00000
76	0.00000
77	0.00000
78	0.00000
79	0.00000
80	0.00000
81	0.00000
82	0.00000
83	0.00000
84	0.00000
85	0.00000
86	0.00000
87	0.00000
88	0.00000
89	0.00000
90	0.00000
91	0.00000
92	0.00000
93	0.00000
94	0.00000
95	0.00000
96	0.00000
97	0.00000
98	0.00000
99	0.00000
