0	0.00500
1	0.01550
2	0.05150
3	0.14750
4	0.35450
5	0.63550
6	0.81550
7	0.88400
8	0.90000
9	0.90300
10	0.90400
11	0.90400
12	0.90400
13	0.90400
14	0.90400
15	0.90400
16	0.90400
17	0.90400
18	0.90400
19	0.90400
20	0.90400
21	0.90400
22	0.90400
23	0.90400
24	0.90400
25	0.90400
26	0.90400
27	0.90400
28	0.90400
29	0.90400
30	0.90400
31	0.90400
32	0.90400
33	0.90400
34	0.90400
35	0.90400
36	0.90400
37	0.90400
38	0.90400
39	0.90400
40	0.90400
41	0.90400
42	0.90400
43	0.90400
44	0.90400
45	0.90400
46	0.90400
47	0.90400
48	0.90400
49	0.90400
50	0.90400
51	0.90400
52	0.90400
53	0.90400
54	0.90400
55	0.90400
56	0.90400
57	0.90400
58	0.90400
59	0.90400
60	0.90400
61	0.90400
62	0.90400
63	0.90400
64	0.90400
65	0.90400
66	0.90400
67	0.90400
68	0.90400
69	0.90400
70	0.90400
71	0.90400
72	0.90400
73	0.90400
74	0.90400
75	0.90400
76	0.90400
77	0.90400
78	0.90400
79	0.90400
80	0.90400
81	0.90400
82	0.90400
83	0.90400
84	0.90400
85	0.90400
86	0.90400
87	0.90400
88	0.90400
89	0.90400
90	0.90400
91	0.90400
92	0.90400
93	0.90400
94	0.90400
95	0.90400
96	0.90400
97	0.90400
98	0.90400
99	0.90400
100	0.90400
101	0.90400
102	0.90400
103	0.90400
104	0.90400
105	0.90400
106	0.90400
107	0.90400
108	0.90400
109	0.90400
110	0.90400
111	0.90400
112	0.90400
113	0.90400
114	0.90400
115	0.90400
116	0.90400
117	0.90400
118	0.90400
119	0.90400
120	0.90400
121	0.90400
122	0.90400
123	0.90400
124	0.90400
125	0.90400
126	0.90400
127	0.90400
128	0.90400
129	0.90400
130	0.90400
131	0.90400
132	0.90400
133	0.90400
134	0.90400
135	0.90400
136	0.90400
137	0.90400
138	0.90400
139	0.90400
140	0.90400
141	0.90400
142	0.90400
143	0.90400
144	0.90400
145	0.90400
146	0.90400
147	0.90400
148	0.90400
149	0.90400
