0	0.02000
1	0.02000
2	0.02000
3	0.02000
4	0.02000
5	0.02000
6	0.02000
7	0.02000
8	0.02000
9	0.02000
10	0.02000
11	0.02000
12	0.02000
13	0.02000
14	0.02000
15	0.02000
16	0.02000
17	0.02000
18	0.02000
19	0.02500
20	0.02500
21	0.02500
22	0.02500
23	0.02500
24	0.02500
25	0.02500
26	0.02500
27	0.02500
28	0.02500
29	0.02500
30	0.02500
31	0.02500
32	0.02500
33	0.02500
34	0.02500
35	0.02500
36	0.02500
37	0.02500
38	0.02500
39	0.02500
40	0.02500
41	0.03000
42	0.03000
43	0.03500
44	0.03500
45	0.03500
46	0.03500
47	0.03500
48	0.03500
49	0.03500
50	0.03500
51	0.03500
52	0.03500
53	0.03500
54	0.04000
55	0.04000
56	0.04000
57	0.04000
58	0.04000
59	0.04000
60	0.04000
61	0.04000
62	0.04000
63	0.04500
64	0.04500
65	0.04500
66	0.04500
67	0.05000
68	0.05000
69	0.05000
70	0.05000
71	0.05000
72	0.05500
73	0.05500
74	0.05500
75	0.05500
76	0.05500
77	0.05500
78	0.05500
79	0.05500
80	0.05500
81	0.05500
82	0.06500
83	0.06500
84	0.06500
85	0.06500
86	0.06500
87	0.06500
88	0.06500
89	0.06500
90	0.06500
91	0.06500
92	0.06500
93	0.06500
94	0.06500
95	0.06500
96	0.07000
97	0.07000
98	0.07000
99	0.07000
100	0.07000
101	0.07000
102	0.07000
103	0.07000
104	0.07000
105	0.07000
106	0.07000
107	0.07000
108	0.07000
109	0.07500
110	0.07500
111	0.07500
112	0.07500
113	0.08500
114	0.08500
115	0.08500
116	0.08500
117	0.08500
118	0.08500
119	0.08500
120	0.08500
121	0.08500
122	0.08500
123	0.09000
124	0.09000
125	0.09000
126	0.09500
127	0.09500
128	0.09500
129	0.09500
130	0.09500
131	0.09500
132	0.09500
133	0.09500
134	0.10000
135	0.10000
136	0.10000
137	0.10000
138	0.10500
139	0.11500
140	0.11500
141	0.11500
142	0.11500
143	0.12000
144	0.12000
145	0.12500
146	0.13500
147	0.14000
148	0.14000
149	0.14000
