0	0.00000
1	0.00000
2	0.00000
3	0.00000
4	0.00000
5	0.00000
6	0.00000
7	0.00000
8	0.00000
9	0.00000
10	0.00000
11	0.00000
12	0.00000
13	0.00000
14	0.00000
15	0.00000
16	0.00000
17	0.00000
18	0.00000
19	0.00000
20	0.00000
21	0.01795
22	0.01795
23	0.01795
24	0.01795
25	0.01795
26	0.01795
27	0.01795
28	0.00000
29	0.00000
30	0.00000
31	0.00000
32	0.00000
33	0.00000
34	0.00000
35	0.00000
36	0.00000
37	0.00000
38	0.00000
39	0.00000
40	0.00000
41	0.00000
42	0.00000
43	0.02850
44	0.02850
45	0.05699
46	0.05699
47	0.05699
48	0.05699
49	0.05699
50	0.02850
51	0.02850
52	0.00000
53	0.00000
54	0.00000
55	0.00000
56	0.01997
57	0.01997
58	0.01997
59	0.01997
60	0.01997
61	0.01997
62	0.01997
63	0.00000
64	0.00000
65	0.01832
66	0.01832
67	0.01842
68	0.01842
69	0.06228
70	0.05439
71	0.05439
72	0.03880
73	0.03880
74	0.07760
75	0.07540
76	0.03836
77	0.03836
78	0.03836
79	0.03836
80	0.03836
81	0.00000
82	0.00000
83	0.00000
84	0.07665
85	0.07665
86	0.07665
87	0.06640
88	0.06640
89	0.06640
90	0.06640
91	0.00000
92	0.00000
93	0.00000
94	0.00000
95	0.00000
96	0.00000
97	0.00000
98	0.04570
99	0.04570
100	0.04570
101	0.04570
102	0.04570
103	0.04570
104	0.04570
105	0.00000
106	0.00000
107	0.00000
108	0.00000
109	0.00000
110	0.00000
111	0.00811
112	0.00811
113	0.00820
114	0.00820
115	0.03279
116	0.03279
117	0.03279
118	0.02459
119	0.02459
120	0.02459
121	0.02459
122	0.00000
123	0.00000
124	0.00000
125	0.04780
126	0.04807
127	0.04807
128	0.09871
129	0.09871
130	0.09641
131	0.09641
132	0.05018
133	0.05018
134	0.05046
135	0.00000
136	0.05880
137	0.05880
138	0.05912
139	0.05979
140	0.11676
141	0.15913
142	0.15066
143	0.09138
144	0.08902
145	0.12952
146	0.11657
147	0.10417
148	0.15426
149	0.22355
