0	0.00500
1	0.01200
2	0.03200
3	0.09200
4	0.22250
5	0.43000
6	0.62750
7	0.72450
8	0.75700
9	0.76400
10	0.76650
11	0.76650
12	0.76650
13	0.76650
14	0.76650
15	0.76650
16	0.76650
17	0.76650
18	0.76650
19	0.76650
20	0.76650
21	0.76650
22	0.76650
23	0.76650
24	0.76650
25	0.76650
26	0.76650
27	0.76650
28	0.76650
29	0.76650
30	0.76650
31	0.76650
32	0.76650
33	0.76650
34	0.76650
35	0.76650
36	0.76650
37	0.76650
38	0.76650
39	0.76650
40	0.76650
41	0.76650
42	0.76650
43	0.76650
44	0.76650
45	0.76650
46	0.76650
47	0.76650
48	0.76650
49	0.76650
50	0.76650
51	0.76650
52	0.76650
53	0.76650
54	0.76650
55	0.76650
56	0.76650
57	0.76650
58	0.76650
59	0.76650
60	0.76650
61	0.76650
62	0.76650
63	0.76650
64	0.76650
65	0.76650
66	0.76650
67	0.76650
68	0.76650
69	0.76650
70	0.76650
71	0.76650
72	0.76650
73	0.76650
74	0.76650
75	0.76650
76	0.76650
77	0.76650
78	0.76650
79	0.76650
80	0.76650
81	0.76650
82	0.76650
83	0.76650
84	0.76650
85	0.76650
86	0.76650
87	0.76650
88	0.76650
89	0.76650
90	0.76650
91	0.76650
92	0.76650
93	0.76650
94	0.76650
95	0.76650
96	0.76650
97	0.76650
98	0.76650
99	0.76650
100	0.76650
101	0.76650
102	0.76650
103	0.76650
104	0.76650
105	0.76650
106	0.76650
107	0.76650
108	0.76650
109	0.76650
110	0.76650
111	0.76650
112	0.76650
113	0.76650
114	0.76650
115	0.76650
116	0.76650
117	0.76650
118	0.76650
119	0.76650
120	0.76650
121	0.76650
122	0.76650
123	0.76650
124	0.76650
125	0.76650
126	0.76650
127	0.76650
128	0.76650
129	0.76650
130	0.76650
131	0.76650
132	0.76650
133	0.76650
134	0.76650
135	0.76650
136	0.76650
137	0.76650
138	0.76650
139	0.76650
140	0.76650
141	0.76650
142	0.76650
143	0.76650
144	0.76650
145	0.76650
146	0.76650
147	0.76650
148	0.76650
149	0.76650
