0	0.00500
1	0.01350
2	0.03700
3	0.10600
4	0.24950
5	0.51450
6	0.76250
7	0.86700
8	0.89650
9	0.90600
10	0.90950
11	0.91000
12	0.91000
13	0.91000
14	0.91000
15	0.91000
16	0.91000
17	0.91000
18	0.91000
19	0.91000
20	0.91000
21	0.91000
22	0.91000
23	0.91000
24	0.91000
25	0.91000
26	0.91000
27	0.91000
28	0.91000
29	0.91000
30	0.91000
31	0.91000
32	0.91000
33	0.91000
34	0.91000
35	0.91000
36	0.91000
37	0.91000
38	0.91000
39	0.91000
40	0.91000
41	0.91000
42	0.91000
43	0.91000
44	0.91000
45	0.91000
46	0.91000
47	0.91000
48	0.91000
49	0.91000
50	0.91000
51	0.91000
52	0.91000
53	0.91000
54	0.91000
55	0.91000
56	0.91000
57	0.91000
58	0.91000
59	0.91000
60	0.91000
61	0.91000
62	0.91000
63	0.91000
64	0.91000
65	0.91000
66	0.91000
67	0.91000
68	0.91000
69	0.91000
70	0.91000
71	0.91000
72	0.91000
73	0.91000
74	0.91000
75	0.91000
76	0.91000
77	0.91000
78	0.91000
79	0.91000
80	0.91000
81	0.91000
82	0.91000
83	0.91000
84	0.91000
85	0.91000
86	0.91000
87	0.91000
88	0.91000
89	0.91000
90	0.91000
91	0.91000
92	0.91000
93	0.91000
94	0.91000
95	0.91000
96	0.91000
97	0.91000
98	0.91000
99	0.91000
100	0.91000
101	0.91000
102	0.91000
103	0.91000
104	0.91000
105	0.91000
106	0.91000
107	0.91000
108	0.91000
109	0.91000
110	0.91000
111	0.91000
112	0.91000
113	0.91000
114	0.91000
115	0.91000
116	0.91000
117	0.91000
118	0.91000
119	0.91000
120	0.91000
121	0.91000
122	0.91000
123	0.91000
124	0.91000
125	0.91000
126	0.91000
127	0.91000
128	0.91000
129	0.91000
130	0.91000
131	0.91000
132	0.91000
133	0.91000
134	0.91000
135	0.91000
136	0.91000
137	0.91000
138	0.91000
139	0.91000
140	0.91000
141	0.91000
142	0.91000
143	0.91000
144	0.91000
145	0.91000
146	0.91000
147	0.91000
148	0.91000
149	0.91000
150	0.91000
