0	0	0	0	0	0	
1	743	0	0	0	0	
2	726	0	0	0	0	
3	675	0	0	0	0	
4	431	148	0	0	0	
5	0	269	98	0	0	
6	0	0	150	74	0	
7	0	0	6	115	65	
8	0	0	6	8	166	
9	0	0	6	8	165	
10	0	0	6	8	165	
11	0	0	6	8	165	
12	0	0	6	8	165	
13	0	0	6	8	165	
14	0	0	6	8	165	
15	0	0	6	8	165	
16	0	0	6	8	165	
17	0	0	6	8	165	
18	0	0	6	8	165	
19	0	0	6	8	165	
20	0	0	6	8	165	
21	0	0	6	8	165	
22	0	0	6	8	165	
23	0	0	6	8	165	
24	0	0	6	8	165	
25	0	0	6	8	165	
26	0	0	6	8	165	
27	0	0	6	8	165	
28	0	0	6	8	165	
29	0	0	6	8	165	
30	0	0	6	8	165	
31	0	0	6	8	165	
32	0	0	6	8	165	
33	0	0	6	8	165	
34	0	0	6	8	165	
35	0	0	6	8	165	
36	0	0	6	8	165	
37	0	0	6	8	165	
38	0	0	6	8	165	
39	0	0	6	8	165	
40	0	0	6	8	165	
41	0	0	6	8	165	
42	0	0	6	8	165	
43	0	0	6	8	165	
44	0	0	6	8	165	
45	0	0	6	8	165	
46	0	0	6	8	165	
47	0	0	6	8	165	
48	0	0	6	8	165	
49	0	0	6	8	165	
50	0	0	6	8	165	
51	0	0	6	8	165	
52	0	0	6	8	165	
53	0	0	6	8	165	
54	0	0	6	8	165	
55	0	0	6	8	165	
56	0	0	6	8	165	
57	0	0	6	8	165	
58	0	0	6	8	165	
59	0	0	6	8	165	
60	0	0	6	8	165	
61	0	0	6	8	165	
62	0	0	6	8	165	
63	0	0	6	8	165	
64	0	0	6	8	165	
65	0	0	6	8	165	
66	0	0	6	8	165	
67	0	0	6	8	165	
68	0	0	6	8	165	
69	0	0	6	8	165	
70	0	0	6	8	165	
71	0	0	6	8	165	
72	0	0	6	8	165	
73	0	0	6	8	165	
74	0	0	6	8	165	
75	0	0	6	8	165	
76	0	0	6	8	165	
77	0	0	6	8	165	
78	0	0	6	8	165	
79	0	0	6	8	165	
80	0	0	6	8	165	
81	0	0	6	8	165	
82	0	0	6	8	165	
83	0	0	6	8	165	
84	0	0	6	8	165	
85	0	0	6	8	165	
86	0	0	6	8	165	
87	0	0	6	8	165	
88	0	0	6	8	165	
89	0	0	6	8	165	
90	0	0	6	8	165	
91	0	0	6	8	165	
92	0	0	6	8	165	
93	0	0	6	8	165	
94	0	0	6	8	165	
95	0	0	6	8	165	
96	0	0	6	8	165	
97	0	0	6	8	165	
98	0	0	6	8	165	
99	0	0	6	8	165	
100	0	0	6	8	165	
101	0	0	6	8	165	
102	0	0	6	8	165	
103	0	0	6	8	165	
104	0	0	6	8	165	
105	0	0	6	8	165	
106	0	0	6	8	165	
107	0	0	6	8	165	
108	0	0	6	8	165	
109	0	0	6	8	165	
110	0	0	6	8	165	
111	0	0	6	8	165	
112	0	0	6	8	165	
113	0	0	6	8	165	
114	0	0	6	8	165	
115	0	0	6	8	165	
116	0	0	6	8	165	
117	0	0	6	8	165	
118	0	0	6	8	165	
119	0	0	6	8	165	
120	0	0	6	8	165	
121	0	0	6	8	165	
122	0	0	6	8	165	
123	0	0	6	8	165	
124	0	0	6	8	165	
125	0	0	6	8	165	
126	0	0	6	8	165	
127	0	0	6	8	165	
128	0	0	6	8	165	
129	0	0	6	8	165	
130	0	0	6	8	165	
131	0	0	6	8	165	
132	0	0	6	8	165	
133	0	0	6	8	165	
134	0	0	6	8	165	
135	0	0	6	8	165	
136	0	0	6	8	165	
137	0	0	6	8	165	
138	0	0	6	8	165	
139	0	0	6	8	165	
140	0	0	6	8	165	
141	0	0	6	8	165	
142	0	0	6	8	165	
143	0	0	6	8	165	
144	0	0	6	8	165	
145	0	0	6	8	165	
146	0	0	6	8	165	
147	0	0	6	8	165	
148	0	0	6	8	165	
149	0	0	6	8	165	
150	0	0	6	8	165	
