0	0.00500
1	0.00950
2	0.01800
3	0.03050
4	0.04900
5	0.07550
6	0.11850
7	0.16800
8	0.24150
9	0.32700
10	0.41450
11	0.49800
12	0.56950
13	0.63450
14	0.67400
15	0.70750
16	0.73450
17	0.74500
18	0.75350
19	0.75800
20	0.76300
21	0.76650
22	0.76950
23	0.77000
24	0.77050
25	0.77050
26	0.77150
27	0.77150
28	0.77200
29	0.77200
30	0.77200
31	0.77200
32	0.77200
33	0.77200
34	0.77200
35	0.77200
36	0.77200
37	0.77200
38	0.77200
39	0.77200
40	0.77200
41	0.77200
42	0.77200
43	0.77200
44	0.77200
45	0.77200
46	0.77200
47	0.77200
48	0.77200
49	0.77200
50	0.77200
51	0.77200
52	0.77200
53	0.77200
54	0.77200
55	0.77200
56	0.77200
57	0.77200
58	0.77200
59	0.77200
60	0.77200
61	0.77200
62	0.77200
63	0.77200
64	0.77200
65	0.77200
66	0.77200
67	0.77200
68	0.77200
69	0.77200
70	0.77200
71	0.77200
72	0.77200
73	0.77200
74	0.77200
75	0.77200
76	0.77200
77	0.77200
78	0.77200
79	0.77200
80	0.77200
81	0.77200
82	0.77200
83	0.77200
84	0.77200
85	0.77200
86	0.77200
87	0.77200
88	0.77200
89	0.77200
90	0.77200
91	0.77200
92	0.77200
93	0.77200
94	0.77200
95	0.77200
96	0.77200
97	0.77200
98	0.77200
99	0.77200
100	0.77200
101	0.77200
102	0.77200
103	0.77200
104	0.77200
105	0.77200
106	0.77200
107	0.77200
108	0.77200
109	0.77200
110	0.77200
111	0.77200
112	0.77200
113	0.77200
114	0.77200
115	0.77200
116	0.77200
117	0.77200
118	0.77200
119	0.77200
120	0.77200
121	0.77200
122	0.77200
123	0.77200
124	0.77200
125	0.77200
126	0.77200
127	0.77200
128	0.77200
129	0.77200
130	0.77200
131	0.77200
132	0.77200
133	0.77200
134	0.77200
135	0.77200
136	0.77200
137	0.77200
138	0.77200
139	0.77200
140	0.77200
141	0.77200
142	0.77200
143	0.77200
144	0.77200
145	0.77200
146	0.77200
147	0.77200
148	0.77200
149	0.77200
150	0.77200
