0	0.00500
1	0.01350
2	0.03800
3	0.10900
4	0.25100
5	0.43050
6	0.56400
7	0.62000
8	0.65550
9	0.66850
10	0.67250
11	0.67450
12	0.67450
13	0.67450
14	0.67500
15	0.67500
16	0.67500
17	0.67500
18	0.67500
19	0.67500
20	0.67500
21	0.67500
22	0.67500
23	0.67500
24	0.67500
25	0.67500
26	0.67500
27	0.67500
28	0.67500
29	0.67500
30	0.67500
31	0.67500
32	0.67500
33	0.67500
34	0.67500
35	0.67500
36	0.67500
37	0.67500
38	0.67500
39	0.67500
40	0.67500
41	0.67500
42	0.67500
43	0.67500
44	0.67500
45	0.67500
46	0.67500
47	0.67500
48	0.67500
49	0.67500
50	0.67500
51	0.67500
52	0.67500
53	0.67500
54	0.67500
55	0.67500
56	0.67500
57	0.67500
58	0.67500
59	0.67500
60	0.67500
61	0.67500
62	0.67500
63	0.67500
64	0.67500
65	0.67500
66	0.67500
67	0.67500
68	0.67500
69	0.67500
70	0.67500
71	0.67500
72	0.67500
73	0.67500
74	0.67500
75	0.67500
76	0.67500
77	0.67500
78	0.67500
79	0.67500
80	0.67500
81	0.67500
82	0.67500
83	0.67500
84	0.67500
85	0.67500
86	0.67500
87	0.67500
88	0.67500
89	0.67500
90	0.67500
91	0.67500
92	0.67500
93	0.67500
94	0.67500
95	0.67500
96	0.67500
97	0.67500
98	0.67500
99	0.67500
100	0.67500
101	0.67500
102	0.67500
103	0.67500
104	0.67500
105	0.67500
106	0.67500
107	0.67500
108	0.67500
109	0.67500
110	0.67500
111	0.67500
112	0.67500
113	0.67500
114	0.67500
115	0.67500
116	0.67500
117	0.67500
118	0.67500
119	0.67500
120	0.67500
121	0.67500
122	0.67500
123	0.67500
124	0.67500
125	0.67500
126	0.67500
127	0.67500
128	0.67500
129	0.67500
130	0.67500
131	0.67500
132	0.67500
133	0.67500
134	0.67500
135	0.67500
136	0.67500
137	0.67500
138	0.67500
139	0.67500
140	0.67500
141	0.67500
142	0.67500
143	0.67500
144	0.67500
145	0.67500
146	0.67500
147	0.67500
148	0.67500
149	0.67500
150	0.67500
