0	0.00500
1	0.01700
2	0.04750
3	0.13000
4	0.30950
5	0.58500
6	0.80850
7	0.89600
8	0.91750
9	0.92200
10	0.92250
11	0.92300
12	0.92300
13	0.92300
14	0.92300
15	0.92300
16	0.92300
17	0.92300
18	0.92300
19	0.92300
20	0.92300
21	0.92300
22	0.92300
23	0.92300
24	0.92300
25	0.92300
26	0.92300
27	0.92300
28	0.92300
29	0.92300
30	0.92300
31	0.92300
32	0.92300
33	0.92300
34	0.92300
35	0.92300
36	0.92300
37	0.92300
38	0.92300
39	0.92300
40	0.92300
41	0.92300
42	0.92300
43	0.92300
44	0.92300
45	0.92300
46	0.92300
47	0.92300
48	0.92300
49	0.92300
50	0.92300
51	0.92300
52	0.92300
53	0.92300
54	0.92300
55	0.92300
56	0.92300
57	0.92300
58	0.92300
59	0.92300
60	0.92300
61	0.92300
62	0.92300
63	0.92300
64	0.92300
65	0.92300
66	0.92300
67	0.92300
68	0.92300
69	0.92300
70	0.92300
71	0.92300
72	0.92300
73	0.92300
74	0.92300
75	0.92300
76	0.92300
77	0.92300
78	0.92300
79	0.92300
80	0.92300
81	0.92300
82	0.92300
83	0.92300
84	0.92300
85	0.92300
86	0.92300
87	0.92300
88	0.92300
89	0.92300
90	0.92300
91	0.92300
92	0.92300
93	0.92300
94	0.92300
95	0.92300
96	0.92300
97	0.92300
98	0.92300
99	0.92300
100	0.92300
101	0.92300
102	0.92300
103	0.92300
104	0.92300
105	0.92300
106	0.92300
107	0.92300
108	0.92300
109	0.92300
110	0.92300
111	0.92300
112	0.92300
113	0.92300
114	0.92300
115	0.92300
116	0.92300
117	0.92300
118	0.92300
119	0.92300
120	0.92300
121	0.92300
122	0.92300
123	0.92300
124	0.92300
125	0.92300
126	0.92300
127	0.92300
128	0.92300
129	0.92300
130	0.92300
131	0.92300
132	0.92300
133	0.92300
134	0.92300
135	0.92300
136	0.92300
137	0.92300
138	0.92300
139	0.92300
140	0.92300
141	0.92300
142	0.92300
143	0.92300
144	0.92300
145	0.92300
146	0.92300
147	0.92300
148	0.92300
149	0.92300
