0	0.00000
1	0.00000
2	0.00000
3	0.03484
4	0.25362
5	0.69034
6	0.91451
7	1.18149
8	1.33671
9	1.48348
10	1.41936
11	1.25517
12	1.02364
13	0.77656
14	0.58663
15	0.44377
16	0.32441
17	0.25434
18	0.19761
19	0.15237
20	0.12468
21	0.09559
22	0.07648
23	0.05998
24	0.04764
25	0.04013
26	0.03404
27	0.02722
28	0.02443
29	0.01959
30	0.01604
31	0.01354
32	0.00864
33	0.00591
34	0.00513
35	0.00234
36	0.00125
37	0.00103
38	0.00075
39	0.00075
40	0.00040
41	0.00040
42	0.00040
43	0.00061
44	0.00020
45	0.00000
46	0.00000
47	0.00000
48	0.00000
49	0.00000
50	0.00000
51	0.00000
52	0.00000
53	0.00000
54	0.00000
55	0.00000
56	0.00000
57	0.00000
58	0.00000
59	0.00000
60	0.00000
61	0.00000
62	0.00000
63	0.00000
64	0.00000
65	0.00000
66	0.00000
67	0.00000
68	0.00000
69	0.00000
70	0.00000
71	0.00000
72	0.00000
73	0.00000
74	0.00000
75	0.00000
76	0.00000
77	0.00000
78	0.00000
79	0.00000
80	0.00000
81	0.00000
82	0.00000
83	0.00000
84	0.00000
85	0.00000
86	0.00000
87	0.00000
88	0.00000
89	0.00000
90	0.00000
91	0.00000
92	0.00000
93	0.00000
94	0.00000
95	0.00000
96	0.00000
97	0.00000
98	0.00000
99	0.00000
