0	0.00000
1	0.00000
2	0.00000
3	0.04674
4	0.18253
5	0.40637
6	0.67867
7	1.01746
8	1.25899
9	1.43977
10	1.40745
11	1.26339
12	1.05286
13	0.81604
14	0.61794
15	0.46473
16	0.33745
17	0.26301
18	0.20277
19	0.15671
20	0.12985
21	0.10006
22	0.08069
23	0.06324
24	0.04904
25	0.04047
26	0.03372
27	0.02517
28	0.02205
29	0.01775
30	0.01442
31	0.01320
32	0.00933
33	0.00713
34	0.00669
35	0.00462
36	0.00340
37	0.00311
38	0.00234
39	0.00234
40	0.00182
41	0.00160
42	0.00160
43	0.00195
44	0.00158
45	0.00090
46	0.00090
47	0.00090
48	0.00039
49	0.00039
50	0.00000
51	0.00000
52	0.00000
53	0.00000
54	0.00000
55	0.00000
56	0.00000
57	0.00000
58	0.00000
59	0.00000
60	0.00000
61	0.00000
62	0.00000
63	0.00000
64	0.00000
65	0.00000
66	0.00000
67	0.00000
68	0.00000
69	0.00000
70	0.00000
71	0.00000
72	0.00000
73	0.00000
74	0.00000
75	0.00000
76	0.00000
77	0.00000
78	0.00000
79	0.00000
80	0.00000
81	0.00000
82	0.00000
83	0.00000
84	0.00000
85	0.00000
86	0.00000
87	0.00000
88	0.00000
89	0.00000
90	0.00000
91	0.00000
92	0.00000
93	0.00000
94	0.00000
95	0.00000
96	0.00000
97	0.00000
98	0.00000
99	0.00000
