0	0.01000
1	0.01300
2	0.01900
3	0.02900
4	0.03900
5	0.05600
6	0.07800
7	0.11300
8	0.15800
9	0.22100
10	0.28200
11	0.38200
12	0.47000
13	0.55000
14	0.63200
15	0.70400
16	0.76000
17	0.80900
18	0.84100
19	0.86200
20	0.88600
21	0.89500
22	0.90500
23	0.91300
24	0.91500
25	0.92000
26	0.92500
27	0.92800
28	0.93000
29	0.93400
30	0.93500
31	0.93600
32	0.93700
33	0.93700
34	0.93800
35	0.93900
36	0.94000
37	0.94100
38	0.94100
39	0.94300
40	0.94500
41	0.94500
42	0.94500
43	0.94500
44	0.94600
45	0.94700
46	0.94700
47	0.94700
48	0.94700
49	0.94700
50	0.94800
51	0.94800
52	0.94900
53	0.94900
54	0.94900
55	0.95000
56	0.95000
57	0.95000
58	0.95000
59	0.95000
60	0.95000
61	0.95000
62	0.95000
63	0.95000
64	0.95000
65	0.95000
66	0.95000
67	0.95000
68	0.95000
69	0.95000
70	0.95000
71	0.95000
72	0.95000
73	0.95000
74	0.95000
75	0.95000
76	0.95000
77	0.95000
78	0.95000
79	0.95000
80	0.95000
81	0.95000
82	0.95000
83	0.95000
84	0.95000
85	0.95000
86	0.95000
87	0.95000
88	0.95000
89	0.95000
90	0.95000
91	0.95000
92	0.95000
93	0.95000
94	0.95000
95	0.95000
96	0.95000
97	0.95000
98	0.95000
99	0.95100
100	0.95100
101	0.95100
102	0.95100
103	0.95100
104	0.95100
105	0.95100
106	0.95100
107	0.95100
108	0.95100
109	0.95100
110	0.95100
111	0.95100
112	0.95100
113	0.95100
114	0.95100
115	0.95100
116	0.95100
117	0.95100
118	0.95100
119	0.95100
120	0.95100
121	0.95100
122	0.95100
123	0.95100
124	0.95100
125	0.95100
126	0.95100
127	0.95100
128	0.95100
129	0.95100
130	0.95100
131	0.95100
132	0.95100
133	0.95100
134	0.95100
135	0.95100
136	0.95100
137	0.95100
138	0.95100
139	0.95100
140	0.95100
141	0.95100
142	0.95100
143	0.95100
144	0.95100
145	0.95100
146	0.95100
147	0.95100
148	0.95100
149	0.95100
150	0.95100
151	0.95100
152	0.95100
153	0.95100
154	0.95100
155	0.95100
156	0.95100
157	0.95200
158	0.95200
159	0.95200
160	0.95200
161	0.95200
162	0.95200
163	0.95200
164	0.95200
165	0.95200
166	0.95200
167	0.95200
168	0.95200
169	0.95200
170	0.95200
171	0.95200
172	0.95200
173	0.95200
174	0.95200
175	0.95300
176	0.95300
177	0.95300
178	0.95300
179	0.95300
180	0.95300
181	0.95300
182	0.95300
183	0.95300
184	0.95300
185	0.95300
186	0.95300
187	0.95300
188	0.95300
189	0.95300
190	0.95300
191	0.95300
192	0.95300
193	0.95300
194	0.95300
195	0.95300
196	0.95300
197	0.95300
198	0.95300
199	0.95300
