0	0.00000
1	0.00000
2	0.00000
3	0.13090
4	0.37806
5	0.76981
6	0.92642
7	1.19306
8	1.28474
9	1.54363
10	1.80957
11	2.00482
12	1.94975
13	2.14616
14	2.08641
15	1.98876
16	1.88700
17	1.74360
18	1.60884
19	1.46434
20	1.34079
21	1.22570
22	1.12312
23	1.02895
24	0.95054
25	0.88538
26	0.82417
27	0.77077
28	0.72122
29	0.67783
30	0.63523
31	0.60943
32	0.58267
33	0.55417
34	0.53200
35	0.50853
36	0.49283
37	0.47542
38	0.45596
39	0.43772
40	0.42930
41	0.41643
42	0.40437
43	0.39386
44	0.38602
45	0.37314
46	0.36276
47	0.35562
48	0.34540
49	0.33712
50	0.33050
51	0.32351
52	0.31451
53	0.30852
54	0.30144
55	0.29179
56	0.28619
57	0.27868
58	0.27548
59	0.27054
60	0.26349
61	0.26011
62	0.25535
63	0.25138
64	0.24767
65	0.24088
66	0.23795
67	0.23392
68	0.23137
69	0.22703
70	0.22292
71	0.21959
72	0.21824
73	0.21489
74	0.21156
75	0.20800
76	0.20561
77	0.20402
78	0.19995
79	0.19710
80	0.19642
81	0.19398
82	0.19071
83	0.18841
84	0.18602
85	0.18359
86	0.18197
87	0.18075
88	0.17768
89	0.17545
90	0.17443
91	0.17188
92	0.17023
93	0.16933
94	0.16827
95	0.16583
96	0.16464
97	0.16245
98	0.16090
99	0.14240
100	0.14113
101	0.13953
102	0.13769
103	0.13673
104	0.13627
105	0.13565
106	0.13366
107	0.13215
108	0.13041
109	0.12924
110	0.12793
111	0.12642
112	0.12605
113	0.12578
114	0.12419
115	0.12357
116	0.12226
117	0.12008
118	0.11874
119	0.11840
120	0.11760
121	0.11731
122	0.11650
123	0.11551
124	0.11348
125	0.11273
126	0.11121
127	0.11049
128	0.10978
129	0.10874
130	0.10847
131	0.10753
132	0.10630
133	0.10592
134	0.10531
135	0.10508
136	0.10354
137	0.10307
138	0.10210
139	0.10164
140	0.10098
141	0.10025
142	0.09956
143	0.09956
144	0.09900
145	0.09791
146	0.09741
147	0.09703
148	0.09651
149	0.09651
150	0.09605
151	0.09490
152	0.09450
153	0.09372
154	0.09301
155	0.09259
156	0.09187
157	0.08237
158	0.08208
159	0.08155
160	0.08104
161	0.08104
162	0.08063
163	0.08041
164	0.08019
165	0.07894
166	0.07851
167	0.07833
168	0.07663
169	0.07646
170	0.07624
171	0.07576
172	0.07558
173	0.07484
174	0.07384
175	0.07496
176	0.07393
177	0.07373
178	0.07373
179	0.07334
180	0.07334
181	0.07334
182	0.07310
183	0.07258
184	0.07240
185	0.07240
186	0.07222
187	0.07183
188	0.07096
189	0.06995
190	0.06995
191	0.06995
192	0.06972
193	0.06926
194	0.06878
195	0.06878
196	0.06786
197	0.06737
198	0.06708
199	0.06657
