0	0.00200
1	0.00260
2	0.00400
3	0.00680
4	0.00920
5	0.01320
6	0.01740
7	0.02460
8	0.03540
9	0.04400
10	0.05660
11	0.07820
12	0.10480
13	0.13320
14	0.16900
15	0.21380
16	0.26960
17	0.32800
18	0.38840
19	0.44400
20	0.49680
21	0.54420
22	0.58620
23	0.61620
24	0.64240
25	0.66220
26	0.67580
27	0.68700
28	0.69700
29	0.70120
30	0.70580
31	0.70800
32	0.70980
33	0.71140
34	0.71280
35	0.71340
36	0.71360
37	0.71380
38	0.71400
39	0.71400
40	0.71400
41	0.71400
42	0.71400
43	0.71400
44	0.71400
45	0.71400
46	0.71400
47	0.71400
48	0.71400
49	0.71400
50	0.71400
51	0.71400
52	0.71400
53	0.71400
54	0.71400
55	0.71400
56	0.71400
57	0.71400
58	0.71400
59	0.71400
60	0.71400
61	0.71400
62	0.71400
63	0.71400
64	0.71400
65	0.71400
66	0.71400
67	0.71400
68	0.71400
69	0.71400
70	0.71400
71	0.71400
72	0.71400
73	0.71400
74	0.71400
75	0.71400
76	0.71400
77	0.71400
78	0.71400
79	0.71400
80	0.71400
81	0.71400
82	0.71400
83	0.71400
84	0.71400
85	0.71400
86	0.71400
87	0.71400
88	0.71400
89	0.71400
90	0.71400
91	0.71400
92	0.71400
93	0.71400
94	0.71400
95	0.71400
96	0.71400
97	0.71400
98	0.71400
99	0.71400
