0	0.00500
1	0.00600
2	0.01050
3	0.01950
4	0.03150
5	0.05800
6	0.10200
7	0.16250
8	0.21850
9	0.28350
10	0.35000
11	0.40350
12	0.45700
13	0.50450
14	0.54700
15	0.57950
16	0.60850
17	0.62450
18	0.64250
19	0.65450
20	0.66600
21	0.67400
22	0.67950
23	0.68500
24	0.69100
25	0.69300
26	0.69750
27	0.69850
28	0.70050
29	0.70300
30	0.70400
31	0.70550
32	0.70700
33	0.70700
34	0.70750
35	0.70800
36	0.70800
37	0.70850
38	0.70900
39	0.70900
40	0.70900
41	0.70900
42	0.71050
43	0.71050
44	0.71050
45	0.71050
46	0.71050
47	0.71050
48	0.71050
49	0.71050
50	0.71050
51	0.71050
52	0.71050
53	0.71050
54	0.71050
55	0.71050
56	0.71050
57	0.71050
58	0.71050
59	0.71050
60	0.71050
61	0.71050
62	0.71050
63	0.71050
64	0.71050
65	0.71050
66	0.71050
67	0.71050
68	0.71050
69	0.71050
70	0.71050
71	0.71050
72	0.71050
73	0.71050
74	0.71050
75	0.71050
76	0.71050
77	0.71050
78	0.71050
79	0.71050
80	0.71050
81	0.71050
82	0.71050
83	0.71050
84	0.71050
85	0.71050
86	0.71050
87	0.71050
88	0.71050
89	0.71050
90	0.71050
91	0.71050
92	0.71050
93	0.71050
94	0.71050
95	0.71050
96	0.71050
97	0.71050
98	0.71050
99	0.71050
