0	0.00000
1	0.00000
2	0.00000
3	0.08028
4	0.19702
5	0.54644
6	0.82905
7	1.11666
8	1.33392
9	1.26460
10	1.25570
11	1.15240
12	0.94107
13	0.72573
14	0.55418
15	0.43296
16	0.32360
17	0.24108
18	0.18057
19	0.14284
20	0.11959
21	0.09409
22	0.07425
23	0.06174
24	0.04941
25	0.04371
26	0.03588
27	0.02917
28	0.02285
29	0.01901
30	0.01518
31	0.01388
32	0.00969
33	0.00784
34	0.00452
35	0.00528
36	0.00393
37	0.00300
38	0.00205
39	0.00205
40	0.00158
41	0.00158
42	0.00059
43	0.00059
44	0.00059
45	0.00059
46	0.00059
47	0.00059
48	0.00059
49	0.00000
50	0.00000
51	0.00000
52	0.00000
53	0.00000
54	0.00000
55	0.00000
56	0.00000
57	0.00000
58	0.00000
59	0.00000
60	0.00000
61	0.00000
62	0.00000
63	0.00000
64	0.00000
65	0.00000
66	0.00000
67	0.00000
68	0.00000
69	0.00000
70	0.00000
71	0.00010
72	0.00010
73	0.00010
74	0.00010
75	0.00010
76	0.00010
77	0.00010
78	0.00000
79	0.00000
80	0.00000
81	0.00000
82	0.00000
83	0.00000
84	0.00000
85	0.00000
86	0.00000
87	0.00000
88	0.00000
89	0.00000
90	0.00000
91	0.00000
92	0.00000
93	0.00000
94	0.00000
95	0.00000
96	0.00000
97	0.00000
98	0.00000
99	0.00000
