0	0.02000
1	0.02000
2	0.02000
3	0.02000
4	0.02000
5	0.02000
6	0.02000
7	0.02000
8	0.02000
9	0.02000
10	0.02000
11	0.02000
12	0.02000
13	0.02000
14	0.02000
15	0.02000
16	0.02000
17	0.02000
18	0.02500
19	0.02500
20	0.02500
21	0.02500
22	0.02500
23	0.02500
24	0.02500
25	0.02500
26	0.02500
27	0.02500
28	0.02500
29	0.02500
30	0.02500
31	0.02500
32	0.03000
33	0.03000
34	0.03500
35	0.03500
36	0.03500
37	0.03500
38	0.03500
39	0.03500
40	0.03500
41	0.03500
42	0.03500
43	0.03500
44	0.03500
45	0.03500
46	0.03500
47	0.03500
48	0.03500
49	0.03500
50	0.03500
51	0.03500
52	0.03500
53	0.04000
54	0.04000
55	0.04000
56	0.04000
57	0.05000
58	0.05500
59	0.05500
60	0.05500
61	0.05500
62	0.06000
63	0.06000
64	0.06000
65	0.06000
66	0.06000
67	0.06000
68	0.06000
69	0.06000
70	0.06000
71	0.06500
72	0.06500
73	0.06500
74	0.06500
75	0.06500
76	0.07000
77	0.07000
78	0.07000
79	0.07000
80	0.07000
81	0.07000
82	0.07000
83	0.07000
84	0.07000
85	0.07000
86	0.07500
87	0.08000
88	0.08000
89	0.08000
90	0.08000
91	0.08000
92	0.08000
93	0.08000
94	0.08000
95	0.08000
96	0.08000
97	0.08000
98	0.08000
99	0.08000
100	0.08000
101	0.08000
102	0.08000
103	0.08000
104	0.08000
105	0.08000
106	0.08000
107	0.08000
108	0.08000
109	0.08000
110	0.08000
111	0.08000
112	0.08000
113	0.08000
114	0.08000
115	0.08000
116	0.08000
117	0.08500
118	0.08500
119	0.08500
120	0.08500
121	0.09000
122	0.09000
123	0.09000
124	0.09000
125	0.09000
126	0.09000
127	0.09000
128	0.09500
129	0.09500
130	0.10000
131	0.11000
132	0.11500
133	0.11500
134	0.11500
135	0.11500
136	0.12000
137	0.12000
138	0.12000
139	0.12500
140	0.12500
141	0.12500
142	0.12500
143	0.12500
144	0.12500
145	0.13000
146	0.13000
147	0.13000
148	0.13500
149	0.14500
