0	0.00000
1	0.00100
2	0.00000
3	0.00100
4	0.00100
5	0.00200
6	0.00250
7	0.00150
8	0.00100
9	0.00450
10	0.00250
11	0.00600
12	0.00600
13	0.00950
14	0.01000
15	0.01450
16	0.01100
17	0.01550
18	0.01450
19	0.02200
20	0.02450
21	0.02900
22	0.03000
23	0.03800
24	0.04100
25	0.05250
26	0.04600
27	0.04800
28	0.04200
29	0.04900
30	0.05000
31	0.04300
32	0.04150
33	0.03450
34	0.04250
35	0.03500
36	0.03200
37	0.02300
38	0.01750
39	0.02300
40	0.01450
41	0.01300
42	0.01350
43	0.00900
44	0.01300
45	0.00650
46	0.00700
47	0.00500
48	0.00250
49	0.00300
50	0.00150
51	0.00250
52	0.00150
53	0.00100
54	0.00100
55	0.00050
56	0.00050
57	0.00000
58	0.00050
59	0.00000
60	0.00050
61	0.00050
62	0.00050
63	0.00000
64	0.00050
65	0.00000
66	0.00050
67	0.00000
68	0.00000
69	0.00050
70	0.00150
71	0.00000
72	0.00050
73	0.00000
74	0.00000
75	0.00000
76	0.00000
77	0.00000
78	0.00000
79	0.00000
80	0.00000
81	0.00000
82	0.00000
83	0.00000
84	0.00000
85	0.00000
86	0.00000
87	0.00000
88	0.00000
89	0.00000
90	0.00000
91	0.00000
92	0.00000
93	0.00000
94	0.00000
95	0.00050
