0	0.00000
1	0.00000
2	0.00000
3	0.26581
4	0.22252
5	0.29746
6	0.32663
7	0.55392
8	0.43002
9	0.74025
10	133.39968
11	0.21848
12	0.73390
13	0.58268
14	1.16074
15	0.80907
16	0.87470
17	0.66192
18	1.13923
19	0.79737
20	40.70760
21	0.70770
22	0.69832
23	0.89953
24	0.74367
25	0.75978
26	0.57197
27	0.61796
28	0.53080
29	0.60916
30	0.05074
31	0.47544
32	0.34798
33	0.32642
34	0.32428
35	0.16340
36	0.15314
37	0.13870
38	0.07267
39	0.10892
40	-0.23711
41	0.10998
42	0.06651
43	0.05581
44	0.02470
45	0.00556
46	0.01143
47	0.06998
48	0.04520
49	0.01364
50	-0.22563
51	0.02460
52	-0.01797
53	0.00824
54	-0.02315
55	-0.01305
56	-0.00369
57	0.00144
58	0.00448
59	0.02373
60	-0.20390
61	0.03600
62	-0.02339
63	0.00164
64	0.01213
65	-0.03094
66	0.00465
67	-0.00392
68	0.00157
69	-0.00348
70	-0.23248
71	-0.01818
72	-0.02090
73	-0.01161
74	0.00607
75	0.03862
76	0.00202
77	0.02239
78	0.00515
79	-0.00566
80	-0.21753
81	-0.00549
82	-0.00029
83	0.00250
84	0.01257
85	0.00101
86	-0.02181
87	0.00635
88	0.00664
89	-0.00744
90	-0.24181
91	-0.01237
92	0.00409
93	0.02259
94	0.01349
95	-0.00664
