0	0.00000
1	0.00000
2	0.00000
3	0.15566
4	0.13307
5	0.20689
6	0.28814
7	0.42237
8	0.55611
9	0.60543
10	525.32932
11	0.61400
12	0.58924
13	0.77219
14	0.82738
15	0.91409
16	0.90178
17	0.86546
18	0.80812
19	0.82711
20	3.93689
21	0.78164
22	0.70668
23	0.68464
24	0.71087
25	0.72263
26	0.64935
27	0.65639
28	0.58656
29	0.53106
30	0.68170
31	0.43543
32	0.39012
33	0.31863
34	0.34517
35	0.24166
36	0.18063
37	0.20401
38	0.17287
39	0.18892
40	0.20734
41	0.14824
42	0.12815
43	0.08385
44	0.06164
45	0.02900
46	0.01076
47	0.05927
48	0.05072
49	0.03004
50	0.05995
51	0.05161
52	0.00260
53	0.02072
54	-0.01872
55	-0.00344
56	-0.01597
57	-0.00136
58	-0.00555
59	0.03751
60	0.08038
61	0.06909
62	-0.04237
63	-0.00844
64	0.00256
65	-0.05805
66	0.00922
67	-0.00270
68	0.02056
69	-0.00332
70	-0.02591
71	-0.02870
72	-0.04818
73	-0.02593
74	0.00697
75	0.07101
76	0.00052
77	0.05244
78	0.00253
79	-0.00825
80	-0.00952
81	-0.01994
82	0.00021
83	0.00265
84	0.02118
85	0.00501
86	-0.03542
87	0.00882
88	0.01014
89	-0.01723
90	-0.02844
91	-0.02616
92	-0.00026
93	0.05246
94	0.02614
95	-0.00918
