0	0.00000
1	0.00000
2	0.00000
3	0.04354
4	0.39716
5	0.86089
6	1.03723
7	1.19359
8	1.26778
9	1.40704
10	1.31902
11	1.19177
12	0.98837
13	0.80331
14	0.61168
15	0.47236
16	0.35310
17	0.26620
18	0.19124
19	0.13453
20	0.10372
21	0.08127
22	0.06472
23	0.05335
24	0.04340
25	0.03926
26	0.03452
27	0.02885
28	0.02298
29	0.02068
30	0.01495
31	0.01438
32	0.01013
33	0.00713
34	0.00564
35	0.00434
36	0.00253
37	0.00249
38	0.00039
39	0.00020
40	0.00020
41	0.00000
42	0.00000
43	0.00000
44	0.00000
45	0.00000
46	0.00000
47	0.00000
48	0.00000
49	0.00000
50	0.00000
51	0.00000
52	0.00000
53	0.00000
54	0.00000
55	0.00000
56	0.00000
57	0.00000
58	0.00000
59	0.00000
60	0.00000
61	0.00000
62	0.00000
63	0.00000
64	0.00000
65	0.00000
66	0.00000
67	0.00000
68	0.00000
69	0.00000
70	0.00000
71	0.00000
72	0.00000
73	0.00000
74	0.00000
75	0.00000
76	0.00000
77	0.00000
78	0.00000
79	0.00000
80	0.00000
81	0.00000
82	0.00000
83	0.00000
84	0.00000
85	0.00000
86	0.00000
87	0.00000
88	0.00000
89	0.00000
90	0.00000
91	0.00000
92	0.00000
93	0.00000
94	0.00000
95	0.00000
96	0.00000
97	0.00000
98	0.00000
99	0.00000
