0	0.00000
1	0.00000
2	0.00000
3	0.05158
4	0.20611
5	0.48803
6	0.77133
7	1.04923
8	1.22123
9	1.38009
10	1.30262
11	1.21336
12	1.02735
13	0.83987
14	0.64118
15	0.49388
16	0.36858
17	0.27846
18	0.20242
19	0.14252
20	0.10925
21	0.08578
22	0.06798
23	0.05546
24	0.04387
25	0.03815
26	0.03308
27	0.02609
28	0.02096
29	0.01818
30	0.01322
31	0.01263
32	0.00970
33	0.00768
34	0.00697
35	0.00566
36	0.00406
37	0.00397
38	0.00173
39	0.00142
40	0.00142
41	0.00101
42	0.00019
43	0.00019
44	0.00019
45	0.00019
46	0.00000
47	0.00000
48	0.00000
49	0.00000
50	0.00000
51	0.00000
52	0.00000
53	0.00000
54	0.00000
55	0.00000
56	0.00000
57	0.00000
58	0.00000
59	0.00000
60	0.00000
61	0.00000
62	0.00000
63	0.00000
64	0.00000
65	0.00001
66	0.00001
67	0.00001
68	0.00001
69	0.00001
70	0.00001
71	0.00001
72	0.00000
73	0.00000
74	0.00000
75	0.00000
76	0.00000
77	0.00000
78	0.00000
79	0.00000
80	0.00000
81	0.00000
82	0.00000
83	0.00000
84	0.00000
85	0.00000
86	0.00000
87	0.00000
88	0.00000
89	0.00000
90	0.00000
91	0.00000
92	0.00000
93	0.00000
94	0.00000
95	0.00000
96	0.00000
97	0.00000
98	0.00000
99	0.00000
