0	0.00500
1	0.01300
2	0.03450
3	0.10000
4	0.24200
5	0.48500
6	0.69300
7	0.79700
8	0.81650
9	0.81900
10	0.82000
11	0.82000
12	0.82000
13	0.82000
14	0.82000
15	0.82000
16	0.82000
17	0.82000
18	0.82000
19	0.82000
20	0.82000
21	0.82000
22	0.82000
23	0.82000
24	0.82000
25	0.82000
26	0.82000
27	0.82000
28	0.82000
29	0.82000
30	0.82000
31	0.82000
32	0.82000
33	0.82000
34	0.82000
35	0.82000
36	0.82000
37	0.82000
38	0.82000
39	0.82000
40	0.82000
41	0.82000
42	0.82000
43	0.82000
44	0.82000
45	0.82000
46	0.82000
47	0.82000
48	0.82000
49	0.82000
50	0.82000
51	0.82000
52	0.82000
53	0.82000
54	0.82000
55	0.82000
56	0.82000
57	0.82000
58	0.82000
59	0.82000
60	0.82000
61	0.82000
62	0.82000
63	0.82000
64	0.82000
65	0.82000
66	0.82000
67	0.82000
68	0.82000
69	0.82000
70	0.82000
71	0.82000
72	0.82000
73	0.82000
74	0.82000
75	0.82000
76	0.82000
77	0.82000
78	0.82000
79	0.82000
80	0.82000
81	0.82000
82	0.82000
83	0.82000
84	0.82000
85	0.82000
86	0.82000
87	0.82000
88	0.82000
89	0.82000
90	0.82000
91	0.82000
92	0.82000
93	0.82000
94	0.82000
95	0.82000
96	0.82000
97	0.82000
98	0.82000
99	0.82000
100	0.82000
101	0.82000
102	0.82000
103	0.82000
104	0.82000
105	0.82000
106	0.82000
107	0.82000
108	0.82000
109	0.82000
110	0.82000
111	0.82000
112	0.82000
113	0.82000
114	0.82000
115	0.82000
116	0.82000
117	0.82000
118	0.82000
119	0.82000
120	0.82000
121	0.82000
122	0.82000
123	0.82000
124	0.82000
125	0.82000
126	0.82000
127	0.82000
128	0.82000
129	0.82000
130	0.82000
131	0.82000
132	0.82000
133	0.82000
134	0.82000
135	0.82000
136	0.82000
137	0.82000
138	0.82000
139	0.82000
140	0.82000
141	0.82000
142	0.82000
143	0.82000
144	0.82000
145	0.82000
146	0.82000
147	0.82000
148	0.82000
149	0.82000
