0	0.00500
1	0.01150
2	0.02700
3	0.07200
4	0.17850
5	0.36550
6	0.57350
7	0.69350
8	0.73700
9	0.74600
10	0.74800
11	0.74800
12	0.74850
13	0.74850
14	0.74950
15	0.74950
16	0.74950
17	0.74950
18	0.74950
19	0.74950
20	0.74950
21	0.74950
22	0.74950
23	0.74950
24	0.74950
25	0.74950
26	0.74950
27	0.74950
28	0.74950
29	0.74950
30	0.74950
31	0.74950
32	0.74950
33	0.74950
34	0.74950
35	0.74950
36	0.74950
37	0.74950
38	0.74950
39	0.74950
40	0.74950
41	0.74950
42	0.74950
43	0.74950
44	0.74950
45	0.74950
46	0.74950
47	0.74950
48	0.74950
49	0.74950
50	0.74950
51	0.74950
52	0.74950
53	0.74950
54	0.74950
55	0.74950
56	0.74950
57	0.74950
58	0.74950
59	0.74950
60	0.74950
61	0.74950
62	0.74950
63	0.74950
64	0.74950
65	0.74950
66	0.74950
67	0.74950
68	0.74950
69	0.74950
70	0.74950
71	0.74950
72	0.74950
73	0.74950
74	0.74950
75	0.74950
76	0.74950
77	0.74950
78	0.74950
79	0.74950
80	0.74950
81	0.74950
82	0.74950
83	0.74950
84	0.74950
85	0.74950
86	0.74950
87	0.74950
88	0.74950
89	0.74950
90	0.74950
91	0.74950
92	0.74950
93	0.74950
94	0.74950
95	0.74950
96	0.74950
97	0.74950
98	0.74950
99	0.74950
100	0.74950
101	0.74950
102	0.74950
103	0.74950
104	0.74950
105	0.74950
106	0.74950
107	0.74950
108	0.74950
109	0.74950
110	0.74950
111	0.74950
112	0.74950
113	0.74950
114	0.74950
115	0.74950
116	0.74950
117	0.74950
118	0.74950
119	0.74950
120	0.74950
121	0.74950
122	0.74950
123	0.74950
124	0.74950
125	0.74950
126	0.74950
127	0.74950
128	0.74950
129	0.74950
130	0.74950
131	0.74950
132	0.74950
133	0.74950
134	0.74950
135	0.74950
136	0.74950
137	0.74950
138	0.74950
139	0.74950
140	0.74950
141	0.74950
142	0.74950
143	0.74950
144	0.74950
145	0.74950
146	0.74950
147	0.74950
148	0.74950
149	0.74950
