0	0	0	0	0	0	
1	742	0	0	0	0	
2	721	0	0	0	0	
3	0	642	0	0	0	
4	0	0	536	0	0	
5	0	0	0	429	0	
6	0	0	0	0	389	
7	0	0	0	0	384	
8	0	0	0	0	380	
9	0	0	0	0	380	
10	0	0	0	0	380	
11	0	0	0	0	380	
12	0	0	0	0	380	
13	0	0	0	0	380	
14	0	0	0	0	380	
15	0	0	0	0	380	
16	0	0	0	0	380	
17	0	0	0	0	380	
18	0	0	0	0	380	
19	0	0	0	0	380	
20	0	0	0	0	380	
21	0	0	0	0	380	
22	0	0	0	0	380	
23	0	0	0	0	380	
24	0	0	0	0	380	
25	0	0	0	0	380	
26	0	0	0	0	380	
27	0	0	0	0	380	
28	0	0	0	0	380	
29	0	0	0	0	380	
30	0	0	0	0	380	
31	0	0	0	0	380	
32	0	0	0	0	380	
33	0	0	0	0	380	
34	0	0	0	0	380	
35	0	0	0	0	380	
36	0	0	0	0	380	
37	0	0	0	0	380	
38	0	0	0	0	380	
39	0	0	0	0	380	
40	0	0	0	0	380	
41	0	0	0	0	380	
42	0	0	0	0	380	
43	0	0	0	0	380	
44	0	0	0	0	380	
45	0	0	0	0	380	
46	0	0	0	0	380	
47	0	0	0	0	380	
48	0	0	0	0	380	
49	0	0	0	0	380	
50	0	0	0	0	380	
51	0	0	0	0	380	
52	0	0	0	0	380	
53	0	0	0	0	380	
54	0	0	0	0	380	
55	0	0	0	0	380	
56	0	0	0	0	380	
57	0	0	0	0	380	
58	0	0	0	0	380	
59	0	0	0	0	380	
60	0	0	0	0	380	
61	0	0	0	0	380	
62	0	0	0	0	380	
63	0	0	0	0	380	
64	0	0	0	0	380	
65	0	0	0	0	380	
66	0	0	0	0	380	
67	0	0	0	0	380	
68	0	0	0	0	380	
69	0	0	0	0	380	
70	0	0	0	0	380	
71	0	0	0	0	380	
72	0	0	0	0	380	
73	0	0	0	0	380	
74	0	0	0	0	380	
75	0	0	0	0	380	
76	0	0	0	0	380	
77	0	0	0	0	380	
78	0	0	0	0	380	
79	0	0	0	0	380	
80	0	0	0	0	380	
81	0	0	0	0	380	
82	0	0	0	0	380	
83	0	0	0	0	380	
84	0	0	0	0	380	
85	0	0	0	0	380	
86	0	0	0	0	380	
87	0	0	0	0	380	
88	0	0	0	0	380	
89	0	0	0	0	380	
90	0	0	0	0	380	
91	0	0	0	0	380	
92	0	0	0	0	380	
93	0	0	0	0	380	
94	0	0	0	0	380	
95	0	0	0	0	380	
96	0	0	0	0	380	
97	0	0	0	0	380	
98	0	0	0	0	380	
99	0	0	0	0	380	
100	0	0	0	0	380	
101	0	0	0	0	380	
102	0	0	0	0	380	
103	0	0	0	0	380	
104	0	0	0	0	380	
105	0	0	0	0	380	
106	0	0	0	0	380	
107	0	0	0	0	380	
108	0	0	0	0	380	
109	0	0	0	0	380	
110	0	0	0	0	380	
111	0	0	0	0	380	
112	0	0	0	0	380	
113	0	0	0	0	380	
114	0	0	0	0	380	
115	0	0	0	0	380	
116	0	0	0	0	380	
117	0	0	0	0	380	
118	0	0	0	0	380	
119	0	0	0	0	380	
120	0	0	0	0	380	
121	0	0	0	0	380	
122	0	0	0	0	380	
123	0	0	0	0	380	
124	0	0	0	0	380	
125	0	0	0	0	380	
126	0	0	0	0	380	
127	0	0	0	0	380	
128	0	0	0	0	380	
129	0	0	0	0	380	
130	0	0	0	0	380	
131	0	0	0	0	380	
132	0	0	0	0	380	
133	0	0	0	0	380	
134	0	0	0	0	380	
135	0	0	0	0	380	
136	0	0	0	0	380	
137	0	0	0	0	380	
138	0	0	0	0	380	
139	0	0	0	0	380	
140	0	0	0	0	380	
141	0	0	0	0	380	
142	0	0	0	0	380	
143	0	0	0	0	380	
144	0	0	0	0	380	
145	0	0	0	0	380	
146	0	0	0	0	380	
147	0	0	0	0	380	
148	0	0	0	0	380	
149	0	0	0	0	380	
