0	0	0	0	0	0	
1	748	0	0	0	0	
2	746	0	0	0	0	
3	730	10	0	0	0	
4	648	76	10	0	0	
5	441	195	73	9	0	
6	211	218	187	70	9	
7	59	143	205	186	74	
8	27	24	137	200	258	
9	16	9	22	132	456	
10	12	3	8	20	585	
11	12	2	2	7	603	
12	10	2	1	1	610	
13	10	2	1	0	611	
14	10	1	1	0	610	
15	10	1	1	0	610	
16	8	1	1	0	610	
17	7	1	1	0	610	
18	4	1	1	0	610	
19	4	1	1	0	609	
20	4	1	1	0	607	
21	3	1	1	0	606	
22	2	1	1	0	606	
23	2	1	1	0	605	
24	2	1	1	0	605	
25	2	1	1	0	605	
26	2	1	1	0	605	
27	2	1	1	0	604	
28	2	1	1	0	604	
29	2	1	1	0	604	
30	2	1	1	0	604	
31	2	1	1	0	604	
32	2	1	1	0	604	
33	2	1	1	0	604	
34	2	1	1	0	604	
35	2	1	1	0	604	
36	2	1	1	0	604	
37	2	1	1	0	604	
38	2	1	1	0	604	
39	2	1	1	0	604	
40	2	1	1	0	604	
41	2	1	1	0	604	
42	1	1	1	0	604	
43	1	1	1	0	604	
44	1	1	1	0	604	
45	1	1	1	0	604	
46	1	1	1	0	604	
47	1	1	1	0	604	
48	1	1	1	0	604	
49	1	1	1	0	604	
50	1	1	1	0	604	
51	1	1	1	0	604	
52	1	1	1	0	604	
53	1	1	1	0	604	
54	1	1	1	0	604	
55	1	1	1	0	604	
56	1	1	1	0	604	
57	1	1	1	0	604	
58	1	1	1	0	604	
59	1	1	1	0	604	
60	1	1	1	0	604	
61	1	1	1	0	604	
62	1	1	1	0	604	
63	1	1	1	0	604	
64	1	1	1	0	604	
65	1	1	1	0	604	
66	1	1	1	0	604	
67	1	1	1	0	604	
68	1	1	1	0	604	
69	1	1	1	0	604	
70	1	1	1	0	604	
71	1	1	1	0	604	
72	1	1	1	0	604	
73	1	1	1	0	604	
74	1	1	1	0	604	
75	1	1	1	0	604	
76	1	1	1	0	604	
77	1	1	1	0	604	
78	1	1	1	0	604	
79	1	1	1	0	604	
80	1	1	1	0	604	
81	1	1	1	0	604	
82	1	1	1	0	604	
83	1	1	1	0	604	
84	1	1	1	0	604	
85	1	1	1	0	604	
86	1	1	1	0	604	
87	1	1	1	0	604	
88	1	1	1	0	604	
89	1	1	1	0	604	
90	1	1	1	0	604	
91	1	1	1	0	604	
92	1	1	1	0	604	
93	1	1	1	0	604	
94	1	1	1	0	604	
95	1	1	1	0	604	
96	1	1	1	0	604	
97	1	1	1	0	604	
98	1	1	1	0	604	
99	1	1	1	0	604	
