0	0.00000
1	0.00000
2	0.00050
3	0.00050
4	0.00050
5	0.00000
6	0.00000
7	0.00000
8	0.00100
9	0.00000
10	0.00100
11	0.00150
12	0.00100
13	0.00150
14	0.00150
15	0.00100
16	0.00150
17	0.00100
18	0.00050
19	0.00050
20	0.00100
21	0.00250
22	0.00150
23	0.00150
24	0.00150
25	0.00150
26	0.00150
27	0.00450
28	0.00200
29	0.00500
30	0.00450
31	0.00550
32	0.00250
33	0.00550
34	0.00600
35	0.00800
36	0.00750
37	0.00850
38	0.01050
39	0.00850
40	0.01100
41	0.00900
42	0.01600
43	0.01350
44	0.01750
45	0.01200
46	0.01500
47	0.01650
48	0.01650
49	0.01450
50	0.01550
51	0.01500
52	0.01700
53	0.01850
54	0.01400
55	0.01950
56	0.01400
57	0.01500
58	0.01650
59	0.01300
60	0.01300
61	0.01250
62	0.02300
63	0.01350
64	0.01050
65	0.02000
66	0.01450
67	0.01500
68	0.01600
69	0.01300
70	0.01650
71	0.01450
72	0.01400
73	0.01050
74	0.01300
75	0.01350
76	0.01400
77	0.01350
78	0.01050
79	0.01300
80	0.00900
81	0.01650
82	0.01350
83	0.00950
84	0.01150
85	0.00700
86	0.00700
87	0.00950
88	0.00800
89	0.00850
90	0.00850
91	0.00500
92	0.00500
93	0.00750
94	0.00650
95	0.00750
96	0.00600
97	0.00850
98	0.00550
99	0.00500
100	0.00650
101	0.00550
102	0.00350
103	0.00350
104	0.00550
105	0.00600
106	0.00150
107	0.00450
108	0.00450
109	0.00400
110	0.00400
111	0.00250
112	0.00350
113	0.00350
114	0.00200
115	0.00250
116	0.00250
117	0.00350
118	0.00300
119	0.00050
120	0.00150
121	0.00150
122	0.00250
123	0.00200
124	0.00300
125	0.00200
126	0.00150
127	0.00300
128	0.00200
129	0.00200
130	0.00100
131	0.00000
132	0.00250
133	0.00100
134	0.00200
135	0.00150
136	0.00250
137	0.00000
138	0.00050
139	0.00050
140	0.00150
141	0.00050
142	0.00100
143	0.00200
144	0.00000
145	0.00250
146	0.00050
147	0.00050
148	0.00150
149	0.00150
