0	0.00000
1	0.00000
2	0.00000
3	0.00000
4	0.00000
5	0.00000
6	0.00000
7	0.00000
8	0.00000
9	0.00000
10	0.00000
11	0.00000
12	0.00000
13	0.00000
14	0.00000
15	0.00000
16	0.00000
17	0.00412
18	0.00362
19	0.00371
20	0.00354
21	0.00361
22	0.00976
23	0.00724
24	0.00740
25	0.02198
26	0.03185
27	0.02767
28	0.04045
29	0.05469
30	0.04541
31	0.05000
32	0.05189
33	0.06052
34	0.04757
35	0.05668
36	0.05734
37	0.06687
38	0.06650
39	0.05612
40	0.05897
41	0.05581
42	0.05111
43	0.04411
44	0.04947
45	0.04597
46	0.04615
47	0.04355
48	0.04046
49	0.03910
50	0.03644
51	0.02915
52	0.02809
53	0.02399
54	0.01947
55	0.01933
56	0.01707
57	0.01685
58	0.01616
59	0.01557
60	0.01506
61	0.01391
62	0.01329
63	0.01126
64	0.01309
65	0.01124
66	0.00964
67	0.00968
68	0.00784
69	0.00763
70	0.00646
71	0.00567
72	0.00624
73	0.00598
74	0.00428
75	0.00406
76	0.00401
77	0.00351
78	0.00345
79	0.00346
80	0.00325
81	0.00312
82	0.00328
83	0.00247
84	0.00183
85	0.00243
86	0.00247
87	0.00231
88	0.00206
89	0.00218
90	0.00194
91	0.00185
92	0.00203
93	0.00188
94	0.00183
95	0.00119
96	0.00132
97	0.00066
98	0.00062
99	0.00000
100	0.00000
101	0.00000
102	0.00000
103	0.00000
104	0.00047
105	0.00053
106	0.00052
107	0.00000
108	0.00000
109	0.00000
110	0.00000
111	0.00000
112	0.00000
113	0.00000
114	0.00000
115	0.00000
116	0.00000
117	0.00000
118	0.00000
119	0.00000
120	0.00000
121	0.00000
122	0.00000
123	0.00000
124	0.00000
125	0.00000
126	0.00000
127	0.00000
128	0.00000
129	0.00000
130	0.00000
131	0.00000
132	0.00000
133	0.00000
134	0.00000
135	0.00000
136	0.00000
137	0.00000
138	0.00000
139	0.00000
140	0.00000
141	0.00000
142	0.00000
143	0.00000
144	0.00000
145	0.00000
146	0.00000
147	0.00000
148	0.00000
149	0.00000
