0	0.00000
1	0.00000
2	0.00000
3	0.00000
4	0.00579
5	0.01728
6	0.02474
7	0.02399
8	0.02275
9	0.02275
10	0.04669
11	0.03994
12	0.04369
13	0.05435
14	0.06440
15	0.08210
16	0.11897
17	0.13897
18	0.17099
19	0.18841
20	0.17018
21	0.19442
22	0.21318
23	0.26044
24	0.27537
25	0.30348
26	0.29717
27	0.32145
28	0.38688
29	0.49792
30	0.44664
31	0.53993
32	0.57811
33	0.66047
34	0.54989
35	0.59366
36	0.59121
37	0.67501
38	0.64616
39	0.58945
40	0.54514
41	0.53849
42	0.50757
43	0.47334
44	0.48037
45	0.46859
46	0.46557
47	0.42568
48	0.38846
49	0.37337
50	0.34628
51	0.30736
52	0.30651
53	0.28482
54	0.25514
55	0.24194
56	0.21457
57	0.20619
58	0.19365
59	0.17563
60	0.17308
61	0.16138
62	0.15167
63	0.14117
64	0.15852
65	0.14604
66	0.13108
67	0.13354
68	0.12613
69	0.11885
70	0.11347
71	0.10160
72	0.10188
73	0.09498
74	0.09719
75	0.08832
76	0.08518
77	0.08336
78	0.08287
79	0.08288
80	0.07387
81	0.07208
82	0.06725
83	0.07045
84	0.06994
85	0.06535
86	0.06113
87	0.05612
88	0.05087
89	0.04857
90	0.04581
91	0.04491
92	0.04494
93	0.04181
94	0.03883
95	0.03910
96	0.03967
97	0.03847
98	0.03781
99	0.03641
100	0.03421
101	0.03253
102	0.03326
103	0.03182
104	0.02899
105	0.02803
106	0.02688
107	0.02752
108	0.02294
109	0.02185
110	0.02078
111	0.02069
112	0.01826
113	0.01823
114	0.01686
115	0.01821
116	0.01587
117	0.01507
118	0.01263
119	0.01202
120	0.01243
121	0.01098
122	0.01001
123	0.01086
124	0.01202
125	0.01124
126	0.01082
127	0.00984
128	0.01169
129	0.01233
130	0.01235
131	0.01010
132	0.01195
133	0.00901
134	0.01010
135	0.01000
136	0.01100
137	0.01044
138	0.00979
139	0.00819
140	0.00879
141	0.00689
142	0.00556
143	0.00328
144	0.00370
145	0.00377
146	0.00368
147	0.00477
148	0.00357
149	0.00393
