0	0	0	0	0	0	
1	201	0	0	0	0	
2	201	0	0	0	0	
3	200	0	0	0	0	
4	200	0	0	0	0	
5	200	0	0	0	0	
6	200	0	0	0	0	
7	200	0	0	0	0	
8	199	0	0	0	0	
9	199	0	0	0	0	
10	199	0	0	0	0	
11	199	0	0	0	0	
12	199	0	0	0	0	
13	199	0	0	0	0	
14	199	0	0	0	0	
15	199	0	0	0	0	
16	199	0	0	0	0	
17	198	1	0	0	0	
18	198	0	1	0	0	
19	197	0	0	1	0	
20	197	0	0	0	1	
21	196	1	0	0	1	
22	193	3	0	0	1	
23	193	2	1	0	1	
24	191	1	1	1	1	
25	189	2	1	1	2	
26	186	3	2	1	3	
27	185	0	2	2	4	
28	182	3	0	2	6	
29	177	4	2	0	8	
30	176	2	2	2	8	
31	174	1	1	3	9	
32	173	1	2	1	11	
33	171	1	2	2	11	
34	170	0	3	1	12	
35	169	1	1	2	13	
36	166	1	2	0	15	
37	165	1	2	1	15	
38	163	1	2	1	16	
39	163	1	1	1	17	
40	160	1	2	0	18	
41	158	0	2	1	18	
42	155	0	2	0	19	
43	155	0	2	0	19	
44	151	1	2	0	19	
45	150	0	2	0	19	
46	147	0	2	0	19	
47	145	0	2	0	19	
48	144	0	2	0	19	
49	143	0	2	0	19	
50	139	0	2	0	19	
51	137	0	2	0	19	
52	135	0	2	0	19	
53	135	0	2	0	19	
54	131	0	2	0	19	
55	129	0	2	0	19	
56	127	0	2	0	19	
57	125	0	2	0	19	
58	125	0	2	0	19	
59	122	0	1	0	19	
60	121	0	1	0	19	
61	120	0	1	0	19	
62	117	0	1	0	19	
63	116	0	1	0	19	
64	113	0	1	0	19	
65	109	0	1	0	19	
66	106	0	1	0	19	
67	101	0	1	0	19	
68	99	0	1	0	19	
69	95	0	1	0	19	
70	90	0	1	0	19	
71	86	0	1	0	19	
72	84	0	1	0	19	
73	81	0	1	0	19	
74	80	0	1	0	19	
75	77	0	1	0	19	
76	73	0	1	0	19	
77	69	0	1	0	19	
78	68	0	1	0	19	
79	65	0	1	0	19	
80	64	0	1	0	19	
81	59	0	1	0	19	
82	54	0	1	0	19	
83	52	0	1	0	19	
84	49	0	1	0	19	
85	47	0	1	0	19	
86	47	0	1	0	19	
87	45	0	1	0	19	
88	44	0	1	0	19	
89	42	0	1	0	19	
90	41	0	1	0	19	
91	40	0	1	0	19	
92	38	0	1	0	19	
93	37	0	1	0	19	
94	35	0	1	0	19	
95	33	0	1	0	19	
96	31	0	1	0	19	
97	30	0	1	0	19	
98	29	0	1	0	19	
99	28	0	1	0	19	
100	28	0	1	0	19	
101	27	0	1	0	19	
102	27	0	1	0	19	
103	27	0	1	0	19	
104	25	0	1	0	19	
105	24	0	1	0	19	
106	24	0	1	0	19	
107	22	0	1	0	19	
108	21	0	1	0	19	
109	20	0	1	0	19	
110	18	0	1	0	19	
111	18	0	1	0	19	
112	17	0	1	0	19	
113	17	0	1	0	19	
114	17	0	1	0	19	
115	17	0	1	0	19	
116	17	0	1	0	19	
117	17	0	1	0	19	
118	15	0	1	0	19	
119	15	0	1	0	19	
120	15	0	1	0	19	
121	14	0	1	0	19	
122	12	0	1	0	19	
123	11	0	1	0	19	
124	10	0	1	0	19	
125	10	0	1	0	19	
126	9	0	1	0	19	
127	8	0	1	0	19	
128	8	0	1	0	19	
129	8	0	1	0	19	
130	7	0	1	0	19	
131	7	0	1	0	19	
132	7	0	1	0	19	
133	7	0	1	0	19	
134	6	0	1	0	19	
135	6	0	1	0	19	
136	5	0	1	0	19	
137	5	0	1	0	19	
138	5	0	1	0	19	
139	5	0	1	0	19	
140	5	0	1	0	19	
141	5	0	1	0	19	
142	5	0	1	0	19	
143	5	0	1	0	19	
144	5	0	1	0	19	
145	5	0	1	0	19	
146	5	0	1	0	19	
147	5	0	1	0	19	
148	4	0	1	0	19	
149	4	0	1	0	19	
