0	0.00000
1	0.00000
2	0.00000
3	0.16230
4	0.21668
5	0.27046
6	0.44772
7	0.46811
8	0.76467
9	0.77191
10	0.78250
11	0.81885
12	0.78589
13	0.78746
14	0.78272
15	0.85555
16	0.81199
17	0.77285
18	0.83406
19	0.83183
20	0.77224
21	0.69469
22	0.66511
23	0.61748
24	0.60058
25	0.56300
26	0.56273
27	0.56041
28	0.51166
29	0.46797
30	0.42000
31	0.38224
32	0.35603
33	0.31816
34	0.27180
35	0.26335
36	0.25130
37	0.23160
38	0.20363
39	0.17207
40	0.14930
41	0.13962
42	0.12967
43	0.11891
44	0.11183
45	0.10244
46	0.08576
47	0.07226
48	0.06505
49	0.06115
50	0.05484
51	0.04956
52	0.04312
53	0.03678
54	0.03027
55	0.02697
56	0.02142
57	0.02024
58	0.01989
59	0.01692
60	0.01832
61	0.01651
62	0.01654
63	0.01477
64	0.01371
65	0.01127
66	0.00914
67	0.00709
68	0.00612
69	0.00565
70	0.00425
71	0.00281
72	0.00283
73	0.00394
74	0.00348
75	0.00345
76	0.00169
77	0.00169
78	0.00169
79	0.00214
80	0.00099
81	0.00099
82	0.00142
83	0.00142
84	0.00133
85	0.00133
86	0.00042
87	0.00042
88	0.00042
89	0.00000
90	0.00000
91	0.00000
92	0.00055
93	0.00055
94	0.00055
95	0.00055
96	0.00055
97	0.00055
98	0.00055
99	0.00000
100	0.00000
101	0.00000
102	0.00000
103	0.00000
104	0.00000
105	0.00000
106	0.00000
107	0.00000
108	0.00000
109	0.00000
110	0.00000
111	0.00000
112	0.00000
113	0.00000
114	0.00000
115	0.00000
116	0.00000
117	0.00000
118	0.00000
119	0.00000
120	0.00000
121	0.00000
122	0.00000
123	0.00000
124	0.00000
125	0.00000
126	0.00000
127	0.00000
128	0.00000
129	0.00000
130	0.00000
131	0.00000
132	0.00000
133	0.00000
134	0.00000
135	0.00000
136	0.00000
137	0.00000
138	0.00000
139	0.00000
140	0.00000
141	0.00000
142	0.00000
143	0.00000
144	0.00000
145	0.00000
146	0.00000
147	0.00000
148	0.00000
149	0.00000
150	0.00000
151	0.00000
152	0.00000
153	0.00000
154	0.00000
155	0.00000
156	0.00000
157	0.00000
158	0.00000
159	0.00000
160	0.00000
161	0.00000
162	0.00000
163	0.00000
164	0.00000
165	0.00000
166	0.00000
167	0.00000
168	0.00000
169	0.00000
170	0.00000
171	0.00000
172	0.00000
173	0.00000
174	0.00000
175	0.00000
176	0.00000
177	0.00000
178	0.00000
179	0.00000
