0	0.00000
1	0.00000
2	0.00000
3	0.00000
4	0.00050
5	0.00000
6	0.00000
7	0.00000
8	0.00050
9	0.00050
10	0.00100
11	0.00000
12	0.00000
13	0.00000
14	0.00150
15	0.00100
16	0.00000
17	0.00100
18	0.00050
19	0.00000
20	0.00050
21	0.00250
22	0.00200
23	0.00100
24	0.00250
25	0.00200
26	0.00250
27	0.00200
28	0.00200
29	0.00200
30	0.00100
31	0.00300
32	0.00350
33	0.00600
34	0.00250
35	0.00400
36	0.00500
37	0.00750
38	0.00750
39	0.00600
40	0.00400
41	0.00800
42	0.01100
43	0.00800
44	0.00500
45	0.00700
46	0.00850
47	0.01000
48	0.01100
49	0.00900
50	0.01000
51	0.01250
52	0.01450
53	0.01500
54	0.01450
55	0.01500
56	0.01350
57	0.01500
58	0.01300
59	0.01400
60	0.01700
61	0.01250
62	0.00750
63	0.01900
64	0.01650
65	0.01750
66	0.01250
67	0.02000
68	0.01600
69	0.01200
70	0.01500
71	0.01450
72	0.01750
73	0.01850
74	0.01550
75	0.01450
76	0.01250
77	0.01750
78	0.01100
79	0.01250
80	0.01450
81	0.01300
82	0.01450
83	0.01400
84	0.01150
85	0.01050
86	0.01150
87	0.01200
88	0.00900
89	0.00900
90	0.00750
91	0.00600
92	0.01100
93	0.00700
94	0.01400
95	0.00750
96	0.00750
97	0.00750
98	0.00850
99	0.00700
100	0.00800
101	0.00700
102	0.00700
103	0.00700
104	0.00850
105	0.00750
106	0.00600
107	0.00750
108	0.00650
109	0.00500
110	0.00450
111	0.00400
112	0.00500
113	0.00300
114	0.00550
115	0.00100
116	0.00150
117	0.00450
118	0.00500
119	0.00300
120	0.00500
121	0.00300
122	0.00300
123	0.00100
124	0.00200
125	0.00300
126	0.00300
127	0.00250
128	0.00300
129	0.00300
130	0.00200
131	0.00300
132	0.00200
133	0.00200
134	0.00350
135	0.00100
136	0.00150
137	0.00050
138	0.00300
139	0.00150
140	0.00150
141	0.00100
142	0.00200
143	0.00300
144	0.00050
145	0.00250
146	0.00000
147	0.00100
148	0.00000
149	0.00100
150	0.00000
151	0.00050
152	0.00100
153	0.00050
154	0.00050
155	0.00100
156	0.00100
157	0.00150
158	0.00050
159	0.00000
160	0.00100
161	0.00050
162	0.00050
163	0.00000
164	0.00050
165	0.00050
166	0.00100
167	0.00050
168	0.00050
169	0.00000
170	0.00100
171	0.00000
172	0.00050
173	0.00050
174	0.00000
175	0.00000
176	0.00050
177	0.00000
178	0.00000
179	0.00000
