0	0.00500
1	0.00500
2	0.00500
3	0.00500
4	0.00550
5	0.00550
6	0.00550
7	0.00550
8	0.00600
9	0.00650
10	0.00750
11	0.00750
12	0.00750
13	0.00750
14	0.00900
15	0.01000
16	0.01000
17	0.01100
18	0.01150
19	0.01150
20	0.01200
21	0.01450
22	0.01650
23	0.01750
24	0.02000
25	0.02200
26	0.02450
27	0.02650
28	0.02850
29	0.03050
30	0.03150
31	0.03450
32	0.03800
33	0.04400
34	0.04650
35	0.05050
36	0.05550
37	0.06300
38	0.07050
39	0.07650
40	0.08050
41	0.08850
42	0.09950
43	0.10750
44	0.11250
45	0.11950
46	0.12800
47	0.13800
48	0.14900
49	0.15800
50	0.16800
51	0.18050
52	0.19500
53	0.21000
54	0.22450
55	0.23950
56	0.25300
57	0.26800
58	0.28100
59	0.29500
60	0.31200
61	0.32450
62	0.33200
63	0.35100
64	0.36750
65	0.38500
66	0.39750
67	0.41750
68	0.43350
69	0.44550
70	0.46050
71	0.47500
72	0.49250
73	0.51100
74	0.52650
75	0.54100
76	0.55350
77	0.57100
78	0.58200
79	0.59450
80	0.60900
81	0.62200
82	0.63650
83	0.65050
84	0.66200
85	0.67250
86	0.68400
87	0.69600
88	0.70500
89	0.71400
90	0.72150
91	0.72750
92	0.73850
93	0.74550
94	0.75950
95	0.76700
96	0.77450
97	0.78200
98	0.79050
99	0.79750
100	0.80550
101	0.81250
102	0.81950
103	0.82650
104	0.83500
105	0.84250
106	0.84850
107	0.85600
108	0.86250
109	0.86750
110	0.87200
111	0.87600
112	0.88100
113	0.88400
114	0.88950
115	0.89050
116	0.89200
117	0.89650
118	0.90150
119	0.90450
120	0.90950
121	0.91250
122	0.91550
123	0.91650
124	0.91850
125	0.92150
126	0.92450
127	0.92700
128	0.93000
129	0.93300
130	0.93500
131	0.93800
132	0.94000
133	0.94200
134	0.94550
135	0.94650
136	0.94800
137	0.94850
138	0.95150
139	0.95300
140	0.95450
141	0.95550
142	0.95750
143	0.96050
144	0.96100
145	0.96350
146	0.96350
147	0.96450
148	0.96450
149	0.96550
150	0.96550
151	0.96600
152	0.96700
153	0.96750
154	0.96800
155	0.96900
156	0.97000
157	0.97150
158	0.97200
159	0.97200
160	0.97300
161	0.97350
162	0.97400
163	0.97400
164	0.97450
165	0.97500
166	0.97600
167	0.97650
168	0.97700
169	0.97700
170	0.97800
171	0.97800
172	0.97850
173	0.97900
174	0.97900
175	0.97900
176	0.97950
177	0.97950
178	0.97950
179	0.97950
