0	0.00000
1	0.00000
2	0.00000
3	0.00000
4	0.00000
5	0.00000
6	0.00452
7	0.00452
8	0.00453
9	0.00453
10	0.01033
11	0.01763
12	0.07137
13	0.06709
14	0.06231
15	0.05320
16	0.10168
17	0.10423
18	0.10011
19	0.08973
20	0.09338
21	0.08447
22	0.12861
23	0.14359
24	0.15139
25	0.17985
26	0.27349
27	0.27819
28	0.31702
29	0.34823
30	0.36614
31	0.45844
32	0.42885
33	0.38651
34	0.40483
35	0.48984
36	0.43172
37	0.50233
38	0.55154
39	0.58549
40	0.58235
41	0.61562
42	0.53745
43	0.56476
44	0.57630
45	0.51566
46	0.46727
47	0.42663
48	0.39561
49	0.37154
50	0.39335
51	0.35112
52	0.36318
53	0.34578
54	0.36557
55	0.38714
56	0.36215
57	0.36501
58	0.32978
59	0.29217
60	0.26701
61	0.23711
62	0.23600
63	0.21106
64	0.18342
65	0.18816
66	0.19817
67	0.18428
68	0.17087
69	0.17377
70	0.17601
71	0.15938
72	0.14546
73	0.13076
74	0.13067
75	0.12712
76	0.12137
77	0.11200
78	0.10703
79	0.10676
80	0.10047
81	0.09249
82	0.09232
83	0.08731
84	0.08714
85	0.08484
86	0.07949
87	0.07478
88	0.07106
89	0.06841
90	0.06489
91	0.06184
92	0.05683
93	0.05084
94	0.04911
95	0.04347
96	0.05100
97	0.04948
98	0.04793
99	0.04780
100	0.04661
101	0.04434
102	0.04280
103	0.03988
104	0.03954
105	0.03973
106	0.03700
107	0.03738
108	0.03537
109	0.03525
110	0.03222
111	0.03118
112	0.02815
113	0.02692
114	0.02590
115	0.02368
116	0.02329
117	0.01987
118	0.01729
119	0.01740
120	0.01916
121	0.01691
122	0.01847
123	0.01878
124	0.01914
125	0.01618
126	0.01559
127	0.01317
128	0.01264
129	0.01140
130	0.01006
131	0.00967
132	0.00982
133	0.00944
134	0.01052
135	0.00980
136	0.01017
137	0.00915
138	0.00775
139	0.00630
140	0.00769
141	0.00721
142	0.00813
143	0.00929
144	0.01089
145	0.01148
146	0.01087
147	0.00973
148	0.00750
149	0.00717
150	0.00531
151	0.00469
152	0.00327
153	0.00316
154	0.00112
155	0.00184
156	0.00228
157	0.00381
158	0.00311
159	0.00436
160	0.00289
161	0.00274
162	0.00394
163	0.00509
164	0.00378
165	0.00373
166	0.00327
167	0.00467
168	0.00343
169	0.00398
170	0.00398
171	0.00386
172	0.00435
173	0.00352
174	0.00272
175	0.00262
176	0.00220
177	0.00159
178	0.00185
179	0.00148
