0	0	0	0	0	0	
1	500	0	0	0	0	
2	500	0	0	0	0	
3	500	0	0	0	0	
4	500	0	0	0	0	
5	500	0	0	0	0	
6	500	0	0	0	0	
7	500	0	0	0	0	
8	499	0	0	0	0	
9	498	0	0	0	0	
10	498	0	0	0	0	
11	498	0	0	0	0	
12	498	0	0	0	0	
13	498	0	0	0	0	
14	497	0	0	0	0	
15	496	0	0	0	0	
16	496	0	0	0	0	
17	495	0	0	0	0	
18	494	0	0	0	0	
19	494	0	0	0	0	
20	494	0	0	0	0	
21	494	0	0	0	0	
22	493	0	0	0	0	
23	493	0	0	0	0	
24	491	0	0	0	0	
25	489	1	0	0	0	
26	488	0	1	0	0	
27	487	1	0	1	0	
28	485	1	1	0	1	
29	483	0	1	1	1	
30	481	2	0	1	2	
31	476	3	2	0	3	
32	474	1	3	2	3	
33	470	1	1	3	5	
34	467	1	1	1	8	
35	464	2	1	1	9	
36	459	5	2	1	10	
37	454	4	3	1	10	
38	446	3	3	2	11	
39	439	4	2	2	13	
40	438	1	3	2	15	
41	433	2	2	1	17	
42	428	1	3	0	18	
43	423	3	1	2	18	
44	421	1	2	0	20	
45	419	2	2	0	20	
46	416	1	3	0	20	
47	410	1	1	2	20	
48	403	1	1	2	20	
49	398	1	1	2	20	
50	394	1	1	2	20	
51	389	1	1	2	20	
52	382	1	0	2	20	
53	374	1	0	2	20	
54	366	1	0	2	20	
55	361	1	0	2	19	
56	355	1	0	2	19	
57	346	1	0	2	19	
58	341	1	0	2	19	
59	335	1	0	2	19	
60	324	1	0	2	19	
61	320	1	0	2	19	
62	315	1	0	2	19	
63	307	0	0	2	19	
64	301	0	0	2	19	
65	296	0	0	2	19	
66	291	0	0	2	19	
67	282	0	0	2	19	
68	278	0	0	2	19	
69	272	0	0	2	19	
70	264	0	0	2	19	
71	260	0	0	2	19	
72	253	0	0	2	19	
73	240	0	0	2	19	
74	233	0	0	2	19	
75	227	0	0	2	19	
76	221	0	0	2	19	
77	209	0	0	2	19	
78	207	0	0	2	19	
79	199	0	0	2	19	
80	197	0	0	2	19	
81	189	0	0	2	19	
82	180	0	0	2	19	
83	172	0	0	2	19	
84	167	0	0	2	19	
85	162	0	0	2	19	
86	158	0	0	2	19	
87	151	0	0	2	19	
88	143	0	0	2	19	
89	138	0	0	2	19	
90	133	0	0	2	19	
91	128	0	0	2	19	
92	124	0	0	2	19	
93	121	0	0	2	19	
94	116	0	0	2	19	
95	110	0	0	2	19	
96	107	0	0	2	19	
97	101	0	0	2	19	
98	97	0	0	2	19	
99	94	0	0	2	19	
100	90	0	0	2	19	
101	85	0	0	2	19	
102	80	0	0	2	19	
103	76	0	0	2	19	
104	72	0	0	2	19	
105	69	0	0	2	19	
106	65	0	0	2	19	
107	62	0	0	2	19	
108	59	0	0	2	19	
109	55	0	0	2	19	
110	54	0	0	2	19	
111	51	0	0	2	19	
112	46	0	0	2	19	
113	44	0	0	2	19	
114	43	0	0	2	19	
115	43	0	0	2	19	
116	41	0	0	2	19	
117	40	0	0	2	19	
118	39	0	0	2	19	
119	38	0	0	2	19	
120	38	0	0	2	19	
121	38	0	0	2	19	
122	37	0	0	2	19	
123	37	0	0	2	19	
124	37	0	0	2	19	
125	36	0	0	2	19	
126	33	0	0	2	19	
127	31	0	0	2	19	
128	31	0	0	2	19	
129	31	0	0	2	19	
130	28	0	0	2	19	
131	26	0	0	2	19	
132	25	0	0	2	19	
133	24	0	0	2	19	
134	23	0	0	2	19	
135	23	0	0	2	19	
136	21	0	0	2	19	
137	21	0	0	2	19	
138	20	0	0	2	19	
139	19	0	0	2	19	
140	18	0	0	2	19	
141	18	0	0	2	19	
142	18	0	0	2	19	
143	15	0	0	2	19	
144	15	0	0	2	19	
145	13	0	0	2	19	
146	13	0	0	2	19	
147	13	0	0	2	19	
148	13	0	0	2	19	
149	13	0	0	2	19	
150	13	0	0	2	19	
151	13	0	0	2	19	
152	12	0	0	2	19	
153	12	0	0	2	19	
154	12	0	0	2	19	
155	11	0	0	2	19	
156	11	0	0	2	19	
157	10	0	0	2	19	
158	9	0	0	2	19	
159	9	0	0	2	19	
160	9	0	0	2	19	
161	9	0	0	2	19	
162	9	0	0	2	19	
163	9	0	0	2	19	
164	9	0	0	2	19	
165	9	0	0	2	19	
166	9	0	0	2	19	
167	9	0	0	2	19	
168	9	0	0	2	19	
169	9	0	0	2	19	
170	8	0	0	2	19	
171	8	0	0	2	19	
172	7	0	0	2	19	
173	7	0	0	2	19	
174	7	0	0	2	19	
175	7	0	0	2	19	
176	7	0	0	2	19	
177	7	0	0	2	19	
178	7	0	0	2	19	
179	7	0	0	2	19	
