0	0	0	0	0	0	
1	500	0	0	0	0	
2	500	0	0	0	0	
3	500	0	0	0	0	
4	500	0	0	0	0	
5	500	0	0	0	0	
6	499	0	0	0	0	
7	499	0	0	0	0	
8	498	0	0	0	0	
9	498	0	0	0	0	
10	498	0	0	0	0	
11	498	0	0	0	0	
12	497	0	0	0	0	
13	496	0	0	0	0	
14	496	0	0	0	0	
15	496	0	0	0	0	
16	495	0	0	0	0	
17	494	0	0	0	0	
18	494	0	0	0	0	
19	492	1	0	0	0	
20	492	0	1	0	0	
21	489	0	0	1	0	
22	488	0	0	0	1	
23	485	1	0	0	1	
24	476	8	1	0	1	
25	472	1	7	1	1	
26	470	1	0	7	2	
27	467	1	0	0	9	
28	464	3	0	0	9	
29	462	2	2	0	9	
30	457	1	2	1	9	
31	453	3	0	2	10	
32	450	1	2	0	12	
33	447	2	0	2	12	
34	441	1	2	0	14	
35	438	0	2	1	14	
36	433	0	0	2	15	
37	427	0	0	0	17	
38	424	0	0	0	17	
39	420	0	0	0	17	
40	418	0	0	0	17	
41	414	0	0	0	17	
42	411	0	0	0	17	
43	406	1	0	0	17	
44	404	1	0	0	17	
45	401	1	0	0	17	
46	388	1	0	0	17	
47	380	0	0	0	17	
48	371	0	0	0	16	
49	364	0	0	0	16	
50	358	0	0	0	16	
51	350	0	0	0	16	
52	345	0	0	0	16	
53	338	0	0	0	16	
54	331	0	0	0	16	
55	326	0	0	0	16	
56	318	0	0	0	16	
57	312	0	0	0	16	
58	303	0	0	0	16	
59	286	0	0	0	16	
60	277	0	0	0	16	
61	269	0	0	0	16	
62	258	0	0	0	16	
63	251	0	0	0	16	
64	239	0	0	0	16	
65	232	0	0	0	16	
66	225	0	0	0	16	
67	217	0	0	0	16	
68	206	0	0	0	16	
69	196	0	0	0	16	
70	191	0	0	0	16	
71	186	0	0	0	16	
72	180	0	0	0	16	
73	175	0	0	0	16	
74	171	0	0	0	16	
75	163	0	0	0	16	
76	156	0	0	0	16	
77	152	0	0	0	16	
78	149	0	0	0	16	
79	147	0	0	0	16	
80	140	0	0	0	16	
81	137	0	0	0	16	
82	134	0	0	0	16	
83	128	0	0	0	16	
84	124	0	0	0	16	
85	119	0	0	0	16	
86	113	0	0	0	16	
87	110	0	0	0	16	
88	108	0	0	0	16	
89	106	0	0	0	16	
90	101	0	0	0	16	
91	99	0	0	0	16	
92	91	0	0	0	16	
93	89	0	0	0	16	
94	85	0	0	0	16	
95	83	0	0	0	16	
96	79	0	0	0	16	
97	78	0	0	0	16	
98	76	0	0	0	16	
99	68	0	0	0	16	
100	65	0	0	0	16	
101	63	0	0	0	16	
102	60	0	0	0	16	
103	55	0	0	0	16	
104	53	0	0	0	16	
105	50	0	0	0	16	
106	48	0	0	0	16	
107	48	0	0	0	16	
108	46	0	0	0	16	
109	45	0	0	0	16	
110	44	0	0	0	16	
111	39	0	0	0	16	
112	35	0	0	0	16	
113	35	0	0	0	16	
114	34	0	0	0	16	
115	33	0	0	0	16	
116	31	0	0	0	16	
117	30	0	0	0	16	
118	29	0	0	0	16	
119	29	0	0	0	16	
120	28	0	0	0	16	
121	26	0	0	0	16	
122	26	0	0	0	16	
123	24	0	0	0	16	
124	24	0	0	0	16	
125	23	0	0	0	16	
126	23	0	0	0	16	
127	21	0	0	0	16	
128	21	0	0	0	16	
129	19	0	0	0	16	
130	19	0	0	0	16	
131	19	0	0	0	16	
132	19	0	0	0	16	
133	18	0	0	0	16	
134	18	0	0	0	16	
135	17	0	0	0	16	
136	17	0	0	0	16	
137	17	0	0	0	16	
138	17	0	0	0	16	
139	17	0	0	0	16	
140	17	0	0	0	16	
141	15	0	0	0	16	
142	13	0	0	0	16	
143	13	0	0	0	16	
144	13	0	0	0	16	
145	12	0	0	0	16	
146	12	0	0	0	16	
147	11	0	0	0	16	
148	11	0	0	0	16	
149	11	0	0	0	16	
150	10	0	0	0	16	
151	10	0	0	0	16	
152	10	0	0	0	16	
153	10	0	0	0	16	
154	9	0	0	0	16	
155	8	0	0	0	16	
156	8	0	0	0	16	
157	8	0	0	0	16	
158	8	0	0	0	16	
159	8	0	0	0	16	
160	8	0	0	0	16	
161	8	0	0	0	16	
162	8	0	0	0	16	
163	8	0	0	0	16	
164	8	0	0	0	16	
165	7	0	0	0	16	
166	7	0	0	0	16	
167	7	0	0	0	16	
168	6	0	0	0	16	
169	6	0	0	0	16	
170	6	0	0	0	16	
171	6	0	0	0	16	
172	6	0	0	0	16	
173	6	0	0	0	16	
174	6	0	0	0	16	
175	6	0	0	0	16	
176	6	0	0	0	16	
177	6	0	0	0	16	
178	4	0	0	0	16	
179	4	0	0	0	16	
