0	0.00000
1	0.00000
2	0.00000
3	0.00000
4	0.03269
5	0.03900
6	0.04341
7	0.08712
8	0.12468
9	0.12189
10	0.17817
11	0.18414
12	0.19217
13	0.27116
14	0.28947
15	0.27890
16	0.39819
17	0.37762
18	0.42801
19	0.49501
20	0.56106
21	0.63072
22	0.68414
23	0.62620
24	0.60706
25	0.51968
26	0.55176
27	0.61372
28	0.63370
29	0.58346
30	0.50285
31	0.49852
32	0.46067
33	0.47408
34	0.46799
35	0.48154
36	0.43771
37	0.42745
38	0.35623
39	0.33327
40	0.36293
41	0.32036
42	0.31881
43	0.29704
44	0.26424
45	0.23669
46	0.22005
47	0.20407
48	0.21193
49	0.21642
50	0.21644
51	0.20800
52	0.18250
53	0.17176
54	0.15375
55	0.13392
56	0.12607
57	0.12653
58	0.13259
59	0.13685
60	0.13466
61	0.12225
62	0.11770
63	0.10680
64	0.10396
65	0.09838
66	0.08706
67	0.09065
68	0.08779
69	0.08806
70	0.08626
71	0.08347
72	0.07450
73	0.07558
74	0.07249
75	0.06974
76	0.06857
77	0.06422
78	0.06177
79	0.05754
80	0.05482
81	0.04609
82	0.04143
83	0.04060
84	0.03883
85	0.03663
86	0.03427
87	0.03113
88	0.03147
89	0.03267
90	0.03478
91	0.03045
92	0.03025
93	0.03173
94	0.03388
95	0.03536
96	0.03468
97	0.03153
98	0.02976
99	0.02710
100	0.02700
101	0.02390
102	0.02038
103	0.01942
104	0.01994
105	0.01885
106	0.01748
107	0.01403
108	0.01673
109	0.01593
110	0.01684
111	0.01533
112	0.01442
113	0.01347
114	0.01397
115	0.01133
116	0.01061
117	0.00836
118	0.00987
119	0.00900
120	0.00956
121	0.01076
122	0.01344
123	0.01654
124	0.01562
125	0.01242
126	0.01306
127	0.01196
128	0.01076
129	0.00855
130	0.00584
131	0.00659
132	0.00698
133	0.00614
134	0.00485
135	0.00388
136	0.00366
137	0.00213
138	0.00227
139	0.00148
140	0.00157
141	0.00150
142	0.00228
143	0.00256
144	0.00350
145	0.00268
146	0.00269
147	0.00301
148	0.00291
149	0.00248
150	0.00152
151	0.00086
152	0.00086
153	0.00103
154	0.00078
155	0.00175
156	0.00175
157	0.00193
158	0.00151
159	0.00156
160	0.00129
161	0.00208
162	0.00098
163	0.00226
164	0.00212
165	0.00279
166	0.00432
167	0.00432
168	0.00349
169	0.00361
170	0.00227
171	0.00227
172	0.00163
173	0.00000
174	0.00017
175	0.00195
176	0.00043
177	0.00043
178	0.00087
179	0.00087
