0	0	0	0	0	0	
1	501	0	0	0	0	
2	500	0	0	0	0	
3	500	0	0	0	0	
4	500	0	0	0	0	
5	500	0	0	0	0	
6	500	0	0	0	0	
7	500	0	0	0	0	
8	498	0	0	0	0	
9	498	0	0	0	0	
10	497	0	0	0	0	
11	496	0	0	0	0	
12	493	0	0	0	0	
13	493	0	0	0	0	
14	491	0	0	0	0	
15	490	0	0	0	0	
16	488	1	0	0	0	
17	487	0	1	0	0	
18	482	3	0	1	0	
19	478	0	3	0	1	
20	475	2	0	3	1	
21	470	3	2	0	4	
22	464	3	3	2	4	
23	461	0	3	3	6	
24	458	2	0	3	9	
25	456	1	0	0	12	
26	454	2	0	0	12	
27	448	2	1	0	12	
28	445	1	1	1	12	
29	439	1	0	1	13	
30	434	1	0	1	13	
31	428	1	0	1	13	
32	423	1	0	1	13	
33	415	1	0	1	13	
34	409	1	0	1	13	
35	404	1	0	1	13	
36	401	1	0	1	13	
37	393	1	0	1	13	
38	386	1	0	1	13	
39	380	1	0	1	13	
40	373	1	0	1	13	
41	363	0	0	1	13	
42	356	0	0	1	12	
43	350	0	0	1	12	
44	340	0	0	1	12	
45	331	0	0	1	12	
46	321	0	0	1	12	
47	311	0	0	1	12	
48	304	0	0	1	12	
49	298	0	0	1	12	
50	295	0	0	1	12	
51	285	0	0	1	12	
52	279	0	0	1	12	
53	267	0	0	1	12	
54	256	0	0	1	12	
55	247	0	0	1	12	
56	234	0	0	1	12	
57	224	0	0	1	12	
58	212	0	0	1	12	
59	206	0	0	1	12	
60	198	0	0	1	12	
61	193	0	0	1	12	
62	184	0	0	1	12	
63	180	0	0	1	12	
64	176	0	0	1	12	
65	166	0	0	1	12	
66	158	0	0	1	12	
67	149	0	0	1	12	
68	146	0	0	1	12	
69	138	0	0	1	12	
70	133	0	0	1	12	
71	128	0	0	1	12	
72	121	0	0	1	12	
73	117	0	0	1	12	
74	110	0	0	1	12	
75	105	0	0	1	12	
76	102	0	0	1	12	
77	96	0	0	1	12	
78	94	0	0	1	12	
79	92	0	0	1	12	
80	88	0	0	1	12	
81	82	0	0	1	12	
82	81	0	0	1	12	
83	78	0	0	1	12	
84	76	0	0	1	12	
85	75	0	0	1	12	
86	73	0	0	1	12	
87	70	0	0	1	12	
88	67	0	0	1	12	
89	65	0	0	1	12	
90	62	0	0	1	12	
91	58	0	0	1	12	
92	54	0	0	1	12	
93	50	0	0	1	12	
94	48	0	0	1	12	
95	43	0	0	1	12	
96	42	0	0	1	12	
97	41	0	0	1	12	
98	40	0	0	1	12	
99	40	0	0	1	12	
100	39	0	0	1	12	
101	39	0	0	1	12	
102	39	0	0	1	12	
103	38	0	0	1	12	
104	37	0	0	1	12	
105	37	0	0	1	12	
106	36	0	0	1	12	
107	34	0	0	1	12	
108	33	0	0	1	12	
109	30	0	0	1	12	
110	28	0	0	1	12	
111	27	0	0	1	12	
112	24	0	0	1	12	
113	23	0	0	1	12	
114	22	0	0	1	12	
115	22	0	0	1	12	
116	19	0	0	1	12	
117	19	0	0	1	12	
118	17	0	0	1	12	
119	15	0	0	1	12	
120	14	0	0	1	12	
121	11	0	0	1	12	
122	11	0	0	1	12	
123	9	0	0	1	12	
124	9	0	0	1	12	
125	8	0	0	1	12	
126	7	0	0	1	12	
127	6	0	0	1	12	
128	6	0	0	1	12	
129	6	0	0	1	12	
130	6	0	0	1	12	
131	6	0	0	1	12	
132	6	0	0	1	12	
133	6	0	0	1	12	
134	6	0	0	1	12	
135	6	0	0	1	12	
136	6	0	0	1	12	
137	5	0	0	1	12	
138	5	0	0	1	12	
139	5	0	0	1	12	
140	5	0	0	1	12	
141	5	0	0	1	12	
142	5	0	0	1	12	
143	5	0	0	1	12	
144	5	0	0	1	12	
145	4	0	0	1	12	
146	4	0	0	1	12	
147	4	0	0	1	12	
148	4	0	0	1	12	
149	4	0	0	1	12	
150	4	0	0	1	12	
151	4	0	0	1	12	
152	4	0	0	1	12	
153	4	0	0	1	12	
154	4	0	0	1	12	
155	4	0	0	1	12	
156	4	0	0	1	12	
157	4	0	0	1	12	
158	4	0	0	1	12	
159	4	0	0	1	12	
160	4	0	0	1	12	
161	4	0	0	1	12	
162	3	0	0	1	12	
163	3	0	0	1	12	
164	2	0	0	1	12	
165	2	0	0	1	12	
166	2	0	0	1	12	
167	2	0	0	1	12	
168	2	0	0	1	12	
169	2	0	0	1	12	
170	2	0	0	1	12	
171	2	0	0	1	12	
172	2	0	0	1	12	
173	2	0	0	1	12	
174	2	0	0	1	12	
175	2	0	0	1	12	
176	2	0	0	1	12	
177	2	0	0	1	12	
178	2	0	0	1	12	
179	2	0	0	1	12	
