0	0.00000
1	0.00000
2	0.00000
3	0.05627
4	0.22542
5	0.73047
6	0.97843
7	1.27400
8	1.41948
9	1.53996
10	1.50559
11	1.34548
12	1.12631
13	0.91865
14	0.71356
15	0.55012
16	0.41335
17	0.30689
18	0.23238
19	0.18383
20	0.14023
21	0.11228
22	0.09022
23	0.07266
24	0.06171
25	0.05093
26	0.04167
27	0.03986
28	0.03569
29	0.02995
30	0.02471
31	0.02312
32	0.02040
33	0.01749
34	0.01261
35	0.00963
36	0.00850
37	0.00893
38	0.00357
39	0.00235
40	0.00240
41	0.00135
42	0.00186
43	0.00131
44	0.00012
45	0.00012
46	0.00012
47	0.00000
48	0.00000
49	0.00000
50	0.00000
51	0.00000
52	0.00000
53	0.00000
54	0.00000
55	0.00000
56	0.00000
57	0.00000
58	0.00000
59	0.00000
60	0.00000
61	0.00000
62	0.00000
63	0.00000
64	0.00000
65	0.00000
66	0.00000
67	0.00000
68	0.00000
69	0.00000
70	0.00000
71	0.00000
72	0.00000
73	0.00000
74	0.00000
75	0.00000
76	0.00000
77	0.00000
78	0.00000
79	0.00000
80	0.00000
81	0.00000
82	0.00000
83	0.00000
84	0.00000
85	0.00000
86	0.00000
87	0.00000
88	0.00000
89	0.00000
90	0.00000
91	0.00000
92	0.00000
93	0.00000
94	0.00000
95	0.00000
96	0.00000
97	0.00000
98	0.00000
99	0.00000
