0	0.00500
1	0.00800
2	0.01300
3	0.02150
4	0.04000
5	0.06500
6	0.10200
7	0.15150
8	0.21550
9	0.28100
10	0.34250
11	0.39850
12	0.45000
13	0.50150
14	0.53800
15	0.56600
16	0.59000
17	0.61400
18	0.62900
19	0.64050
20	0.65000
21	0.65600
22	0.66350
23	0.66800
24	0.67050
25	0.67700
26	0.67950
27	0.68100
28	0.68200
29	0.68550
30	0.68650
31	0.68750
32	0.68850
33	0.68900
34	0.68950
35	0.69100
36	0.69100
37	0.69100
38	0.69150
39	0.69150
40	0.69200
41	0.69200
42	0.69200
43	0.69200
44	0.69200
45	0.69200
46	0.69200
47	0.69200
48	0.69250
49	0.69250
50	0.69250
51	0.69250
52	0.69250
53	0.69250
54	0.69250
55	0.69250
56	0.69250
57	0.69250
58	0.69250
59	0.69250
60	0.69250
61	0.69250
62	0.69250
63	0.69250
64	0.69250
65	0.69250
66	0.69250
67	0.69250
68	0.69250
69	0.69250
70	0.69250
71	0.69250
72	0.69250
73	0.69250
74	0.69250
75	0.69250
76	0.69250
77	0.69250
78	0.69250
79	0.69250
80	0.69250
81	0.69250
82	0.69250
83	0.69250
84	0.69250
85	0.69250
86	0.69250
87	0.69250
88	0.69250
89	0.69250
90	0.69250
91	0.69250
92	0.69250
93	0.69250
94	0.69250
95	0.69250
96	0.69250
97	0.69250
98	0.69250
99	0.69250
