0	0.00000
1	0.00000
2	0.00000
3	0.03952
4	0.13202
5	0.32791
6	0.57193
7	0.90968
8	1.23094
9	1.37943
10	1.40505
11	1.30704
12	1.14669
13	0.94596
14	0.74292
15	0.57536
16	0.43329
17	0.31955
18	0.24235
19	0.19183
20	0.14723
21	0.11748
22	0.09285
23	0.07384
24	0.06298
25	0.04991
26	0.04107
27	0.03744
28	0.03294
29	0.02728
30	0.02214
31	0.02005
32	0.01688
33	0.01505
34	0.01081
35	0.00803
36	0.00745
37	0.00780
38	0.00404
39	0.00337
40	0.00286
41	0.00220
42	0.00270
43	0.00222
44	0.00103
45	0.00103
46	0.00103
47	0.00062
48	0.00062
49	0.00000
50	0.00060
51	0.00060
52	0.00060
53	0.00060
54	0.00060
55	0.00060
56	0.00060
57	0.00000
58	0.00000
59	0.00000
60	0.00000
61	0.00000
62	0.00000
63	0.00000
64	0.00000
65	0.00000
66	0.00000
67	0.00000
68	0.00000
69	0.00000
70	0.00000
71	0.00000
72	0.00000
73	0.00000
74	0.00000
75	0.00000
76	0.00000
77	0.00000
78	0.00000
79	0.00000
80	0.00000
81	0.00000
82	0.00000
83	0.00000
84	0.00000
85	0.00000
86	0.00000
87	0.00000
88	0.00000
89	0.00000
90	0.00000
91	0.00000
92	0.00000
93	0.00000
94	0.00000
95	0.00000
96	0.00000
97	0.00000
98	0.00000
99	0.00000
