0	0.00500
1	0.00950
2	0.01500
3	0.02700
4	0.04900
5	0.08700
6	0.14100
7	0.20450
8	0.27250
9	0.34350
10	0.41500
11	0.48000
12	0.52450
13	0.56550
14	0.59900
15	0.62100
16	0.64250
17	0.65600
18	0.66700
19	0.67450
20	0.68250
21	0.68800
22	0.69250
23	0.69650
24	0.70000
25	0.70400
26	0.70550
27	0.70700
28	0.70700
29	0.70750
30	0.70850
31	0.70850
32	0.70950
33	0.71000
34	0.71050
35	0.71050
36	0.71050
37	0.71050
38	0.71050
39	0.71050
40	0.71050
41	0.71050
42	0.71050
43	0.71050
44	0.71050
45	0.71050
46	0.71050
47	0.71050
48	0.71050
49	0.71050
50	0.71050
51	0.71050
52	0.71050
53	0.71050
54	0.71050
55	0.71050
56	0.71050
57	0.71050
58	0.71050
59	0.71050
60	0.71050
61	0.71050
62	0.71050
63	0.71050
64	0.71050
65	0.71050
66	0.71050
67	0.71050
68	0.71050
69	0.71050
70	0.71050
71	0.71050
72	0.71050
73	0.71050
74	0.71050
75	0.71050
76	0.71050
77	0.71050
78	0.71050
79	0.71050
80	0.71050
81	0.71050
82	0.71050
83	0.71050
84	0.71050
85	0.71050
86	0.71100
87	0.71100
88	0.71100
89	0.71100
90	0.71100
91	0.71100
92	0.71100
93	0.71100
94	0.71100
95	0.71100
96	0.71100
97	0.71100
98	0.71100
99	0.71100
