64	0.01750
65	0.01300
66	0.01400
67	0.01400
68	0.01350
69	0.01800
70	0.01550
71	0.01500
72	0.01600
73	0.01200
74	0.01100
75	0.01400
76	0.01450
77	0.01150
78	0.01250
79	0.01500
80	0.01600
81	0.00950
82	0.01100
83	0.01350
84	0.01450
85	0.00800
86	0.00800
87	0.01300
88	0.01300
89	0.01300
90	0.01000
91	0.00850
92	0.01000
93	0.00700
94	0.00800
95	0.00850
96	0.00900
97	0.00750
98	0.00500
99	0.00650
100	0.00800
101	0.00750
102	0.00500
103	0.00750
104	0.00500
105	0.00300
106	0.00500
107	0.00800
108	0.00700
109	0.00550
110	0.00750
111	0.00450
112	0.00150
113	0.00250
114	0.00300
115	0.00250
116	0.00400
117	0.00350
118	0.00350
119	0.00300
120	0.00450
121	0.00450
122	0.00150
123	0.00100
124	0.00100
125	0.00150
126	0.00150
127	0.00200
128	0.00100
129	0.00200
130	0.00050
131	0.00100
132	0.00050
133	0.00250
134	0.00100
135	0.00300
136	0.00150
137	0.00050
138	0.00100
139	0.00050
140	0.00100
141	0.00050
142	0.00150
143	0.00100
144	0.00050
145	0.00100
146	0.00100
147	0.00100
148	0.00050
149	0.00100
