64	0.42100
65	0.43400
66	0.44800
67	0.46200
68	0.47550
69	0.49350
70	0.50900
71	0.52400
72	0.54000
73	0.55200
74	0.56300
75	0.57700
76	0.59150
77	0.60300
78	0.61550
79	0.63050
80	0.64650
81	0.65600
82	0.66700
83	0.68050
84	0.69500
85	0.70300
86	0.71100
87	0.72400
88	0.73700
89	0.75000
90	0.76000
91	0.76850
92	0.77850
93	0.78550
94	0.79350
95	0.80200
96	0.81100
97	0.81850
98	0.82350
99	0.83000
100	0.83800
101	0.84550
102	0.85050
103	0.85800
104	0.86300
105	0.86600
106	0.87100
107	0.87900
108	0.88600
109	0.89150
110	0.89900
111	0.90350
112	0.90500
113	0.90750
114	0.91050
115	0.91300
116	0.91700
117	0.92050
118	0.92400
119	0.92700
120	0.93150
121	0.93600
122	0.93750
123	0.93850
124	0.93950
125	0.94100
126	0.94250
127	0.94450
128	0.94550
129	0.94750
130	0.94800
131	0.94900
132	0.94950
133	0.95200
134	0.95300
135	0.95600
136	0.95750
137	0.95800
138	0.95900
139	0.95950
140	0.96050
141	0.96100
142	0.96250
143	0.96350
144	0.96400
145	0.96500
146	0.96600
147	0.96700
148	0.96750
149	0.96850
