64	0.19506
65	0.18310
66	0.17539
67	0.15366
68	0.14350
69	0.14266
70	0.13344
71	0.13178
72	0.12850
73	0.12202
74	0.12059
75	0.11279
76	0.10411
77	0.09690
78	0.09443
79	0.08818
80	0.08131
81	0.07665
82	0.07816
83	0.07270
84	0.06899
85	0.06825
86	0.06877
87	0.06244
88	0.05715
89	0.05763
90	0.05995
91	0.06082
92	0.05990
93	0.05517
94	0.05412
95	0.04952
96	0.04461
97	0.04567
98	0.04338
99	0.04113
100	0.03754
101	0.03413
102	0.03464
103	0.03505
104	0.03275
105	0.03237
106	0.03158
107	0.02748
108	0.02866
109	0.03053
110	0.03179
111	0.03021
112	0.03442
113	0.03377
114	0.02838
115	0.02356
116	0.02035
117	0.01903
118	0.01681
119	0.01338
120	0.01207
121	0.01448
122	0.01508
123	0.01487
124	0.01443
125	0.01286
126	0.01106
127	0.01166
128	0.00968
129	0.00832
130	0.00794
131	0.00791
132	0.00748
133	0.00767
134	0.00637
135	0.00727
136	0.00676
137	0.00883
138	0.00855
139	0.00815
140	0.00820
141	0.00922
142	0.00904
143	0.00882
144	0.00499
145	0.00478
146	0.00439
147	0.00584
148	0.00567
149	0.00475
