0	0.00500
1	0.00850
2	0.01700
3	0.03050
4	0.04700
5	0.08550
6	0.14450
7	0.22000
8	0.32000
9	0.41750
10	0.48850
11	0.55150
12	0.59800
13	0.63550
14	0.66300
15	0.69000
16	0.70950
17	0.72900
18	0.74100
19	0.75050
20	0.75550
21	0.75900
22	0.76300
23	0.76600
24	0.76800
25	0.76900
26	0.76950
27	0.77050
28	0.77150
29	0.77150
30	0.77200
31	0.77200
32	0.77200
33	0.77200
34	0.77200
35	0.77250
36	0.77250
37	0.77250
38	0.77250
39	0.77250
40	0.77250
41	0.77250
42	0.77250
43	0.77300
44	0.77300
45	0.77300
46	0.77300
47	0.77300
48	0.77300
49	0.77300
50	0.77300
51	0.77300
52	0.77300
53	0.77300
54	0.77300
55	0.77300
56	0.77300
57	0.77300
58	0.77300
59	0.77300
60	0.77300
61	0.77300
62	0.77300
63	0.77300
64	0.77300
65	0.77300
66	0.77300
67	0.77300
68	0.77300
69	0.77300
70	0.77300
71	0.77300
72	0.77300
73	0.77300
74	0.77300
75	0.77300
76	0.77300
77	0.77300
78	0.77300
79	0.77300
80	0.77300
81	0.77300
82	0.77300
83	0.77300
84	0.77300
85	0.77300
86	0.77300
87	0.77300
88	0.77300
89	0.77300
90	0.77300
91	0.77300
92	0.77300
93	0.77300
94	0.77300
95	0.77300
96	0.77300
97	0.77300
98	0.77300
99	0.77300
