1	.00200000000000000000
2	.00277777777777777777
3	.00444444444444444444
4	.00666666666666666666
5	.00977777777777777777
6	.01388888888888888888
7	.01955555555555555555
8	.02933333333333333333
9	.04300000000000000000
10	.06166666666666666666
11	.08944444444444444444
12	.12422222222222222222
13	.17366666666666666666
14	.23233333333333333333
15	.30911111111111111111
16	.38722222222222222222
17	.47377777777777777777
18	.56400000000000000000
19	.65011111111111111111
20	.72855555555555555555
21	.79422222222222222222
22	.85122222222222222222
23	.89677777777777777777
24	.93222222222222222222
25	.95300000000000000000
26	.97288888888888888888
27	.98366666666666666666
28	.99022222222222222222
29	.99444444444444444444
30	.99733333333333333333
31	.99822222222222222222
32	.99888888888888888888
33	.99922222222222222222
34	.99933333333333333333
35	.99933333333333333333
36	.99977777777777777777
37	1.00000000000000000000
