0	0.00000
1	0.00000
2	0.00000
3	0.02051
4	0.02051
5	0.02051
6	0.02051
7	0.02062
8	0.02062
9	0.02062
10	0.00000
11	0.00000
12	0.00000
13	0.00000
14	0.00000
15	0.01295
16	0.01295
17	0.01295
18	0.01295
19	0.01295
20	0.01295
21	0.01295
22	0.00000
23	0.00000
24	0.00000
25	0.02344
26	0.02344
27	0.02344
28	0.02344
29	0.02344
30	0.01832
31	0.01832
32	0.03578
33	0.03578
34	0.03578
35	0.03578
36	0.03578
37	0.03578
38	0.03578
39	0.00000
40	0.00000
41	0.00000
42	0.00000
43	0.00000
44	0.00000
45	0.00000
46	0.00000
47	0.00000
48	0.00000
49	0.01316
50	0.01323
51	0.01323
52	0.04255
53	0.04255
54	0.08777
55	0.08777
56	0.07447
57	0.07447
58	0.07487
59	0.05135
60	0.10541
61	0.12432
62	0.11957
63	0.11957
64	0.15580
65	0.15353
66	0.14617
67	0.09608
68	0.06557
69	0.06393
70	0.06393
71	0.02857
72	0.02889
73	0.08306
74	0.19417
75	0.16528
76	0.16528
77	0.14694
78	0.14694
79	0.14777
80	0.10028
81	0.03464
82	0.03484
83	0.06968
84	0.09134
85	0.07910
86	0.07533
87	0.07533
88	0.05179
89	0.05208
90	0.02083
91	0.03172
92	0.03209
93	0.03209
94	0.13697
95	0.13697
96	0.12524
97	0.11484
98	0.13382
99	0.12274
100	0.12274
101	0.03944
102	0.03944
103	0.05736
104	0.04795
105	0.01706
106	0.06774
107	0.06774
108	0.06774
109	0.06618
110	0.04902
111	0.07036
112	0.07036
113	0.14790
114	0.14790
115	0.14541
116	0.14291
117	0.14257
118	0.12400
119	0.15657
120	0.04293
121	0.06919
122	0.06961
123	0.06595
124	0.09243
125	0.13062
126	0.08010
127	0.20052
128	0.18490
129	0.16090
130	0.14738
131	0.15833
132	0.14146
133	0.16593
134	0.07147
135	0.05796
136	0.10996
137	0.13137
138	0.11760
139	0.17926
140	0.16226
141	0.14245
142	0.13660
143	0.16713
144	0.14800
145	0.18972
146	0.12752
147	0.14202
148	0.16104
149	0.17381
