0	0	0	0	0	0	
1	743	0	0	0	0	
2	735	0	0	0	0	
3	570	151	0	0	0	
4	319	243	146	0	0	
5	88	220	235	141	0	
6	31	53	208	227	138	
7	12	18	53	198	363	
8	8	4	16	48	557	
9	8	0	6	15	603	
10	8	0	1	6	612	
11	7	0	1	2	614	
12	4	0	1	2	609	
13	3	0	1	2	609	
14	3	0	1	2	604	
15	2	0	1	2	603	
16	1	0	1	2	603	
17	1	0	1	2	603	
18	1	0	1	2	603	
19	1	0	1	2	602	
20	1	0	1	2	602	
21	1	0	1	2	602	
22	1	0	1	2	602	
23	1	0	1	2	602	
24	1	0	1	2	602	
25	1	0	1	2	602	
26	1	0	1	2	602	
27	1	0	1	2	602	
28	1	0	1	2	602	
29	1	0	1	2	602	
30	1	0	1	2	602	
31	1	0	1	2	602	
32	0	0	1	2	602	
33	0	0	1	2	602	
34	0	0	1	2	602	
35	0	0	1	2	602	
36	0	0	1	2	602	
37	0	0	1	2	602	
38	0	0	1	2	602	
39	0	0	1	2	602	
40	0	0	1	2	602	
41	0	0	1	2	602	
42	0	0	1	2	602	
43	0	0	1	2	602	
44	0	0	1	2	602	
45	0	0	1	2	602	
46	0	0	1	2	602	
47	0	0	1	2	602	
48	0	0	1	2	602	
49	0	0	1	2	602	
50	0	0	1	2	602	
51	0	0	1	2	602	
52	0	0	1	2	602	
53	0	0	1	2	602	
54	0	0	1	2	602	
55	0	0	1	2	602	
56	0	0	1	2	602	
57	0	0	1	2	602	
58	0	0	1	2	602	
59	0	0	1	2	602	
60	0	0	1	2	602	
61	0	0	1	2	602	
62	0	0	1	2	602	
63	0	0	1	2	602	
64	0	0	1	2	602	
65	0	0	1	2	602	
66	0	0	1	2	602	
67	0	0	1	2	602	
68	0	0	1	2	602	
69	0	0	1	2	602	
70	0	0	1	2	602	
71	0	0	1	2	602	
72	0	0	1	2	602	
73	0	0	1	2	602	
74	0	0	1	2	602	
75	0	0	1	2	602	
76	0	0	1	2	602	
77	0	0	1	2	602	
78	0	0	1	2	602	
79	0	0	1	2	602	
80	0	0	1	2	602	
81	0	0	1	2	602	
82	0	0	1	2	602	
83	0	0	1	2	602	
84	0	0	1	2	602	
85	0	0	1	2	602	
86	0	0	1	2	602	
87	0	0	1	2	602	
88	0	0	1	2	602	
89	0	0	1	2	602	
90	0	0	1	2	602	
91	0	0	1	2	602	
92	0	0	1	2	602	
93	0	0	1	2	602	
94	0	0	1	2	602	
95	0	0	1	2	602	
96	0	0	1	2	602	
97	0	0	1	2	602	
98	0	0	1	2	602	
99	0	0	1	2	602	
