0	0.00500
1	0.00900
2	0.01600
3	0.03100
4	0.06250
5	0.11350
6	0.18350
7	0.27350
8	0.38600
9	0.49350
10	0.58300
11	0.65300
12	0.71300
13	0.74100
14	0.76450
15	0.77500
16	0.78200
17	0.78450
18	0.78700
19	0.78750
20	0.78900
21	0.78950
22	0.78950
23	0.79000
24	0.79000
25	0.79000
26	0.79050
27	0.79050
28	0.79050
29	0.79050
30	0.79050
31	0.79050
32	0.79050
33	0.79050
34	0.79050
35	0.79050
36	0.79050
37	0.79050
38	0.79050
39	0.79050
40	0.79050
41	0.79050
42	0.79050
43	0.79050
44	0.79050
45	0.79050
46	0.79050
47	0.79050
48	0.79050
49	0.79050
50	0.79050
51	0.79050
52	0.79050
53	0.79050
54	0.79050
55	0.79050
56	0.79050
57	0.79050
58	0.79050
59	0.79050
60	0.79050
61	0.79050
62	0.79050
63	0.79050
64	0.79050
65	0.79050
66	0.79050
67	0.79050
68	0.79050
69	0.79050
70	0.79050
71	0.79050
72	0.79050
73	0.79050
74	0.79050
75	0.79050
76	0.79050
77	0.79050
78	0.79050
79	0.79050
80	0.79050
81	0.79050
82	0.79050
83	0.79050
84	0.79050
85	0.79050
86	0.79050
87	0.79050
88	0.79050
89	0.79050
90	0.79050
91	0.79050
92	0.79050
93	0.79050
94	0.79050
95	0.79050
96	0.79050
97	0.79050
98	0.79050
99	0.79050
100	0.79050
101	0.79050
102	0.79050
103	0.79050
104	0.79050
105	0.79050
106	0.79050
107	0.79050
108	0.79050
109	0.79050
110	0.79050
111	0.79050
112	0.79050
113	0.79050
114	0.79050
115	0.79050
116	0.79050
117	0.79050
118	0.79050
119	0.79050
120	0.79050
121	0.79050
122	0.79050
123	0.79050
124	0.79050
125	0.79050
126	0.79050
127	0.79050
128	0.79050
129	0.79050
130	0.79050
131	0.79050
132	0.79050
133	0.79050
134	0.79050
135	0.79050
136	0.79050
137	0.79050
138	0.79050
139	0.79050
140	0.79050
141	0.79050
142	0.79050
143	0.79050
144	0.79050
145	0.79050
146	0.79050
147	0.79050
148	0.79050
149	0.79050
150	0.79050
151	0.79050
152	0.79050
153	0.79050
154	0.79050
155	0.79050
156	0.79050
157	0.79050
158	0.79050
159	0.79050
160	0.79050
161	0.79050
162	0.79050
163	0.79050
164	0.79050
165	0.79050
166	0.79050
167	0.79050
168	0.79050
169	0.79050
170	0.79050
171	0.79050
172	0.79050
173	0.79050
174	0.79050
175	0.79050
176	0.79050
177	0.79050
178	0.79050
179	0.79050
