0	0	0	0	0	0	
1	743	0	0	0	0	
2	716	0	0	0	0	
3	652	9	0	0	0	
4	90	423	9	0	0	
5	47	190	89	6	0	
6	17	112	64	6	0	
7	5	75	52	6	0	
8	2	69	48	6	0	
9	1	67	48	6	0	
10	1	67	48	6	0	
11	1	67	48	6	0	
12	1	67	48	6	0	
13	1	67	48	6	0	
14	1	67	48	6	0	
15	1	67	48	6	0	
16	1	67	48	6	0	
17	1	67	48	6	0	
18	1	67	48	6	0	
19	1	67	48	6	0	
20	1	67	48	6	0	
21	1	67	48	6	0	
22	1	67	48	6	0	
23	1	67	48	6	0	
24	1	67	48	6	0	
25	1	67	48	6	0	
26	1	67	48	6	0	
27	1	67	48	6	0	
28	1	67	48	6	0	
29	1	67	48	6	0	
30	1	67	48	6	0	
31	1	67	48	6	0	
32	1	67	48	6	0	
33	1	67	48	6	0	
34	1	67	48	6	0	
35	1	67	48	6	0	
36	1	67	48	6	0	
37	1	67	48	6	0	
38	1	67	48	6	0	
39	1	67	48	6	0	
40	1	67	48	6	0	
41	1	67	48	6	0	
42	1	67	48	6	0	
43	1	67	48	6	0	
44	1	67	48	6	0	
45	1	67	48	6	0	
46	1	67	48	6	0	
47	1	67	48	6	0	
48	1	67	48	6	0	
49	1	67	48	6	0	
50	1	67	48	6	0	
51	1	67	48	6	0	
52	1	67	48	6	0	
53	1	67	48	6	0	
54	1	67	48	6	0	
55	1	67	48	6	0	
56	1	67	48	6	0	
57	1	67	48	6	0	
58	1	67	48	6	0	
59	1	67	48	6	0	
60	1	67	48	6	0	
61	1	67	48	6	0	
62	1	67	48	6	0	
63	1	67	48	6	0	
64	1	67	48	6	0	
65	1	67	48	6	0	
66	1	67	48	6	0	
67	1	67	48	6	0	
68	1	67	48	6	0	
69	1	67	48	6	0	
70	1	67	48	6	0	
71	1	67	48	6	0	
72	1	67	48	6	0	
73	1	67	48	6	0	
74	1	67	48	6	0	
75	1	67	48	6	0	
76	1	67	48	6	0	
77	1	67	48	6	0	
78	1	67	48	6	0	
79	1	67	48	6	0	
80	1	67	48	6	0	
81	1	67	48	6	0	
82	1	67	48	6	0	
83	1	67	48	6	0	
84	1	67	48	6	0	
85	1	67	48	6	0	
86	1	67	48	6	0	
87	1	67	48	6	0	
88	1	67	48	6	0	
89	1	67	48	6	0	
90	1	67	48	6	0	
91	1	67	48	6	0	
92	1	67	48	6	0	
93	1	67	48	6	0	
94	1	67	48	6	0	
95	1	67	48	6	0	
96	1	67	48	6	0	
97	1	67	48	6	0	
98	1	67	48	6	0	
99	1	67	48	6	0	
100	1	67	48	6	0	
101	1	67	48	6	0	
102	1	67	48	6	0	
103	1	67	48	6	0	
104	1	67	48	6	0	
105	1	67	48	6	0	
106	1	67	48	6	0	
107	1	67	48	6	0	
108	1	67	48	6	0	
109	1	67	48	6	0	
110	1	67	48	6	0	
111	1	67	48	6	0	
112	1	67	48	6	0	
113	1	67	48	6	0	
114	1	67	48	6	0	
115	1	67	48	6	0	
116	1	67	48	6	0	
117	1	67	48	6	0	
118	1	67	48	6	0	
119	1	67	48	6	0	
120	1	67	48	6	0	
121	1	67	48	6	0	
122	1	67	48	6	0	
123	1	67	48	6	0	
124	1	67	48	6	0	
125	1	67	48	6	0	
126	1	67	48	6	0	
127	1	67	48	6	0	
128	1	67	48	6	0	
129	1	67	48	6	0	
130	1	67	48	6	0	
131	1	67	48	6	0	
132	1	67	48	6	0	
133	1	67	48	6	0	
134	1	67	48	6	0	
135	1	67	48	6	0	
136	1	67	48	6	0	
137	1	67	48	6	0	
138	1	67	48	6	0	
139	1	67	48	6	0	
140	1	67	48	6	0	
141	1	67	48	6	0	
142	1	67	48	6	0	
143	1	67	48	6	0	
144	1	67	48	6	0	
145	1	67	48	6	0	
146	1	67	48	6	0	
147	1	67	48	6	0	
148	1	67	48	6	0	
149	1	67	48	6	0	
