0	0.00000
1	0.00000
2	0.00000
3	0.25000
4	0.56250
5	0.86364
6	1.03333
7	1.02632
8	1.14894
9	1.07273
10	0.80000
11	0.57143
12	0.48000
13	0.40351
14	0.29688
15	0.29787
16	0.28105
17	0.28485
18	0.28652
19	0.25131
20	0.27317
21	0.25455
22	0.27004
23	0.27953
24	0.24908
25	0.23024
26	0.22581
27	0.20061
28	0.18966
29	0.18207
30	0.19280
31	0.18826
32	0.17249
33	0.16444
34	0.16773
35	0.15619
36	0.15891
37	0.15213
38	0.14439
39	0.14041
40	0.14003
41	0.12361
42	0.11485
43	0.09941
44	0.08514
45	0.08146
46	0.06722
47	0.06577
48	0.06316
49	0.05821
50	0.05344
51	0.05013
52	0.04450
53	0.04629
54	0.04327
55	0.04508
56	0.03991
57	0.03596
58	0.03904
59	0.03519
60	0.03034
61	0.02564
62	0.02212
63	0.02198
64	0.01856
65	0.01627
66	0.01620
67	0.01290
68	0.01285
69	0.01174
70	0.01064
71	0.01166
72	0.00951
73	0.01054
74	0.00946
75	0.00629
76	0.00628
77	0.00418
78	0.00313
79	0.00313
80	0.00312
81	0.00416
82	0.00519
83	0.00415
84	0.00622
85	0.00621
86	0.00413
87	0.00516
88	0.00515
89	0.00412
90	0.00308
91	0.00205
92	0.00205
93	0.00205
94	0.00205
95	0.00102
96	0.00102
97	0.00102
98	0.00102
99	0.00102
