0	0	0	0	0	0	
1	4245	0	0	0	0	
2	4236	0	0	0	0	
3	4225	0	0	0	0	
4	0	4205	0	0	0	
5	0	0	4193	0	0	
6	0	0	0	4178	0	
7	0	0	0	0	4172	
8	0	0	0	0	4169	
9	0	0	0	0	4168	
10	0	0	0	0	4166	
11	0	0	0	0	4164	
12	0	0	0	0	4163	
13	0	0	0	0	4159	
14	0	0	0	0	4157	
15	0	0	0	0	4153	
16	0	0	0	0	4152	
17	0	0	0	0	4150	
18	0	0	0	0	4144	
19	0	0	0	0	4140	
20	0	0	0	0	4136	
21	0	0	0	0	4130	
22	0	0	0	0	4126	
23	0	0	0	0	4124	
24	0	0	0	0	4118	
25	0	0	0	0	4117	
26	0	0	0	0	4115	
27	0	0	0	0	4112	
28	0	0	0	0	4107	
29	0	0	0	0	4103	
30	0	0	0	0	4100	
31	0	0	0	0	4100	
32	0	0	0	0	4097	
33	0	0	0	0	4093	
34	0	0	0	0	4089	
35	0	0	0	0	4086	
36	0	0	0	0	4082	
37	0	0	0	0	4078	
38	0	0	0	0	4074	
39	0	0	0	0	4069	
40	0	0	0	0	4067	
41	0	0	0	0	4064	
42	0	0	0	0	4062	
43	0	0	0	0	4055	
44	0	0	0	0	4054	
45	0	0	0	0	4047	
46	0	0	0	0	4046	
47	0	0	0	0	4045	
48	0	0	0	0	4044	
49	0	0	0	0	4038	
50	0	0	0	0	4036	
51	0	0	0	0	4035	
52	0	0	0	0	4033	
53	0	0	0	0	4033	
54	0	0	0	0	4033	
55	0	0	0	0	4032	
56	0	0	0	0	4032	
57	0	0	0	0	4030	
58	0	0	0	0	4028	
59	0	0	0	0	4028	
60	0	0	0	0	4027	
61	0	0	0	0	4026	
62	0	0	0	0	4026	
63	0	0	0	0	4026	
64	0	0	0	0	4026	
65	0	0	0	0	4026	
66	0	0	0	0	4026	
67	0	0	0	0	4026	
68	0	0	0	0	4026	
69	0	0	0	0	4026	
70	0	0	0	0	4026	
71	0	0	0	0	4025	
72	0	0	0	0	4024	
73	0	0	0	0	4024	
74	0	0	0	0	4024	
75	0	0	0	0	4024	
76	0	0	0	0	4024	
77	0	0	0	0	4024	
78	0	0	0	0	4024	
79	0	0	0	0	4023	
80	0	0	0	0	4023	
81	0	0	0	0	4023	
82	0	0	0	0	4023	
83	0	0	0	0	4023	
84	0	0	0	0	4023	
85	0	0	0	0	4023	
86	0	0	0	0	4023	
87	0	0	0	0	4022	
88	0	0	0	0	4022	
89	0	0	0	0	4022	
90	0	0	0	0	4022	
91	0	0	0	0	4021	
92	0	0	0	0	4021	
93	0	0	0	0	4021	
94	0	0	0	0	4021	
95	0	0	0	0	4021	
96	0	0	0	0	4021	
97	0	0	0	0	4021	
98	0	0	0	0	4021	
99	0	0	0	0	4021	
