0	0.00500
1	0.01450
2	0.03900
3	0.10800
4	0.25600
5	0.47750
6	0.65850
7	0.74300
8	0.77400
9	0.78500
10	0.78650
11	0.78700
12	0.78700
13	0.78750
14	0.78750
15	0.78800
16	0.78800
17	0.78800
18	0.78800
19	0.78800
20	0.78800
21	0.78800
22	0.78800
23	0.78800
24	0.78800
25	0.78800
26	0.78800
27	0.78800
28	0.78800
29	0.78800
30	0.78800
31	0.78800
32	0.78800
33	0.78800
34	0.78800
35	0.78800
36	0.78800
37	0.78800
38	0.78800
39	0.78800
40	0.78800
41	0.78800
42	0.78800
43	0.78800
44	0.78800
45	0.78800
46	0.78800
47	0.78800
48	0.78800
49	0.78800
50	0.78800
51	0.78800
52	0.78800
53	0.78800
54	0.78800
55	0.78800
56	0.78800
57	0.78800
58	0.78800
59	0.78800
60	0.78800
61	0.78800
62	0.78800
63	0.78800
64	0.78800
65	0.78800
66	0.78800
67	0.78800
68	0.78800
69	0.78800
70	0.78800
71	0.78800
72	0.78800
73	0.78800
74	0.78800
75	0.78800
76	0.78800
77	0.78800
78	0.78800
79	0.78800
80	0.78800
81	0.78800
82	0.78800
83	0.78800
84	0.78800
85	0.78800
86	0.78800
87	0.78800
88	0.78800
89	0.78800
90	0.78800
91	0.78800
92	0.78800
93	0.78800
94	0.78800
95	0.78800
96	0.78800
97	0.78800
98	0.78800
99	0.78800
100	0.78800
101	0.78800
102	0.78800
103	0.78800
104	0.78800
105	0.78800
106	0.78800
107	0.78800
108	0.78800
109	0.78800
110	0.78800
111	0.78800
112	0.78800
113	0.78800
114	0.78800
115	0.78800
116	0.78800
117	0.78800
118	0.78800
119	0.78800
120	0.78800
121	0.78800
122	0.78800
123	0.78800
124	0.78800
125	0.78800
126	0.78800
127	0.78800
128	0.78800
129	0.78800
130	0.78800
131	0.78800
132	0.78800
133	0.78800
134	0.78800
135	0.78800
136	0.78800
137	0.78800
138	0.78800
139	0.78800
140	0.78800
141	0.78800
142	0.78800
143	0.78800
144	0.78800
145	0.78800
146	0.78800
147	0.78800
148	0.78800
149	0.78800
