0	0.00500
1	0.00600
2	0.00700
3	0.00950
4	0.01150
5	0.01300
6	0.01650
7	0.02000
8	0.02550
9	0.02850
10	0.03300
11	0.03850
12	0.04400
13	0.05350
14	0.05900
15	0.06300
16	0.07450
17	0.08250
18	0.09100
19	0.10650
20	0.11550
21	0.13200
22	0.14950
23	0.16900
24	0.18850
25	0.20850
26	0.22900
27	0.24700
28	0.27200
29	0.29100
30	0.31750
31	0.34650
32	0.37500
33	0.40350
34	0.42800
35	0.45400
36	0.48150
37	0.50550
38	0.52700
39	0.55250
40	0.57300
41	0.59000
42	0.61000
43	0.62400
44	0.64050
45	0.65400
46	0.66400
47	0.67900
48	0.68950
49	0.69900
50	0.70900
51	0.71500
52	0.72250
53	0.72650
54	0.73200
55	0.73500
56	0.73850
57	0.74150
58	0.74500
59	0.74650
60	0.74800
61	0.75100
62	0.75200
63	0.75400
64	0.75500
65	0.75550
66	0.75650
67	0.75800
68	0.75800
69	0.75800
70	0.75800
71	0.75800
72	0.75900
73	0.75950
74	0.76000
75	0.76000
76	0.76000
77	0.76000
78	0.76000
79	0.76000
80	0.76000
81	0.76000
82	0.76000
83	0.76000
84	0.76000
85	0.76000
86	0.76000
87	0.76000
88	0.76000
89	0.76000
90	0.76000
91	0.76000
92	0.76000
93	0.76000
94	0.76000
95	0.76000
96	0.76000
97	0.76000
98	0.76000
99	0.76000
