0	0	0	0	0	0	
1	499	0	0	0	0	
2	498	0	0	0	0	
3	498	0	0	0	0	
4	498	0	0	0	0	
5	0	497	0	0	0	
6	0	0	497	0	0	
7	0	0	0	497	0	
8	0	0	0	0	497	
9	0	0	0	0	497	
10	0	0	0	0	497	
11	0	0	0	0	496	
12	0	0	0	0	496	
13	0	0	0	0	496	
14	0	0	0	0	496	
15	0	0	0	0	496	
16	0	0	0	0	496	
17	0	0	0	0	494	
18	0	0	0	0	493	
19	0	0	0	0	493	
20	0	0	0	0	493	
21	0	0	0	0	493	
22	0	0	0	0	492	
23	0	0	0	0	492	
24	0	0	0	0	491	
25	0	0	0	0	490	
26	0	0	0	0	490	
27	0	0	0	0	490	
28	0	0	0	0	490	
29	0	0	0	0	489	
30	0	0	0	0	489	
31	0	0	0	0	489	
32	0	0	0	0	487	
33	0	0	0	0	487	
34	0	0	0	0	487	
35	0	0	0	0	485	
36	0	0	0	0	484	
37	0	0	0	0	484	
38	0	0	0	0	484	
39	0	0	0	0	483	
40	0	0	0	0	482	
41	0	0	0	0	482	
42	0	0	0	0	482	
43	0	0	0	0	482	
44	0	0	0	0	482	
45	0	0	0	0	482	
46	0	0	0	0	481	
47	0	0	0	0	481	
48	0	0	0	0	480	
49	0	0	0	0	480	
50	0	0	0	0	480	
51	0	0	0	0	480	
52	0	0	0	0	480	
53	0	0	0	0	480	
54	0	0	0	0	480	
55	0	0	0	0	480	
56	0	0	0	0	480	
57	0	0	0	0	479	
58	0	0	0	0	479	
59	0	0	0	0	479	
60	0	0	0	0	479	
61	0	0	0	0	479	
62	0	0	0	0	479	
63	0	0	0	0	479	
64	0	0	0	0	479	
65	0	0	0	0	479	
66	0	0	0	0	479	
67	0	0	0	0	479	
68	0	0	0	0	479	
69	0	0	0	0	479	
70	0	0	0	0	479	
71	0	0	0	0	479	
72	0	0	0	0	479	
73	0	0	0	0	479	
74	0	0	0	0	479	
75	0	0	0	0	479	
76	0	0	0	0	479	
77	0	0	0	0	479	
78	0	0	0	0	479	
79	0	0	0	0	479	
80	0	0	0	0	479	
81	0	0	0	0	479	
82	0	0	0	0	479	
83	0	0	0	0	479	
84	0	0	0	0	479	
85	0	0	0	0	479	
86	0	0	0	0	479	
87	0	0	0	0	479	
88	0	0	0	0	479	
89	0	0	0	0	479	
90	0	0	0	0	479	
91	0	0	0	0	479	
92	0	0	0	0	479	
93	0	0	0	0	479	
94	0	0	0	0	479	
95	0	0	0	0	479	
96	0	0	0	0	479	
97	0	0	0	0	479	
98	0	0	0	0	479	
99	0	0	0	0	479	
