0	0.00500
1	0.01150
2	0.03250
3	0.09900
4	0.24350
5	0.45600
6	0.64550
7	0.73500
8	0.77050
9	0.77750
10	0.77950
11	0.77950
12	0.77950
13	0.77950
14	0.77950
15	0.77950
16	0.77950
17	0.77950
18	0.77950
19	0.77950
20	0.77950
21	0.77950
22	0.77950
23	0.77950
24	0.77950
25	0.77950
26	0.77950
27	0.77950
28	0.77950
29	0.77950
30	0.77950
31	0.77950
32	0.77950
33	0.77950
34	0.77950
35	0.77950
36	0.77950
37	0.77950
38	0.77950
39	0.77950
40	0.77950
41	0.77950
42	0.77950
43	0.77950
44	0.77950
45	0.77950
46	0.77950
47	0.77950
48	0.77950
49	0.77950
50	0.77950
51	0.77950
52	0.77950
53	0.77950
54	0.77950
55	0.77950
56	0.77950
57	0.77950
58	0.77950
59	0.77950
60	0.77950
61	0.77950
62	0.77950
63	0.77950
64	0.77950
65	0.77950
66	0.77950
67	0.77950
68	0.77950
69	0.77950
70	0.77950
71	0.77950
72	0.77950
73	0.77950
74	0.77950
75	0.77950
76	0.77950
77	0.77950
78	0.77950
79	0.77950
80	0.77950
81	0.77950
82	0.77950
83	0.77950
84	0.77950
85	0.77950
86	0.77950
87	0.77950
88	0.77950
89	0.77950
90	0.77950
91	0.77950
92	0.77950
93	0.77950
94	0.77950
95	0.77950
96	0.77950
97	0.77950
98	0.77950
99	0.77950
100	0.77950
101	0.77950
102	0.77950
103	0.77950
104	0.77950
105	0.77950
106	0.77950
107	0.77950
108	0.77950
109	0.77950
110	0.77950
111	0.77950
112	0.77950
113	0.77950
114	0.77950
115	0.77950
116	0.77950
117	0.77950
118	0.77950
119	0.77950
120	0.77950
121	0.77950
122	0.77950
123	0.77950
124	0.77950
125	0.77950
126	0.77950
127	0.77950
128	0.77950
129	0.77950
130	0.77950
131	0.77950
132	0.77950
133	0.77950
134	0.77950
135	0.77950
136	0.77950
137	0.77950
138	0.77950
139	0.77950
140	0.77950
141	0.77950
142	0.77950
143	0.77950
144	0.77950
145	0.77950
146	0.77950
147	0.77950
148	0.77950
149	0.77950
