0	0.00500
1	0.01600
2	0.04450
3	0.11900
4	0.29600
5	0.54700
6	0.73850
7	0.80900
8	0.82700
9	0.83050
10	0.83050
11	0.83050
12	0.83050
13	0.83050
14	0.83050
15	0.83050
16	0.83050
17	0.83050
18	0.83050
19	0.83050
20	0.83050
21	0.83050
22	0.83050
23	0.83050
24	0.83050
25	0.83050
26	0.83050
27	0.83050
28	0.83050
29	0.83050
30	0.83050
31	0.83050
32	0.83050
33	0.83050
34	0.83050
35	0.83050
36	0.83050
37	0.83050
38	0.83050
39	0.83050
40	0.83050
41	0.83050
42	0.83050
43	0.83050
44	0.83050
45	0.83050
46	0.83050
47	0.83050
48	0.83050
49	0.83050
50	0.83050
51	0.83050
52	0.83050
53	0.83050
54	0.83050
55	0.83050
56	0.83050
57	0.83050
58	0.83050
59	0.83050
60	0.83050
61	0.83050
62	0.83050
63	0.83050
64	0.83050
65	0.83050
66	0.83050
67	0.83050
68	0.83050
69	0.83050
70	0.83050
71	0.83050
72	0.83050
73	0.83050
74	0.83050
75	0.83050
76	0.83050
77	0.83050
78	0.83050
79	0.83050
80	0.83050
81	0.83050
82	0.83050
83	0.83050
84	0.83050
85	0.83050
86	0.83050
87	0.83050
88	0.83050
89	0.83050
90	0.83050
91	0.83050
92	0.83050
93	0.83050
94	0.83050
95	0.83050
96	0.83050
97	0.83050
98	0.83050
99	0.83050
100	0.83050
101	0.83050
102	0.83050
103	0.83050
104	0.83050
105	0.83050
106	0.83050
107	0.83050
108	0.83050
109	0.83050
110	0.83050
111	0.83050
112	0.83050
113	0.83050
114	0.83050
115	0.83050
116	0.83050
117	0.83050
118	0.83050
119	0.83050
120	0.83050
121	0.83050
122	0.83050
123	0.83050
124	0.83050
125	0.83050
126	0.83050
127	0.83050
128	0.83050
129	0.83050
130	0.83050
131	0.83050
132	0.83050
133	0.83050
134	0.83050
135	0.83050
136	0.83050
137	0.83050
138	0.83050
139	0.83050
140	0.83050
141	0.83050
142	0.83050
143	0.83050
144	0.83050
145	0.83050
146	0.83050
147	0.83050
148	0.83050
149	0.83050
