0	0.00000
1	0.00000
2	0.00050
3	0.00000
4	0.00050
5	0.00100
6	0.00150
7	0.00050
8	0.00150
9	0.00050
10	0.00100
11	0.00100
12	0.00150
13	0.00000
14	0.00050
15	0.00100
16	0.00200
17	0.00100
18	0.00100
19	0.00250
20	0.00100
21	0.00200
22	0.00100
23	0.00350
24	0.00300
25	0.00250
26	0.00250
27	0.00450
28	0.00350
29	0.00750
30	0.00500
31	0.00400
32	0.00450
33	0.00650
34	0.00750
35	0.00500
36	0.00450
37	0.00600
38	0.01350
39	0.01000
40	0.01200
41	0.01100
42	0.01400
43	0.01700
44	0.01350
45	0.01800
46	0.01050
47	0.01300
48	0.01750
49	0.01800
50	0.01700
51	0.01500
52	0.01450
53	0.02000
54	0.01250
55	0.01250
56	0.01150
57	0.01800
58	0.01600
59	0.01950
60	0.01500
61	0.02200
62	0.01100
63	0.00950
64	0.01550
65	0.01950
66	0.01450
67	0.01900
68	0.01550
69	0.01350
70	0.01600
71	0.01000
72	0.01300
73	0.01450
74	0.01650
75	0.01150
76	0.01450
77	0.01400
78	0.01300
79	0.01100
80	0.00650
81	0.01450
82	0.00650
83	0.01100
84	0.01450
85	0.00950
86	0.01200
87	0.00600
88	0.00950
89	0.01000
90	0.00600
91	0.00800
92	0.00950
93	0.00600
94	0.00600
95	0.00650
96	0.00550
97	0.00450
98	0.00300
99	0.00650
100	0.00350
101	0.00650
102	0.00500
103	0.00450
104	0.00450
105	0.00650
106	0.00650
107	0.00250
108	0.00300
109	0.00250
110	0.00550
111	0.00450
112	0.00350
113	0.00300
114	0.00350
115	0.00500
116	0.00300
117	0.00050
118	0.00200
119	0.00150
120	0.00200
121	0.00050
122	0.00200
123	0.00100
124	0.00300
125	0.00350
126	0.00150
127	0.00200
128	0.00050
129	0.00200
130	0.00050
131	0.00150
132	0.00150
133	0.00050
134	0.00100
135	0.00100
136	0.00150
137	0.00100
138	0.00050
139	0.00100
140	0.00000
141	0.00050
142	0.00100
143	0.00100
144	0.00050
145	0.00100
146	0.00050
147	0.00050
148	0.00000
149	0.00100
