0	0.00000
1	0.00000
2	0.00000
3	0.56086
4	0.67919
5	0.89750
6	0.98805
7	1.20535
8	1.47233
9	1.53734
10	1.60473
11	1.71760
12	1.83297
13	1.91616
14	1.83290
15	1.74098
16	1.64285
17	1.52597
18	1.36787
19	1.28283
20	1.22170
21	1.12651
22	1.05397
23	0.96613
24	0.89184
25	0.83249
26	0.77410
27	0.73037
28	0.68469
29	0.64299
30	0.60679
31	0.57672
32	0.54917
33	0.52353
34	0.49829
35	0.47745
36	0.46088
37	0.44081
38	0.42231
39	0.40748
40	0.39307
41	0.38099
42	0.36783
43	0.35811
44	0.34428
45	0.33553
46	0.32534
47	0.31649
48	0.30854
49	0.29919
50	0.29068
51	0.28484
52	0.27807
53	0.27001
54	0.26417
55	0.25909
56	0.25204
57	0.24724
58	0.24304
59	0.23649
60	0.23145
61	0.22772
62	0.22363
63	0.21901
64	0.21394
65	0.21185
66	0.20767
67	0.20223
68	0.19976
69	0.19705
70	0.19380
71	0.19033
72	0.18560
73	0.18377
74	0.18174
75	0.17853
76	0.17505
77	0.17210
78	0.17014
79	0.16742
80	0.16562
81	0.16357
82	0.16065
83	0.15829
84	0.15614
85	0.15497
86	0.15244
87	0.15079
88	0.14858
89	0.14748
90	0.14528
91	0.14228
92	0.14109
93	0.13983
94	0.13802
95	0.13713
96	0.13563
97	0.13441
98	0.13252
99	0.13031
100	0.12847
101	0.12685
102	0.12508
103	0.12484
104	0.12392
105	0.12348
106	0.12263
107	0.12047
108	0.11941
109	0.11829
110	0.11594
111	0.11461
112	0.11341
113	0.11216
114	0.11146
115	0.11082
116	0.11067
117	0.10887
118	0.10833
119	0.10778
120	0.10744
121	0.10642
122	0.10551
123	0.10411
124	0.10248
125	0.10055
126	0.10008
127	0.09965
128	0.09913
129	0.09824
130	0.09730
131	0.09665
132	0.09584
133	0.09535
134	0.09524
135	0.09512
136	0.09392
137	0.09367
138	0.09306
139	0.09213
140	0.09138
141	0.09060
142	0.08957
143	0.08792
144	0.08715
145	0.08595
146	0.08595
147	0.08537
148	0.08489
149	0.08451
150	0.08404
151	0.08389
152	0.08379
153	0.08273
154	0.08265
155	0.08224
156	0.08160
157	0.08136
158	0.08087
159	0.08064
160	0.07991
161	0.07948
162	0.07875
163	0.07782
164	0.07771
165	0.07672
166	0.07604
167	0.07589
168	0.07527
169	0.07527
170	0.07518
171	0.07419
172	0.07374
173	0.07316
174	0.07207
175	0.07207
176	0.07168
177	0.07155
178	0.07083
179	0.07083
180	0.07056
181	0.07035
182	0.07030
183	0.06960
184	0.06914
185	0.06865
186	0.06810
187	0.06782
188	0.06768
189	0.06751
190	0.06699
191	0.06688
192	0.06681
193	0.06659
194	0.06608
195	0.06567
196	0.06544
197	0.06474
198	0.06432
199	0.06393
