0	0.01000
1	0.01500
2	0.02500
3	0.03900
4	0.05500
5	0.08500
6	0.12800
7	0.17400
8	0.23000
9	0.30100
10	0.39300
11	0.49200
12	0.57400
13	0.64200
14	0.70300
15	0.76300
16	0.79700
17	0.83700
18	0.87400
19	0.88800
20	0.90100
21	0.90700
22	0.91300
23	0.91900
24	0.92000
25	0.92600
26	0.92700
27	0.92900
28	0.93000
29	0.93100
30	0.93100
31	0.93300
32	0.93300
33	0.93300
34	0.93300
35	0.93300
36	0.93400
37	0.93400
38	0.93500
39	0.93600
40	0.93600
41	0.93600
42	0.93600
43	0.93600
44	0.93600
45	0.93600
46	0.93600
47	0.93600
48	0.93600
49	0.93600
50	0.93600
51	0.93600
52	0.93600
53	0.93700
54	0.93700
55	0.93700
56	0.93700
57	0.93700
58	0.93700
59	0.93700
60	0.93700
61	0.93700
62	0.93700
63	0.93700
64	0.93700
65	0.93700
66	0.93700
67	0.93700
68	0.93700
69	0.93700
70	0.93700
71	0.93700
72	0.93700
73	0.93700
74	0.93700
75	0.93700
76	0.93700
77	0.93700
78	0.93700
79	0.93700
80	0.93700
81	0.93700
82	0.93700
83	0.93800
84	0.93800
85	0.93900
86	0.93900
87	0.93900
88	0.93900
89	0.93900
90	0.93900
91	0.93900
92	0.93900
93	0.93900
94	0.93900
95	0.93900
96	0.93900
97	0.93900
98	0.93900
99	0.93900
100	0.93900
101	0.93900
102	0.93900
103	0.93900
104	0.93900
105	0.93900
106	0.93900
107	0.93900
108	0.93900
109	0.93900
110	0.93900
111	0.93900
112	0.93900
113	0.93900
114	0.93900
115	0.93900
116	0.93900
117	0.93900
118	0.93900
119	0.93900
120	0.93900
121	0.93900
122	0.93900
123	0.93900
124	0.93900
125	0.93900
126	0.93900
127	0.93900
128	0.93900
129	0.93900
130	0.93900
131	0.93900
132	0.93900
133	0.93900
134	0.93900
135	0.93900
136	0.93900
137	0.93900
138	0.93900
139	0.93900
140	0.93900
141	0.93900
142	0.93900
143	0.93900
144	0.93900
145	0.93900
146	0.93900
147	0.93900
148	0.93900
149	0.93900
150	0.93900
151	0.93900
152	0.93900
153	0.93900
154	0.93900
155	0.93900
156	0.93900
157	0.93900
158	0.94000
159	0.94000
160	0.94000
161	0.94000
162	0.94000
163	0.94000
164	0.94000
165	0.94000
166	0.94000
167	0.94000
168	0.94000
169	0.94100
170	0.94100
171	0.94100
172	0.94100
173	0.94100
174	0.94100
175	0.94100
176	0.94100
177	0.94100
178	0.94100
179	0.94100
180	0.94100
181	0.94100
182	0.94100
183	0.94100
184	0.94100
185	0.94100
186	0.94100
187	0.94100
188	0.94100
189	0.94100
190	0.94100
191	0.94100
192	0.94100
193	0.94100
194	0.94100
195	0.94200
196	0.94200
197	0.94200
198	0.94200
199	0.94200
