0	0.00000
1	0.00000
2	0.00000
3	0.25154
4	0.50079
5	0.82047
6	0.97370
7	1.24548
8	1.52392
9	1.57550
10	1.63462
11	1.74563
12	1.84575
13	1.92794
14	1.84419
15	1.71088
16	1.60598
17	1.49192
18	1.33833
19	1.24543
20	1.20966
21	1.09806
22	1.02298
23	0.95278
24	0.88876
25	0.84693
26	0.78524
27	0.74701
28	0.70950
29	0.64365
30	0.61506
31	0.58200
32	0.55703
33	0.53640
34	0.49315
35	0.47289
36	0.45629
37	0.43894
38	0.42392
39	0.41236
40	0.39964
41	0.38894
42	0.37700
43	0.36901
44	0.35765
45	0.35000
46	0.34127
47	0.33264
48	0.31860
49	0.31137
50	0.30251
51	0.29770
52	0.29219
53	0.28556
54	0.28051
55	0.27598
56	0.27027
57	0.26583
58	0.26140
59	0.25626
60	0.25180
61	0.24835
62	0.24506
63	0.24077
64	0.23677
65	0.23506
66	0.23098
67	0.22623
68	0.22468
69	0.22224
70	0.21936
71	0.21611
72	0.21220
73	0.21027
74	0.20893
75	0.20566
76	0.20286
77	0.20036
78	0.19808
79	0.19565
80	0.19423
81	0.19286
82	0.19043
83	0.18594
84	0.18400
85	0.16953
86	0.16734
87	0.16553
88	0.16361
89	0.16271
90	0.16077
91	0.15831
92	0.15743
93	0.15603
94	0.15347
95	0.15248
96	0.15134
97	0.14969
98	0.14807
99	0.14633
100	0.14478
101	0.14325
102	0.14197
103	0.14174
104	0.14068
105	0.14034
106	0.13941
107	0.13776
108	0.13678
109	0.13572
110	0.13335
111	0.13198
112	0.13087
113	0.12977
114	0.12877
115	0.12825
116	0.12809
117	0.12689
118	0.12626
119	0.12575
120	0.12543
121	0.12477
122	0.12400
123	0.12264
124	0.12109
125	0.11968
126	0.11910
127	0.11876
128	0.11806
129	0.11737
130	0.11665
131	0.11603
132	0.11526
133	0.11470
134	0.11450
135	0.11435
136	0.11336
137	0.11304
138	0.11239
139	0.11157
140	0.11103
141	0.11037
142	0.10937
143	0.10853
144	0.10765
145	0.10699
146	0.10699
147	0.10626
148	0.10589
149	0.10550
150	0.10507
151	0.10492
152	0.10476
153	0.10358
154	0.10334
155	0.10282
156	0.10224
157	0.10210
158	0.10319
159	0.10294
160	0.10256
161	0.10219
162	0.10149
163	0.10074
164	0.10059
165	0.09969
166	0.09910
167	0.09895
168	0.09842
169	0.09162
170	0.09149
171	0.09066
172	0.09028
173	0.08969
174	0.08910
175	0.08910
176	0.08875
177	0.08857
178	0.08781
179	0.08781
180	0.08757
181	0.08742
182	0.08723
183	0.08683
184	0.08646
185	0.08594
186	0.08537
187	0.08525
188	0.08510
189	0.08478
190	0.08430
191	0.08408
192	0.08383
193	0.08360
194	0.08314
195	0.07536
196	0.07522
197	0.07445
198	0.07410
199	0.07368
