0	0.02000
1	0.02000
2	0.02000
3	0.02000
4	0.02000
5	0.02000
6	0.02000
7	0.02000
8	0.02000
9	0.02000
10	0.02000
11	0.02000
12	0.02000
13	0.02500
14	0.02500
15	0.02500
16	0.02500
17	0.02500
18	0.02500
19	0.02500
20	0.02500
21	0.02500
22	0.03000
23	0.03000
24	0.03000
25	0.03000
26	0.03000
27	0.03000
28	0.03000
29	0.03000
30	0.03000
31	0.03000
32	0.03500
33	0.03500
34	0.04000
35	0.04000
36	0.04000
37	0.04000
38	0.04000
39	0.04000
40	0.04000
41	0.04000
42	0.04000
43	0.04000
44	0.04000
45	0.04000
46	0.04000
47	0.04000
48	0.04000
49	0.04500
50	0.04500
51	0.04500
52	0.04500
53	0.04500
54	0.04500
55	0.04500
56	0.04500
57	0.04500
58	0.04500
59	0.04500
60	0.04500
61	0.04500
62	0.04500
63	0.04500
64	0.04500
65	0.04500
66	0.04500
67	0.04500
68	0.04500
69	0.04500
70	0.04500
71	0.04500
72	0.04500
73	0.04500
74	0.04500
75	0.04500
76	0.04500
77	0.04500
78	0.04500
79	0.04500
80	0.04500
81	0.04500
82	0.04500
83	0.04500
84	0.04500
85	0.04500
86	0.04500
87	0.05000
88	0.05000
89	0.05000
90	0.05000
91	0.05000
92	0.05000
93	0.05000
94	0.05000
95	0.05000
96	0.05500
97	0.05500
98	0.05500
99	0.05500
100	0.05500
101	0.06000
102	0.06000
103	0.06000
104	0.06500
105	0.06500
106	0.06500
107	0.06500
108	0.07000
109	0.07000
110	0.07500
111	0.08000
112	0.08500
113	0.08500
114	0.08500
115	0.08500
116	0.08500
117	0.08500
118	0.08500
119	0.09000
120	0.09000
121	0.10000
122	0.10500
123	0.10500
124	0.10500
125	0.10500
126	0.11000
127	0.11000
128	0.11000
129	0.11500
130	0.11500
131	0.11500
132	0.12000
133	0.12000
134	0.12000
135	0.12000
136	0.13000
137	0.13500
138	0.15000
139	0.15000
140	0.15500
141	0.16000
142	0.16500
143	0.17000
144	0.17500
145	0.17500
146	0.18000
147	0.18000
148	0.18000
149	0.18000
