0	0.00000
1	0.00150
2	0.00150
3	0.00250
4	0.00200
5	0.00400
6	0.00550
7	0.00500
8	0.00400
9	0.01100
10	0.00850
11	0.00950
12	0.01200
13	0.01100
14	0.02150
15	0.02550
16	0.01850
17	0.02850
18	0.02400
19	0.04750
20	0.03850
21	0.03950
22	0.04150
23	0.05450
24	0.04900
25	0.05550
26	0.04250
27	0.04850
28	0.04550
29	0.03850
30	0.04650
31	0.03800
32	0.02550
33	0.02350
34	0.01650
35	0.01950
36	0.01950
37	0.01950
38	0.01150
39	0.00900
40	0.00700
41	0.00600
42	0.00550
43	0.00350
44	0.00350
45	0.00150
46	0.00150
47	0.00200
48	0.00050
49	0.00200
50	0.00000
51	0.00050
52	0.00100
53	0.00050
54	0.00000
55	0.00100
56	0.00100
57	0.00050
58	0.00050
59	0.00050
60	0.00000
61	0.00000
62	0.00050
63	0.00000
64	0.00000
65	0.00000
66	0.00000
67	0.00000
68	0.00000
69	0.00000
70	0.00000
71	0.00000
72	0.00000
73	0.00000
74	0.00000
75	0.00000
76	0.00000
77	0.00050
78	0.00000
79	0.00000
80	0.00000
81	0.00000
82	0.00000
83	0.00000
84	0.00000
85	0.00000
86	0.00000
87	0.00000
88	0.00000
89	0.00000
90	0.00000
91	0.00000
92	0.00000
93	0.00000
94	0.00000
95	0.00000
96	0.00000
97	0.00000
98	0.00000
99	0.00000
100	0.00000
101	0.00000
102	0.00000
103	0.00000
104	0.00000
105	0.00000
106	0.00000
107	0.00000
108	0.00000
109	0.00000
110	0.00000
111	0.00000
112	0.00000
113	0.00000
114	0.00000
115	0.00000
116	0.00000
117	0.00000
118	0.00000
119	0.00000
120	0.00000
121	0.00000
122	0.00000
123	0.00000
124	0.00000
125	0.00000
126	0.00000
127	0.00000
128	0.00000
129	0.00000
130	0.00000
131	0.00000
132	0.00000
133	0.00000
134	0.00000
135	0.00000
136	0.00000
137	0.00000
138	0.00000
139	0.00000
140	0.00000
141	0.00000
142	0.00000
143	0.00000
144	0.00000
145	0.00000
146	0.00000
147	0.00000
148	0.00000
149	0.00000
150	0.00000
151	0.00000
152	0.00000
153	0.00000
154	0.00000
155	0.00000
156	0.00000
157	0.00000
158	0.00000
159	0.00000
160	0.00000
161	0.00000
162	0.00000
163	0.00000
164	0.00000
165	0.00000
166	0.00000
167	0.00000
168	0.00000
169	0.00000
170	0.00000
171	0.00000
172	0.00000
173	0.00000
174	0.00000
175	0.00000
176	0.00000
177	0.00000
178	0.00000
179	0.00000
180	0.00000
181	0.00000
182	0.00000
183	0.00000
184	0.00000
185	0.00000
186	0.00000
187	0.00000
188	0.00000
189	0.00000
190	0.00000
191	0.00000
192	0.00000
193	0.00000
194	0.00000
195	0.00000
196	0.00000
197	0.00000
198	0.00000
199	0.00000
