0	0.00000
1	0.00000
2	0.00000
3	0.25333
4	0.33332
5	0.37011
6	0.55508
7	0.71420
8	1.09855
9	0.87594
10	251.24381
11	0.87212
12	0.83057
13	0.64033
14	0.95147
15	0.73517
16	0.91147
17	0.78484
18	0.65358
19	0.63768
20	0.51934
21	0.73598
22	0.63639
23	0.61920
24	0.59045
25	0.56056
26	0.44640
27	0.48841
28	0.46180
29	0.34651
30	-0.28403
31	0.27669
32	0.16971
33	0.19952
34	0.11601
35	0.14655
36	0.07009
37	0.06521
38	0.04575
39	0.07648
40	-0.30145
41	0.03966
42	0.02687
43	0.04661
44	0.03284
45	0.00986
46	-0.00794
47	0.01945
48	-0.00028
49	-0.01370
50	-0.27656
51	-0.01212
52	-0.01479
53	0.00675
54	-0.01688
55	0.00108
56	0.01138
57	0.04537
58	0.01008
59	0.01324
60	-0.27307
61	-0.00362
62	0.02423
63	-0.01549
64	0.00109
65	-0.01531
66	0.01412
67	0.00760
68	0.01189
69	0.00923
70	-0.24099
71	0.02423
72	-0.00144
73	-0.02975
74	-0.01239
75	0.00805
76	0.01651
77	0.00463
78	-0.00834
79	0.00966
80	-0.28857
81	-0.00094
82	-0.01406
83	0.01091
84	0.00156
85	-0.00455
86	0.01388
87	-0.00546
88	0.00590
89	-0.02875
90	-0.26890
91	0.00984
92	-0.00846
93	-0.00479
94	-0.01251
95	-0.00067
96	-0.01545
97	0.00198
98	0.00092
99	0.00474
100	-0.27883
101	0.01165
102	-0.02862
103	-0.02877
104	-0.00799
105	0.01572
106	-0.00135
107	0.02960
108	0.00317
109	-0.02250
110	-0.25512
111	0.00939
112	0.01450
113	-0.01764
114	0.00389
115	-0.01954
116	-0.01928
117	0.00580
118	0.02883
119	-0.06670
120	-0.28809
121	-0.00308
122	-0.02968
123	-0.02153
124	-0.01494
125	0.00605
126	0.04157
127	-0.00555
128	0.04651
129	-0.00093
130	-0.28281
131	-0.00563
132	0.00570
133	-0.01216
134	0.01902
135	-0.00676
136	0.00569
137	0.01352
138	-0.01649
139	-0.00128
140	-0.27607
141	-0.01089
142	0.02492
143	0.01996
144	-0.00037
145	-0.00495
146	-0.03070
147	-0.02561
148	-0.01549
149	-0.01077
150	-0.27484
151	0.02798
152	0.03008
153	0.03278
154	0.02672
155	-0.02403
156	0.00254
157	0.00063
158	-0.00867
159	-0.01101
160	-0.28078
161	0.02015
162	0.00162
163	-0.01872
164	-0.01727
165	0.02538
166	-0.01319
167	0.01835
168	-0.00747
169	0.00723
170	-0.31115
171	-0.06274
172	-0.00244
173	0.03011
174	0.01161
175	-0.00298
176	0.00492
177	-0.01305
178	0.02167
179	0.00949
180	-0.27249
181	0.01973
182	0.01531
183	-0.00926
184	0.00412
185	-0.01531
186	-0.00270
187	-0.00062
188	0.00275
189	0.01988
190	-0.28567
191	-0.01550
192	-0.00391
193	-0.00187
194	-0.01644
195	-0.00713
196	-0.00212
197	-0.02489
198	0.02355
199	0.00778
