0	0.00000
1	0.00000
2	0.00000
3	0.15015
4	0.21153
5	0.36750
6	0.43322
7	0.67832
8	0.86059
9	0.91216
10	581.08655
11	1.01127
12	0.90446
13	0.82847
14	0.83176
15	0.75551
16	0.80668
17	0.83975
18	0.74762
19	0.70032
20	8.16468
21	0.68555
22	0.64574
23	0.62375
24	0.57234
25	0.58363
26	0.52846
27	0.47421
28	0.40336
29	0.37492
30	0.40503
31	0.26710
32	0.24948
33	0.23082
34	0.12991
35	0.18766
36	0.07894
37	0.09378
38	0.10790
39	0.15306
40	0.19891
41	0.08949
42	0.04440
43	0.04157
44	0.02963
45	0.07456
46	-0.00515
47	0.02234
48	-0.01522
49	-0.02911
50	-0.04775
51	-0.05454
52	-0.02452
53	0.01387
54	-0.02000
55	0.01366
56	0.01946
57	0.06752
58	0.01957
59	0.13333
60	-0.01744
61	-0.02282
62	0.03391
63	-0.04302
64	-0.01588
65	-0.04110
66	0.01100
67	0.00944
68	0.13939
69	0.06147
70	0.15833
71	0.07536
72	-0.02122
73	-0.06733
74	-0.01924
75	0.02735
76	0.05075
77	-0.00066
78	-0.03080
79	-0.00398
80	-0.00391
81	-0.01758
82	-0.04631
83	0.04100
84	-0.01154
85	-0.02963
86	0.01260
87	0.06550
88	0.03386
89	-0.06487
90	0.00218
91	-0.00492
92	0.02232
93	-0.00313
94	-0.03693
95	-0.02592
96	-0.04507
97	0.00017
98	-0.01675
99	-0.00866
100	0.00780
101	-0.00219
102	-0.06554
103	-0.06851
104	-0.03726
105	0.01079
106	0.04610
107	0.07628
108	0.05509
109	-0.05279
110	0.02666
111	0.00496
112	0.00140
113	-0.00735
114	-0.00763
115	-0.02467
116	-0.05518
117	-0.00663
118	0.03983
119	-0.09327
120	-0.01076
121	-0.01873
122	-0.03112
123	-0.05155
124	-0.00990
125	0.01635
126	0.04803
127	-0.02698
128	0.06594
129	-0.02066
130	0.11035
131	0.03306
132	0.02376
133	-0.03316
134	0.06250
135	-0.02717
136	-0.01462
137	0.03029
138	-0.00886
139	-0.00323
140	-0.00716
141	-0.01783
142	0.04261
143	0.03543
144	-0.01325
145	-0.02807
146	-0.06843
147	-0.05947
148	-0.03608
149	-0.03324
150	0.03166
151	0.04487
152	0.04600
153	0.05825
154	0.03998
155	-0.03606
156	0.12589
157	0.05754
158	-0.03441
159	0.01434
160	0.02576
161	0.01706
162	-0.02214
163	-0.05315
164	-0.00617
165	0.03433
166	0.00534
167	0.06233
168	0.00884
169	-0.00765
170	-0.12416
171	-0.12142
172	-0.02526
173	0.02880
174	0.00556
175	-0.02909
176	0.00687
177	-0.01162
178	0.15266
179	0.00533
180	0.02834
181	0.02029
182	0.01466
183	-0.03277
184	-0.01232
185	-0.03984
186	0.01803
187	-0.02438
188	-0.01385
189	0.08451
190	-0.03468
191	-0.03740
192	0.01610
193	0.01881
194	-0.04532
195	-0.03313
196	0.01042
197	-0.05942
198	0.01379
199	0.03066
