0	0.00500
1	0.00500
2	0.00600
3	0.00600
4	0.00950
5	0.01100
6	0.01150
7	0.01200
8	0.01300
9	0.01450
10	0.01700
11	0.01750
12	0.01900
13	0.02150
14	0.02300
15	0.02450
16	0.02650
17	0.02900
18	0.03100
19	0.03550
20	0.04100
21	0.04450
22	0.04750
23	0.05050
24	0.05750
25	0.06200
26	0.06800
27	0.07150
28	0.07550
29	0.08050
30	0.08650
31	0.09400
32	0.10450
33	0.11350
34	0.12100
35	0.13150
36	0.14750
37	0.15600
38	0.17100
39	0.18100
40	0.19050
41	0.20150
42	0.21550
43	0.23050
44	0.24850
45	0.26100
46	0.27650
47	0.28950
48	0.30600
49	0.32350
50	0.34050
51	0.35350
52	0.37000
53	0.39200
54	0.41000
55	0.43150
56	0.45050
57	0.46350
58	0.48200
59	0.50350
60	0.51900
61	0.53850
62	0.55200
63	0.56350
64	0.57550
65	0.58900
66	0.60550
67	0.62250
68	0.63600
69	0.65000
70	0.65950
71	0.66950
72	0.68450
73	0.69600
74	0.70900
75	0.72150
76	0.73200
77	0.74500
78	0.75750
79	0.76650
80	0.77500
81	0.78300
82	0.79050
83	0.80100
84	0.80850
85	0.81700
86	0.82650
87	0.83400
88	0.83800
89	0.84800
90	0.85750
91	0.86350
92	0.86900
93	0.87550
94	0.88200
95	0.88800
96	0.89150
97	0.89650
98	0.89900
99	0.90500
100	0.90950
101	0.91400
102	0.91750
103	0.92200
104	0.92400
105	0.92750
106	0.92950
107	0.93200
108	0.93550
109	0.93900
110	0.94200
111	0.94600
112	0.94750
113	0.94900
114	0.95200
115	0.95250
116	0.95300
117	0.95600
118	0.95700
119	0.95750
120	0.95850
121	0.95900
122	0.96000
123	0.96150
124	0.96250
125	0.96450
126	0.96750
127	0.96950
128	0.97000
129	0.97050
130	0.97200
131	0.97300
132	0.97350
133	0.97500
134	0.97550
135	0.97550
136	0.97700
137	0.97800
138	0.97800
139	0.97950
140	0.97950
141	0.98000
142	0.98150
143	0.98350
144	0.98400
145	0.98450
146	0.98450
147	0.98500
148	0.98550
149	0.98600
150	0.98600
151	0.98600
152	0.98600
153	0.98700
154	0.98700
155	0.98750
156	0.98800
157	0.98800
158	0.98850
159	0.98850
160	0.98900
161	0.98950
162	0.98950
163	0.98950
164	0.98950
165	0.99000
166	0.99000
167	0.99050
168	0.99050
169	0.99200
170	0.99250
171	0.99300
172	0.99300
173	0.99350
174	0.99350
175	0.99350
176	0.99450
177	0.99500
178	0.99500
179	0.99600
