0	0.00000
1	0.00000
2	0.00000
3	0.00000
4	0.07189
5	0.06481
6	0.21941
7	0.23948
8	0.23575
9	0.21664
10	0.24992
11	0.20608
12	0.23250
13	0.16498
14	0.15442
15	0.21277
16	0.21485
17	0.21997
18	0.27349
19	0.31881
20	0.35173
21	0.40553
22	0.52400
23	0.54009
24	0.52986
25	0.47434
26	0.49793
27	0.49282
28	0.52552
29	0.47989
30	0.42845
31	0.44374
32	0.45441
33	0.46274
34	0.45707
35	0.43182
36	0.44065
37	0.46121
38	0.53773
39	0.47721
40	0.47899
41	0.41279
42	0.37183
43	0.33837
44	0.31785
45	0.29534
46	0.29006
47	0.27852
48	0.28676
49	0.26655
50	0.25554
51	0.25288
52	0.22822
53	0.21602
54	0.19807
55	0.20290
56	0.19154
57	0.19832
58	0.17841
59	0.15471
60	0.14725
61	0.15083
62	0.14387
63	0.13626
64	0.12243
65	0.11124
66	0.09833
67	0.09517
68	0.09176
69	0.09462
70	0.08824
71	0.08671
72	0.07894
73	0.07394
74	0.07370
75	0.06969
76	0.06583
77	0.06703
78	0.06235
79	0.06141
80	0.06475
81	0.05774
82	0.05616
83	0.05201
84	0.04857
85	0.04905
86	0.04576
87	0.04334
88	0.04643
89	0.04417
90	0.04067
91	0.04262
92	0.04196
93	0.03673
94	0.03645
95	0.03454
96	0.03142
97	0.03533
98	0.03152
99	0.02822
100	0.02575
101	0.02685
102	0.02612
103	0.02542
104	0.02136
105	0.02073
106	0.02009
107	0.01977
108	0.01746
109	0.01684
110	0.01405
111	0.01377
112	0.01344
113	0.01419
114	0.01330
115	0.01151
116	0.01128
117	0.01080
118	0.00903
119	0.00819
120	0.00770
121	0.00740
122	0.00678
123	0.00452
124	0.00502
125	0.00556
126	0.00549
127	0.00750
128	0.00763
129	0.00833
130	0.00747
131	0.00611
132	0.00598
133	0.00643
134	0.00275
135	0.00429
136	0.00516
137	0.00476
138	0.00634
139	0.00576
140	0.00497
141	0.00596
142	0.00343
143	0.00216
144	0.00353
145	0.00326
146	0.00341
147	0.00352
148	0.00245
149	0.00254
150	0.00254
151	0.00105
152	0.00016
153	0.00000
154	0.00000
155	0.00143
156	0.00149
157	0.00167
158	0.00175
159	0.00175
160	0.00183
161	0.00191
162	0.00021
163	0.00376
164	0.00355
165	0.00372
166	0.00372
167	0.00392
168	0.00392
169	0.00250
170	0.00000
171	0.00000
172	0.00093
173	0.00365
174	0.00365
175	0.00365
176	0.00118
177	0.00130
178	0.00544
179	0.00518
