0	0	0	0	0	0	
1	501	0	0	0	0	
2	501	0	0	0	0	
3	501	0	0	0	0	
4	496	0	0	0	0	
5	496	0	0	0	0	
6	496	0	0	0	0	
7	496	0	0	0	0	
8	496	0	0	0	0	
9	496	0	0	0	0	
10	494	0	0	0	0	
11	494	0	0	0	0	
12	494	0	0	0	0	
13	493	0	0	0	0	
14	492	0	0	0	0	
15	491	0	0	0	0	
16	489	0	0	0	0	
17	488	0	0	0	0	
18	486	0	0	0	0	
19	484	0	0	0	0	
20	482	0	0	0	0	
21	479	0	0	0	0	
22	478	0	0	0	0	
23	475	0	0	0	0	
24	472	1	0	0	0	
25	472	0	1	0	0	
26	471	0	0	1	0	
27	470	0	0	0	1	
28	465	1	0	0	1	
29	462	1	0	0	1	
30	460	1	0	0	1	
31	457	1	0	0	1	
32	450	1	0	0	1	
33	444	1	0	0	1	
34	442	1	0	0	1	
35	434	1	0	0	1	
36	428	0	0	0	1	
37	421	0	0	0	1	
38	415	0	0	0	1	
39	413	0	0	0	1	
40	410	0	0	0	1	
41	404	0	0	0	1	
42	399	0	0	0	1	
43	392	0	0	0	1	
44	381	0	0	0	1	
45	377	0	0	0	1	
46	370	0	0	0	1	
47	362	0	0	0	1	
48	355	0	0	0	1	
49	345	0	0	0	1	
50	337	0	0	0	1	
51	330	0	0	0	1	
52	320	0	0	0	1	
53	309	0	0	0	1	
54	302	0	0	0	1	
55	290	0	0	0	1	
56	284	0	0	0	1	
57	279	0	0	0	1	
58	274	0	0	0	1	
59	259	0	0	0	1	
60	252	0	0	0	1	
61	241	0	0	0	1	
62	233	0	0	0	1	
63	228	0	0	0	1	
64	217	0	0	0	1	
65	208	0	0	0	1	
66	202	0	0	0	1	
67	193	0	0	0	1	
68	185	0	0	0	1	
69	182	0	0	0	1	
70	176	0	0	0	1	
71	170	0	0	0	1	
72	161	0	0	0	1	
73	155	0	0	0	1	
74	147	0	0	0	1	
75	141	0	0	0	1	
76	136	0	0	0	1	
77	133	0	0	0	1	
78	126	0	0	0	1	
79	123	0	0	0	1	
80	115	0	0	0	1	
81	109	0	0	0	1	
82	106	0	0	0	1	
83	102	0	0	0	1	
84	100	0	0	0	1	
85	96	0	0	0	1	
86	93	0	0	0	1	
87	92	0	0	0	1	
88	90	0	0	0	1	
89	82	0	0	0	1	
90	76	0	0	0	1	
91	74	0	0	0	1	
92	70	0	0	0	1	
93	64	0	0	0	1	
94	61	0	0	0	1	
95	59	0	0	0	1	
96	58	0	0	0	1	
97	56	0	0	0	1	
98	56	0	0	0	1	
99	51	0	0	0	1	
100	48	0	0	0	1	
101	44	0	0	0	1	
102	43	0	0	0	1	
103	41	0	0	0	1	
104	39	0	0	0	1	
105	38	0	0	0	1	
106	37	0	0	0	1	
107	36	0	0	0	1	
108	34	0	0	0	1	
109	34	0	0	0	1	
110	32	0	0	0	1	
111	29	0	0	0	1	
112	27	0	0	0	1	
113	27	0	0	0	1	
114	25	0	0	0	1	
115	25	0	0	0	1	
116	25	0	0	0	1	
117	23	0	0	0	1	
118	23	0	0	0	1	
119	23	0	0	0	1	
120	23	0	0	0	1	
121	23	0	0	0	1	
122	23	0	0	0	1	
123	23	0	0	0	1	
124	22	0	0	0	1	
125	20	0	0	0	1	
126	18	0	0	0	1	
127	17	0	0	0	1	
128	17	0	0	0	1	
129	17	0	0	0	1	
130	16	0	0	0	1	
131	16	0	0	0	1	
132	15	0	0	0	1	
133	14	0	0	0	1	
134	14	0	0	0	1	
135	14	0	0	0	1	
136	14	0	0	0	1	
137	14	0	0	0	1	
138	14	0	0	0	1	
139	12	0	0	0	1	
140	12	0	0	0	1	
141	12	0	0	0	1	
142	11	0	0	0	1	
143	10	0	0	0	1	
144	9	0	0	0	1	
145	9	0	0	0	1	
146	9	0	0	0	1	
147	8	0	0	0	1	
148	7	0	0	0	1	
149	7	0	0	0	1	
150	7	0	0	0	1	
151	7	0	0	0	1	
152	7	0	0	0	1	
153	7	0	0	0	1	
154	7	0	0	0	1	
155	7	0	0	0	1	
156	7	0	0	0	1	
157	7	0	0	0	1	
158	7	0	0	0	1	
159	7	0	0	0	1	
160	6	0	0	0	1	
161	5	0	0	0	1	
162	5	0	0	0	1	
163	5	0	0	0	1	
164	5	0	0	0	1	
165	5	0	0	0	1	
166	5	0	0	0	1	
167	4	0	0	0	1	
168	4	0	0	0	1	
169	3	0	0	0	1	
170	3	0	0	0	1	
171	3	0	0	0	1	
172	3	0	0	0	1	
173	3	0	0	0	1	
174	3	0	0	0	1	
175	3	0	0	0	1	
176	3	0	0	0	1	
177	3	0	0	0	1	
178	3	0	0	0	1	
179	3	0	0	0	1	
