0	0.00500
1	0.01250
2	0.03250
3	0.09250
4	0.23650
5	0.44850
6	0.64200
7	0.73250
8	0.76200
9	0.77350
10	0.77500
11	0.77550
12	0.77550
13	0.77550
14	0.77550
15	0.77550
16	0.77550
17	0.77550
18	0.77550
19	0.77550
20	0.77550
21	0.77550
22	0.77550
23	0.77550
24	0.77550
25	0.77550
26	0.77550
27	0.77550
28	0.77550
29	0.77550
30	0.77550
31	0.77550
32	0.77550
33	0.77550
34	0.77550
35	0.77550
36	0.77550
37	0.77550
38	0.77550
39	0.77550
40	0.77550
41	0.77550
42	0.77550
43	0.77550
44	0.77550
45	0.77550
46	0.77550
47	0.77550
48	0.77550
49	0.77550
50	0.77550
51	0.77550
52	0.77550
53	0.77550
54	0.77550
55	0.77550
56	0.77550
57	0.77550
58	0.77550
59	0.77550
60	0.77550
61	0.77550
62	0.77550
63	0.77550
64	0.77550
65	0.77550
66	0.77550
67	0.77550
68	0.77550
69	0.77550
70	0.77550
71	0.77550
72	0.77550
73	0.77550
74	0.77550
75	0.77550
76	0.77550
77	0.77550
78	0.77550
79	0.77550
80	0.77550
81	0.77550
82	0.77550
83	0.77550
84	0.77550
85	0.77550
86	0.77550
87	0.77550
88	0.77550
89	0.77550
90	0.77550
91	0.77550
92	0.77550
93	0.77550
94	0.77550
95	0.77550
96	0.77550
97	0.77550
98	0.77550
99	0.77550
100	0.77550
101	0.77550
102	0.77550
103	0.77550
104	0.77550
105	0.77550
106	0.77550
107	0.77550
108	0.77550
109	0.77550
110	0.77550
111	0.77550
112	0.77550
113	0.77550
114	0.77550
115	0.77550
116	0.77550
117	0.77550
118	0.77550
119	0.77550
120	0.77550
121	0.77550
122	0.77550
123	0.77550
124	0.77550
125	0.77550
126	0.77550
127	0.77550
128	0.77550
129	0.77550
130	0.77550
131	0.77550
132	0.77550
133	0.77550
134	0.77550
135	0.77550
136	0.77550
137	0.77550
138	0.77550
139	0.77550
140	0.77550
141	0.77550
142	0.77550
143	0.77550
144	0.77550
145	0.77550
146	0.77550
147	0.77550
148	0.77550
149	0.77550
