0	0.00500
1	0.01350
2	0.03550
3	0.09400
4	0.22100
5	0.37100
6	0.45350
7	0.49550
8	0.51300
9	0.52050
10	0.52600
11	0.52850
12	0.53050
13	0.53100
14	0.53100
15	0.53100
16	0.53100
17	0.53100
18	0.53100
19	0.53100
20	0.53100
21	0.53100
22	0.53100
23	0.53100
24	0.53100
25	0.53100
26	0.53100
27	0.53100
28	0.53100
29	0.53100
30	0.53100
31	0.53100
32	0.53100
33	0.53100
34	0.53100
35	0.53100
36	0.53100
37	0.53100
38	0.53100
39	0.53100
40	0.53100
41	0.53100
42	0.53100
43	0.53100
44	0.53100
45	0.53100
46	0.53100
47	0.53100
48	0.53100
49	0.53100
50	0.53100
51	0.53100
52	0.53100
53	0.53100
54	0.53100
55	0.53100
56	0.53100
57	0.53100
58	0.53100
59	0.53100
60	0.53100
61	0.53100
62	0.53100
63	0.53100
64	0.53100
65	0.53100
66	0.53100
67	0.53100
68	0.53100
69	0.53100
70	0.53100
71	0.53100
72	0.53100
73	0.53100
74	0.53100
75	0.53100
76	0.53100
77	0.53100
78	0.53100
79	0.53100
80	0.53100
81	0.53100
82	0.53100
83	0.53100
84	0.53100
85	0.53100
86	0.53100
87	0.53100
88	0.53100
89	0.53100
90	0.53100
91	0.53100
92	0.53100
93	0.53100
94	0.53100
95	0.53100
96	0.53100
97	0.53100
98	0.53100
99	0.53100
100	0.53100
101	0.53100
102	0.53100
103	0.53100
104	0.53100
105	0.53100
106	0.53100
107	0.53100
108	0.53100
109	0.53100
110	0.53100
111	0.53100
112	0.53100
113	0.53100
114	0.53100
115	0.53100
116	0.53100
117	0.53100
118	0.53100
119	0.53100
120	0.53100
121	0.53100
122	0.53100
123	0.53100
124	0.53100
125	0.53100
126	0.53100
127	0.53100
128	0.53100
129	0.53100
130	0.53100
131	0.53100
132	0.53100
133	0.53100
134	0.53100
135	0.53100
136	0.53100
137	0.53100
138	0.53100
139	0.53100
140	0.53100
141	0.53100
142	0.53100
143	0.53100
144	0.53100
145	0.53100
146	0.53100
147	0.53100
148	0.53100
149	0.53100
150	0.53100
