0	0	0	0	0	0	
1	746	0	0	0	0	
2	725	0	0	0	0	
3	29	648	0	0	0	
4	0	23	547	0	0	
5	0	0	17	447	0	
6	0	0	0	15	421	
7	0	0	0	0	433	
8	0	0	0	0	432	
9	0	0	0	0	432	
10	0	0	0	0	432	
11	0	0	0	0	432	
12	0	0	0	0	432	
13	0	0	0	0	432	
14	0	0	0	0	432	
15	0	0	0	0	432	
16	0	0	0	0	432	
17	0	0	0	0	432	
18	0	0	0	0	432	
19	0	0	0	0	432	
20	0	0	0	0	432	
21	0	0	0	0	432	
22	0	0	0	0	432	
23	0	0	0	0	432	
24	0	0	0	0	432	
25	0	0	0	0	432	
26	0	0	0	0	432	
27	0	0	0	0	432	
28	0	0	0	0	432	
29	0	0	0	0	432	
30	0	0	0	0	432	
31	0	0	0	0	432	
32	0	0	0	0	432	
33	0	0	0	0	432	
34	0	0	0	0	432	
35	0	0	0	0	432	
36	0	0	0	0	432	
37	0	0	0	0	432	
38	0	0	0	0	432	
39	0	0	0	0	432	
40	0	0	0	0	432	
41	0	0	0	0	432	
42	0	0	0	0	432	
43	0	0	0	0	432	
44	0	0	0	0	432	
45	0	0	0	0	432	
46	0	0	0	0	432	
47	0	0	0	0	432	
48	0	0	0	0	432	
49	0	0	0	0	432	
50	0	0	0	0	432	
51	0	0	0	0	432	
52	0	0	0	0	432	
53	0	0	0	0	432	
54	0	0	0	0	432	
55	0	0	0	0	432	
56	0	0	0	0	432	
57	0	0	0	0	432	
58	0	0	0	0	432	
59	0	0	0	0	432	
60	0	0	0	0	432	
61	0	0	0	0	432	
62	0	0	0	0	432	
63	0	0	0	0	432	
64	0	0	0	0	432	
65	0	0	0	0	432	
66	0	0	0	0	432	
67	0	0	0	0	432	
68	0	0	0	0	432	
69	0	0	0	0	432	
70	0	0	0	0	432	
71	0	0	0	0	432	
72	0	0	0	0	432	
73	0	0	0	0	432	
74	0	0	0	0	432	
75	0	0	0	0	432	
76	0	0	0	0	432	
77	0	0	0	0	432	
78	0	0	0	0	432	
79	0	0	0	0	432	
80	0	0	0	0	432	
81	0	0	0	0	432	
82	0	0	0	0	432	
83	0	0	0	0	432	
84	0	0	0	0	432	
85	0	0	0	0	432	
86	0	0	0	0	432	
87	0	0	0	0	432	
88	0	0	0	0	432	
89	0	0	0	0	432	
90	0	0	0	0	432	
91	0	0	0	0	432	
92	0	0	0	0	432	
93	0	0	0	0	432	
94	0	0	0	0	432	
95	0	0	0	0	432	
96	0	0	0	0	432	
97	0	0	0	0	432	
98	0	0	0	0	432	
99	0	0	0	0	432	
100	0	0	0	0	432	
101	0	0	0	0	432	
102	0	0	0	0	432	
103	0	0	0	0	432	
104	0	0	0	0	432	
105	0	0	0	0	432	
106	0	0	0	0	432	
107	0	0	0	0	432	
108	0	0	0	0	432	
109	0	0	0	0	432	
110	0	0	0	0	432	
111	0	0	0	0	432	
112	0	0	0	0	432	
113	0	0	0	0	432	
114	0	0	0	0	432	
115	0	0	0	0	432	
116	0	0	0	0	432	
117	0	0	0	0	432	
118	0	0	0	0	432	
119	0	0	0	0	432	
120	0	0	0	0	432	
121	0	0	0	0	432	
122	0	0	0	0	432	
123	0	0	0	0	432	
124	0	0	0	0	432	
125	0	0	0	0	432	
126	0	0	0	0	432	
127	0	0	0	0	432	
128	0	0	0	0	432	
129	0	0	0	0	432	
130	0	0	0	0	432	
131	0	0	0	0	432	
132	0	0	0	0	432	
133	0	0	0	0	432	
134	0	0	0	0	432	
135	0	0	0	0	432	
136	0	0	0	0	432	
137	0	0	0	0	432	
138	0	0	0	0	432	
139	0	0	0	0	432	
140	0	0	0	0	432	
141	0	0	0	0	432	
142	0	0	0	0	432	
143	0	0	0	0	432	
144	0	0	0	0	432	
145	0	0	0	0	432	
146	0	0	0	0	432	
147	0	0	0	0	432	
148	0	0	0	0	432	
149	0	0	0	0	432	
