0	0.00000
1	0.00100
2	0.00050
3	0.00150
4	0.00050
5	0.00050
6	0.00100
7	0.00150
8	0.00300
9	0.00200
10	0.00350
11	0.00350
12	0.00350
13	0.00150
14	0.00150
15	0.00400
16	0.00300
17	0.00500
18	0.00250
19	0.00500
20	0.00200
21	0.00600
22	0.00400
23	0.00850
24	0.01000
25	0.00550
26	0.00900
27	0.01100
28	0.00950
29	0.01250
30	0.01250
31	0.00800
32	0.01000
33	0.01100
34	0.01050
35	0.01050
36	0.01200
37	0.01800
38	0.01400
39	0.01300
40	0.01150
41	0.01150
42	0.01600
43	0.01200
44	0.01350
45	0.01450
46	0.00850
47	0.01200
48	0.01050
49	0.01600
50	0.00900
51	0.00900
52	0.00950
53	0.01400
54	0.00800
55	0.00800
56	0.00600
57	0.00800
58	0.00850
59	0.00450
60	0.00700
61	0.00250
62	0.00450
63	0.00550
64	0.00450
65	0.00500
66	0.00350
67	0.00350
68	0.00250
69	0.00250
70	0.00400
71	0.00350
72	0.00150
73	0.00100
74	0.00150
75	0.00250
76	0.00300
77	0.00050
78	0.00150
79	0.00000
80	0.00100
81	0.00100
82	0.00250
83	0.00000
84	0.00050
85	0.00050
86	0.00150
87	0.00050
88	0.00150
89	0.00100
90	0.00000
91	0.00050
92	0.00050
93	0.00100
94	0.00000
95	0.00050
96	0.00000
97	0.00000
98	0.00050
99	0.00050
