0	0.00000
1	0.00000
2	0.00000
3	0.09091
4	0.18182
5	0.33333
6	0.30769
7	0.28571
8	0.33333
9	0.43750
10	0.70588
11	0.73684
12	0.90476
13	1.04348
14	1.16000
15	1.11111
16	1.06897
17	1.12500
18	1.05556
19	1.10000
20	0.97778
21	0.98000
22	0.83929
23	0.85484
24	0.80882
25	0.86667
26	0.90476
27	0.85870
28	0.85294
29	0.88393
30	0.86992
31	0.88889
32	0.87919
33	0.81595
34	0.77528
35	0.74227
36	0.70142
37	0.65939
38	0.63563
39	0.64179
40	0.61938
41	0.58842
42	0.54790
43	0.51261
44	0.50131
45	0.47160
46	0.45221
47	0.43612
48	0.39666
49	0.37773
50	0.35227
51	0.34657
52	0.31952
53	0.29470
54	0.27345
55	0.26953
56	0.24815
57	0.23000
58	0.20914
59	0.19489
60	0.18431
61	0.16561
62	0.15547
63	0.13764
64	0.12396
65	0.11579
66	0.10690
67	0.09944
68	0.09131
69	0.08342
70	0.07476
71	0.06860
72	0.06575
73	0.06191
74	0.05509
75	0.04845
76	0.04401
77	0.04167
78	0.04141
79	0.03614
80	0.03293
81	0.02781
82	0.02470
83	0.02264
84	0.02353
85	0.02053
86	0.01753
87	0.01553
88	0.01647
89	0.01449
90	0.01543
91	0.01442
92	0.01248
93	0.01149
94	0.01148
95	0.01146
96	0.01050
97	0.00952
98	0.00856
99	0.00665
