0	0.00500
1	0.00600
2	0.00650
3	0.00800
4	0.00850
5	0.00900
6	0.01000
7	0.01150
8	0.01450
9	0.01650
10	0.02000
11	0.02350
12	0.02700
13	0.02850
14	0.03000
15	0.03400
16	0.03700
17	0.04200
18	0.04450
19	0.04950
20	0.05150
21	0.05750
22	0.06150
23	0.07000
24	0.08000
25	0.08550
26	0.09450
27	0.10550
28	0.11500
29	0.12750
30	0.14000
31	0.14800
32	0.15800
33	0.16900
34	0.17950
35	0.19000
36	0.20200
37	0.22000
38	0.23400
39	0.24700
40	0.25850
41	0.27000
42	0.28600
43	0.29800
44	0.31150
45	0.32600
46	0.33450
47	0.34650
48	0.35700
49	0.37300
50	0.38200
51	0.39100
52	0.40050
53	0.41450
54	0.42250
55	0.43050
56	0.43650
57	0.44450
58	0.45300
59	0.45750
60	0.46450
61	0.46700
62	0.47150
63	0.47700
64	0.48150
65	0.48650
66	0.49000
67	0.49350
68	0.49600
69	0.49850
70	0.50250
71	0.50600
72	0.50750
73	0.50850
74	0.51000
75	0.51250
76	0.51550
77	0.51600
78	0.51750
79	0.51750
80	0.51850
81	0.51950
82	0.52200
83	0.52200
84	0.52250
85	0.52300
86	0.52450
87	0.52500
88	0.52650
89	0.52750
90	0.52750
91	0.52800
92	0.52850
93	0.52950
94	0.52950
95	0.53000
96	0.53000
97	0.53000
98	0.53050
99	0.53100
