0	0.02000
1	0.02000
2	0.02000
3	0.02000
4	0.02000
5	0.02000
6	0.02000
7	0.02000
8	0.02000
9	0.02000
10	0.02000
11	0.02000
12	0.02000
13	0.02000
14	0.02000
15	0.02000
16	0.02000
17	0.02000
18	0.02000
19	0.02000
20	0.02000
21	0.02000
22	0.02000
23	0.02000
24	0.02000
25	0.02000
26	0.02000
27	0.02000
28	0.02000
29	0.02000
30	0.02000
31	0.02000
32	0.02000
33	0.02000
34	0.02000
35	0.02000
36	0.02000
37	0.02500
38	0.02500
39	0.03000
40	0.03000
41	0.03000
42	0.03000
43	0.03000
44	0.03000
45	0.03000
46	0.03500
47	0.03500
48	0.03500
49	0.03500
50	0.03500
51	0.03500
52	0.03500
53	0.03500
54	0.03500
55	0.04000
56	0.04000
57	0.04000
58	0.04500
59	0.04500
60	0.04500
61	0.04500
62	0.05000
63	0.05000
64	0.05500
65	0.05500
66	0.06000
67	0.06000
68	0.06500
69	0.06500
70	0.06500
71	0.06500
72	0.06500
73	0.06500
74	0.07000
75	0.07000
76	0.07000
77	0.07000
78	0.07000
79	0.07000
80	0.07500
81	0.07500
82	0.07500
83	0.07500
84	0.07500
85	0.07500
86	0.08000
87	0.08000
88	0.08000
89	0.08000
90	0.09000
91	0.09000
92	0.09000
93	0.09500
94	0.09500
95	0.09500
96	0.10000
97	0.10000
98	0.10000
99	0.10000
100	0.10000
101	0.10000
102	0.10500
103	0.11000
104	0.11500
105	0.11500
106	0.12000
107	0.12000
108	0.12000
109	0.12500
110	0.13000
111	0.13000
112	0.13500
113	0.14000
114	0.14000
115	0.14000
116	0.14000
117	0.15000
118	0.15000
119	0.15000
120	0.15000
121	0.15500
122	0.15500
123	0.15500
124	0.16000
125	0.16500
126	0.17000
127	0.18000
128	0.18500
129	0.19000
130	0.19500
131	0.20000
132	0.20000
133	0.20000
134	0.20000
135	0.20000
136	0.20000
137	0.20500
138	0.21000
139	0.21000
140	0.21000
141	0.21500
142	0.22000
143	0.22000
144	0.22500
145	0.23000
146	0.23500
147	0.24000
148	0.24000
149	0.24000
