0	0.00500
1	0.00500
2	0.00500
3	0.00550
4	0.00650
5	0.00650
6	0.00650
7	0.00700
8	0.00750
9	0.00900
10	0.01000
11	0.01050
12	0.01100
13	0.01200
14	0.01300
15	0.01400
16	0.01750
17	0.02150
18	0.02350
19	0.02850
20	0.03200
21	0.03650
22	0.04050
23	0.04700
24	0.05100
25	0.05650
26	0.06100
27	0.06950
28	0.08100
29	0.08700
30	0.09350
31	0.10600
32	0.11600
33	0.12300
34	0.13400
35	0.14200
36	0.14800
37	0.15900
38	0.16450
39	0.17300
40	0.18450
41	0.19700
42	0.20900
43	0.22200
44	0.23450
45	0.24750
46	0.26000
47	0.27700
48	0.29650
49	0.31050
50	0.32400
51	0.34150
52	0.35450
53	0.37100
54	0.39100
55	0.40700
56	0.42050
57	0.44000
58	0.45650
59	0.47000
60	0.48600
61	0.50000
62	0.51350
63	0.53350
64	0.55050
65	0.56600
66	0.58050
67	0.59500
68	0.61100
69	0.62550
70	0.63750
71	0.65650
72	0.67250
73	0.68600
74	0.69700
75	0.70700
76	0.72200
77	0.73500
78	0.74400
79	0.75850
80	0.76850
81	0.77700
82	0.78900
83	0.79800
84	0.80450
85	0.81050
86	0.81900
87	0.82800
88	0.83750
89	0.84700
90	0.85200
91	0.85750
92	0.86300
93	0.86750
94	0.87100
95	0.87950
96	0.88250
97	0.88750
98	0.89500
99	0.89950
100	0.90300
101	0.90750
102	0.91400
103	0.91850
104	0.92300
105	0.92350
106	0.92650
107	0.92900
108	0.93200
109	0.93500
110	0.93750
111	0.93950
112	0.94050
113	0.94200
114	0.94400
115	0.94800
116	0.94950
117	0.95050
118	0.95300
119	0.95500
120	0.95750
121	0.95850
122	0.96050
123	0.96300
124	0.96450
125	0.96750
126	0.96850
127	0.97150
128	0.97300
129	0.97350
130	0.97550
131	0.97550
132	0.97600
133	0.97650
134	0.97800
135	0.97800
136	0.97800
137	0.97800
138	0.97850
139	0.97900
140	0.97900
141	0.97900
142	0.97950
143	0.98050
144	0.98200
145	0.98350
146	0.98400
147	0.98450
148	0.98450
149	0.98550
150	0.98550
151	0.98600
152	0.98600
153	0.98600
154	0.98700
155	0.98700
156	0.98750
157	0.98950
158	0.98950
159	0.98950
160	0.99000
161	0.99000
162	0.99050
163	0.99100
164	0.99150
165	0.99200
166	0.99250
167	0.99300
168	0.99300
169	0.99300
170	0.99350
171	0.99400
172	0.99400
173	0.99400
174	0.99400
175	0.99400
176	0.99450
177	0.99450
178	0.99450
179	0.99500
