0	0	0	0	0	0	
1	500	0	0	0	0	
2	500	0	0	0	0	
3	500	0	0	0	0	
4	500	0	0	0	0	
5	500	0	0	0	0	
6	500	0	0	0	0	
7	499	0	0	0	0	
8	499	0	0	0	0	
9	498	0	0	0	0	
10	497	0	0	0	0	
11	497	0	0	0	0	
12	497	0	0	0	0	
13	496	0	0	0	0	
14	496	0	0	0	0	
15	496	0	0	0	0	
16	495	0	0	0	0	
17	494	0	0	0	0	
18	494	0	0	0	0	
19	491	1	0	0	0	
20	490	0	1	0	0	
21	489	0	0	1	0	
22	487	0	0	0	1	
23	482	0	0	0	1	
24	482	0	0	0	1	
25	475	1	0	0	1	
26	473	1	1	0	1	
27	467	1	0	1	1	
28	463	1	0	0	2	
29	459	1	0	0	2	
30	459	0	1	0	2	
31	453	1	0	1	2	
32	448	1	0	1	2	
33	443	0	1	1	2	
34	433	0	0	1	3	
35	431	0	0	0	4	
36	428	0	0	0	4	
37	421	0	0	0	4	
38	416	0	0	0	4	
39	409	0	0	0	4	
40	402	0	0	0	4	
41	399	0	0	0	4	
42	392	0	0	0	4	
43	381	0	0	0	4	
44	370	0	0	0	4	
45	365	0	0	0	4	
46	361	0	0	0	4	
47	354	0	0	0	4	
48	341	0	0	0	4	
49	334	0	0	0	4	
50	328	0	0	0	4	
51	320	0	0	0	4	
52	316	0	0	0	4	
53	310	0	0	0	4	
54	295	0	0	0	4	
55	286	0	0	0	4	
56	279	0	0	0	4	
57	268	0	0	0	4	
58	259	0	0	0	4	
59	250	0	0	0	4	
60	242	0	0	0	4	
61	234	0	0	0	4	
62	231	0	0	0	4	
63	219	0	0	0	4	
64	210	0	0	0	4	
65	207	0	0	0	4	
66	199	0	0	0	4	
67	193	0	0	0	4	
68	187	0	0	0	4	
69	180	0	0	0	4	
70	175	0	0	0	4	
71	168	0	0	0	4	
72	161	0	0	0	4	
73	157	0	0	0	4	
74	150	0	0	0	4	
75	144	0	0	0	4	
76	136	0	0	0	4	
77	132	0	0	0	4	
78	124	0	0	0	4	
79	120	0	0	0	4	
80	117	0	0	0	4	
81	112	0	0	0	4	
82	104	0	0	0	4	
83	99	0	0	0	4	
84	94	0	0	0	4	
85	93	0	0	0	4	
86	91	0	0	0	4	
87	86	0	0	0	4	
88	79	0	0	0	4	
89	74	0	0	0	4	
90	71	0	0	0	4	
91	69	0	0	0	4	
92	63	0	0	0	4	
93	62	0	0	0	4	
94	62	0	0	0	4	
95	57	0	0	0	4	
96	55	0	0	0	4	
97	54	0	0	0	4	
98	49	0	0	0	4	
99	47	0	0	0	4	
100	45	0	0	0	4	
101	44	0	0	0	4	
102	42	0	0	0	4	
103	41	0	0	0	4	
104	38	0	0	0	4	
105	38	0	0	0	4	
106	37	0	0	0	4	
107	36	0	0	0	4	
108	35	0	0	0	4	
109	33	0	0	0	4	
110	31	0	0	0	4	
111	30	0	0	0	4	
112	30	0	0	0	4	
113	28	0	0	0	4	
114	28	0	0	0	4	
115	24	0	0	0	4	
116	23	0	0	0	4	
117	23	0	0	0	4	
118	22	0	0	0	4	
119	20	0	0	0	4	
120	20	0	0	0	4	
121	18	0	0	0	4	
122	18	0	0	0	4	
123	17	0	0	0	4	
124	17	0	0	0	4	
125	17	0	0	0	4	
126	16	0	0	0	4	
127	15	0	0	0	4	
128	15	0	0	0	4	
129	14	0	0	0	4	
130	13	0	0	0	4	
131	13	0	0	0	4	
132	12	0	0	0	4	
133	11	0	0	0	4	
134	10	0	0	0	4	
135	10	0	0	0	4	
136	10	0	0	0	4	
137	10	0	0	0	4	
138	10	0	0	0	4	
139	10	0	0	0	4	
140	10	0	0	0	4	
141	10	0	0	0	4	
142	10	0	0	0	4	
143	9	0	0	0	4	
144	8	0	0	0	4	
145	7	0	0	0	4	
146	7	0	0	0	4	
147	6	0	0	0	4	
148	6	0	0	0	4	
149	5	0	0	0	4	
150	5	0	0	0	4	
151	5	0	0	0	4	
152	5	0	0	0	4	
153	5	0	0	0	4	
154	5	0	0	0	4	
155	5	0	0	0	4	
156	5	0	0	0	4	
157	4	0	0	0	4	
158	4	0	0	0	4	
159	4	0	0	0	4	
160	4	0	0	0	4	
161	4	0	0	0	4	
162	4	0	0	0	4	
163	4	0	0	0	4	
164	4	0	0	0	4	
165	4	0	0	0	4	
166	4	0	0	0	4	
167	4	0	0	0	4	
168	4	0	0	0	4	
169	4	0	0	0	4	
170	4	0	0	0	4	
171	3	0	0	0	4	
172	3	0	0	0	4	
173	3	0	0	0	4	
174	3	0	0	0	4	
175	3	0	0	0	4	
176	3	0	0	0	4	
177	3	0	0	0	4	
178	3	0	0	0	4	
179	3	0	0	0	4	
