0	0.00500
1	0.00800
2	0.01450
3	0.02050
4	0.03350
5	0.05200
6	0.08500
7	0.12250
8	0.18100
9	0.23250
10	0.28900
11	0.34800
12	0.40400
13	0.46000
14	0.50450
15	0.54850
16	0.57950
17	0.60300
18	0.61950
19	0.63600
20	0.64950
21	0.65700
22	0.66450
23	0.67100
24	0.67700
25	0.67950
26	0.68000
27	0.68200
28	0.68300
29	0.68350
30	0.68450
31	0.68500
32	0.68600
33	0.68600
34	0.68650
35	0.68700
36	0.68700
37	0.68800
38	0.68800
39	0.68900
40	0.68900
41	0.68900
42	0.68900
43	0.68900
44	0.68900
45	0.68900
46	0.68900
47	0.68900
48	0.68900
49	0.68900
50	0.68900
51	0.68900
52	0.68900
53	0.68900
54	0.68900
55	0.68900
56	0.68950
57	0.68950
58	0.68950
59	0.68950
60	0.68950
61	0.68950
62	0.68950
63	0.68950
64	0.68950
65	0.68950
66	0.68950
67	0.68950
68	0.68950
69	0.68950
70	0.68950
71	0.68950
72	0.68950
73	0.68950
74	0.68950
75	0.68950
76	0.68950
77	0.68950
78	0.68950
79	0.68950
80	0.68950
81	0.68950
82	0.68950
83	0.68950
84	0.68950
85	0.68950
86	0.68950
87	0.68950
88	0.68950
89	0.68950
90	0.68950
91	0.68950
92	0.68950
93	0.68950
94	0.68950
95	0.68950
96	0.68950
97	0.68950
98	0.68950
99	0.68950
