0	0.00000
1	0.00000
2	0.00000
3	0.04926
4	0.16892
5	0.33486
6	0.71141
7	1.08816
8	1.35424
9	1.43679
10	1.32803
11	1.21082
12	1.06119
13	0.87523
14	0.65447
15	0.47676
16	0.34961
17	0.26516
18	0.19786
19	0.14406
20	0.11307
21	0.09144
22	0.07645
23	0.06071
24	0.04930
25	0.03954
26	0.03268
27	0.02846
28	0.02443
29	0.01827
30	0.01554
31	0.01280
32	0.01214
33	0.00976
34	0.00610
35	0.00444
36	0.00499
37	0.00352
38	0.00352
39	0.00165
40	0.00060
41	0.00060
42	0.00060
43	0.00000
44	0.00000
45	0.00000
46	0.00000
47	0.00000
48	0.00000
49	0.00000
50	0.00000
51	0.00000
52	0.00000
53	0.00000
54	0.00000
55	0.00000
56	0.00000
57	0.00000
58	0.00000
59	0.00000
60	0.00000
61	0.00000
62	0.00000
63	0.00000
64	0.00000
65	0.00000
66	0.00000
67	0.00000
68	0.00000
69	0.00000
70	0.00000
71	0.00000
72	0.00000
73	0.00000
74	0.00000
75	0.00000
76	0.00000
77	0.00000
78	0.00000
79	0.00000
80	0.00000
81	0.00000
82	0.00000
83	0.00000
84	0.00000
85	0.00000
86	0.00000
87	0.00000
88	0.00000
89	0.00000
90	0.00000
91	0.00000
92	0.00000
93	0.00000
94	0.00000
95	0.00000
96	0.00000
97	0.00000
98	0.00000
99	0.00000
