0	0	0	0	0	0	
1	749	0	0	0	0	
2	746	0	0	0	0	
3	735	4	0	0	0	
4	522	194	4	0	0	
5	347	209	137	3	0	
6	99	235	198	131	3	
7	38	55	215	188	130	
8	26	17	50	206	313	
9	24	8	12	46	506	
10	21	6	4	12	546	
11	20	4	3	4	553	
12	16	3	3	3	554	
13	14	3	3	3	554	
14	11	3	3	2	554	
15	9	3	2	2	551	
16	8	3	2	2	551	
17	7	3	2	2	551	
18	6	3	2	2	550	
19	5	3	2	2	548	
20	3	3	2	2	548	
21	3	3	2	2	547	
22	3	3	2	2	547	
23	3	3	2	2	547	
24	2	3	2	2	547	
25	2	3	2	2	547	
26	2	3	2	2	546	
27	2	3	2	2	546	
28	0	3	2	2	546	
29	0	3	2	2	546	
30	0	3	2	2	545	
31	0	3	2	2	545	
32	0	3	2	2	545	
33	0	3	2	2	545	
34	0	3	2	2	545	
35	0	3	2	2	545	
36	0	3	2	2	545	
37	0	3	2	2	545	
38	0	3	2	2	545	
39	0	3	2	2	545	
40	0	3	2	2	545	
41	0	3	2	2	545	
42	0	3	2	2	545	
43	0	3	2	2	545	
44	0	3	2	2	545	
45	0	3	2	2	545	
46	0	3	2	2	545	
47	0	3	2	2	545	
48	0	3	2	2	545	
49	0	3	2	2	545	
50	0	3	2	2	545	
51	0	3	2	2	545	
52	0	3	2	2	545	
53	0	3	2	2	545	
54	0	3	2	2	545	
55	0	3	2	2	545	
56	0	3	2	2	545	
57	0	3	2	2	545	
58	0	3	2	2	545	
59	0	3	2	2	545	
60	0	3	2	2	545	
61	0	3	2	2	545	
62	0	3	2	2	545	
63	0	3	2	2	545	
64	0	3	2	2	545	
65	0	3	2	2	545	
66	0	3	2	2	545	
67	0	3	2	2	545	
68	0	3	2	2	545	
69	0	3	2	2	545	
70	0	3	2	2	545	
71	0	3	2	2	545	
72	0	3	2	2	545	
73	0	3	2	2	545	
74	0	3	2	2	545	
75	0	3	2	2	545	
76	0	3	2	2	545	
77	0	3	2	2	545	
78	0	3	2	2	545	
79	0	3	2	2	545	
80	0	3	2	2	545	
81	0	3	2	2	545	
82	0	3	2	2	545	
83	0	3	2	2	545	
84	0	3	2	2	545	
85	0	3	2	2	545	
86	0	3	2	2	545	
87	0	3	2	2	545	
88	0	3	2	2	545	
89	0	3	2	2	545	
90	0	3	2	2	545	
91	0	3	2	2	545	
92	0	3	2	2	545	
93	0	3	2	2	545	
94	0	3	2	2	545	
95	0	3	2	2	545	
96	0	3	2	2	545	
97	0	3	2	2	545	
98	0	3	2	2	545	
99	0	3	2	2	545	
