0	0.02000
1	0.02500
2	0.02500
3	0.02500
4	0.03000
5	0.03000
6	0.03000
7	0.04000
8	0.04000
9	0.04000
10	0.04000
11	0.04000
12	0.04000
13	0.04000
14	0.04000
15	0.04000
16	0.04000
17	0.04000
18	0.04000
19	0.04000
20	0.04000
21	0.04000
22	0.04000
23	0.04000
24	0.04000
25	0.04000
26	0.04000
27	0.04500
28	0.04500
29	0.04500
30	0.05000
31	0.05000
32	0.05500
33	0.06000
34	0.06000
35	0.06000
36	0.06500
37	0.07000
38	0.07000
39	0.07000
40	0.07000
41	0.07500
42	0.08000
43	0.08500
44	0.09000
45	0.09000
46	0.09000
47	0.09500
48	0.09500
49	0.10000
50	0.10500
51	0.11500
52	0.11500
53	0.12000
54	0.12000
55	0.12500
56	0.13000
57	0.13000
58	0.13000
59	0.13000
60	0.15500
61	0.16500
62	0.17500
63	0.18000
64	0.19000
65	0.19500
66	0.20500
67	0.21000
68	0.21500
69	0.23000
70	0.23500
71	0.23500
72	0.24000
73	0.25500
74	0.26000
75	0.27000
76	0.27000
77	0.27500
78	0.28000
79	0.28000
80	0.29000
81	0.29000
82	0.30500
83	0.31000
84	0.32000
85	0.33000
86	0.33500
87	0.33500
88	0.35500
89	0.35500
90	0.35500
91	0.35500
92	0.36000
93	0.36500
94	0.38000
95	0.38500
96	0.39500
97	0.40000
98	0.40500
99	0.41500
100	0.42500
101	0.43000
102	0.43500
103	0.44000
104	0.45000
105	0.45000
106	0.45000
107	0.46000
108	0.46500
109	0.46500
110	0.47000
111	0.47000
112	0.47000
113	0.48000
114	0.49000
115	0.50500
116	0.51000
117	0.51500
118	0.51500
119	0.52000
120	0.52500
121	0.53500
122	0.53500
123	0.54500
124	0.54500
125	0.54500
126	0.55000
127	0.55000
128	0.55000
129	0.55000
130	0.55000
131	0.55500
132	0.56000
133	0.57500
134	0.58000
135	0.58500
136	0.58500
137	0.59000
138	0.59000
139	0.59500
140	0.59500
141	0.60000
142	0.60500
143	0.61500
144	0.62000
145	0.62000
146	0.62000
147	0.62500
148	0.63000
149	0.63000
150	0.63500
151	0.63500
152	0.63500
153	0.63500
154	0.63500
155	0.63500
156	0.63500
157	0.63500
158	0.63500
159	0.63500
160	0.63500
161	0.63500
162	0.63500
163	0.63500
164	0.64000
165	0.65000
166	0.65000
167	0.65000
168	0.65500
169	0.65500
170	0.65500
171	0.65500
172	0.65500
173	0.66000
174	0.66000
175	0.66000
176	0.66500
177	0.66500
178	0.67000
179	0.67000
180	0.67000
181	0.67000
182	0.67000
183	0.67000
184	0.67000
185	0.67000
186	0.67000
187	0.67000
188	0.67000
189	0.67000
190	0.67000
191	0.67000
192	0.67000
193	0.67000
194	0.67000
195	0.67000
196	0.67000
197	0.68000
198	0.68000
199	0.68000
