0	0.00000
1	0.00000
2	0.00000
3	0.02821
4	0.02835
5	0.02835
6	0.05928
7	0.05990
8	0.05990
9	0.11719
10	0.08854
11	0.08854
12	0.08854
13	0.05729
14	0.05729
15	0.05729
16	0.00000
17	0.00000
18	0.00000
19	0.00000
20	0.00000
21	0.00000
22	0.00000
23	0.00000
24	0.00000
25	0.00000
26	0.00000
27	0.00000
28	0.00000
29	0.01571
30	0.01579
31	0.01579
32	0.07937
33	0.07979
34	0.09840
35	0.15691
36	0.14795
37	0.12455
38	0.14651
39	0.15636
40	0.14023
41	0.12207
42	0.07518
43	0.10474
44	0.12637
45	0.12271
46	0.11355
47	0.11418
48	0.09530
49	0.14491
50	0.12430
51	0.13277
52	0.16573
53	0.16970
54	0.15881
55	0.21305
56	0.16446
57	0.19272
58	0.18573
59	0.13688
60	0.11164
61	0.11297
62	0.34869
63	0.39756
64	0.43333
65	0.38737
66	0.41771
67	0.40316
68	0.41008
69	0.31515
70	0.28551
71	0.29924
72	0.27868
73	0.24492
74	0.23092
75	0.25338
76	0.22833
77	0.23005
78	0.17887
79	0.17793
80	0.20203
81	0.17222
82	0.17879
83	0.14240
84	0.15832
85	0.18294
86	0.17224
87	0.14853
88	0.15782
89	0.13882
90	0.19034
91	0.14602
92	0.11375
93	0.09316
94	0.08183
95	0.08156
96	0.15736
97	0.12011
98	0.15081
99	0.16905
100	0.16635
101	0.16535
102	0.18739
103	0.13994
104	0.12749
105	0.11564
106	0.11316
107	0.10538
108	0.08593
109	0.09122
110	0.09841
111	0.06970
112	0.07486
113	0.05950
114	0.04780
115	0.08558
116	0.07558
117	0.08699
118	0.10219
119	0.10655
120	0.09568
121	0.12247
122	0.11791
123	0.15785
124	0.13132
125	0.12587
126	0.10185
127	0.07974
128	0.07130
129	0.05644
130	0.03036
131	0.03070
132	0.00873
133	0.02360
134	0.03143
135	0.05480
136	0.06178
137	0.07322
138	0.06194
139	0.06146
140	0.05186
141	0.06406
142	0.03633
143	0.04268
144	0.04933
145	0.07415
146	0.07174
147	0.06680
148	0.04760
149	0.05413
150	0.05801
151	0.05019
152	0.03584
153	0.02979
154	0.02889
155	0.02889
156	0.02232
157	0.01296
158	0.01296
159	0.00000
160	0.00000
161	0.00000
162	0.00000
163	0.00000
164	0.00000
165	0.00000
166	0.01087
167	0.03003
168	0.02805
169	0.02805
170	0.03033
171	0.03033
172	0.03033
173	0.01796
174	0.00392
175	0.01773
176	0.01800
177	0.01402
178	0.03037
179	0.03037
180	0.03462
181	0.03152
182	0.02166
183	0.02166
184	0.02166
185	0.00566
186	0.00566
187	0.00000
188	0.00000
189	0.00000
190	0.00000
191	0.00000
192	0.00000
193	0.00000
194	0.00000
195	0.00000
196	0.00000
197	0.00000
198	0.00000
199	0.02905
