0	0	0	0	0	0	
1	194	0	0	0	0	
2	194	0	0	0	0	
3	130	64	0	0	0	
4	129	64	0	0	0	
5	129	64	0	0	0	
6	76	117	0	0	0	
7	74	117	0	0	0	
8	74	117	0	0	0	
9	31	160	0	0	0	
10	31	160	0	0	0	
11	31	160	0	0	0	
12	31	160	0	0	0	
13	31	160	0	0	0	
14	31	160	0	0	0	
15	31	160	0	0	0	
16	31	160	0	0	0	
17	31	160	0	0	0	
18	31	160	0	0	0	
19	31	160	0	0	0	
20	31	160	0	0	0	
21	31	160	0	0	0	
22	31	160	0	0	0	
23	31	160	0	0	0	
24	31	160	0	0	0	
25	31	160	0	0	0	
26	31	160	0	0	0	
27	30	160	0	0	0	
28	30	160	0	0	0	
29	20	170	0	0	0	
30	20	169	0	0	0	
31	20	169	0	0	0	
32	11	177	0	0	0	
33	11	176	0	0	0	
34	7	180	0	0	0	
35	3	184	0	0	0	
36	3	183	0	0	0	
37	3	182	0	0	0	
38	3	182	0	0	0	
39	2	183	0	0	0	
40	2	183	0	0	0	
41	2	182	0	0	0	
42	2	181	0	0	0	
43	1	181	0	0	0	
44	1	180	0	0	0	
45	1	180	0	0	0	
46	1	180	0	0	0	
47	1	179	0	0	0	
48	1	179	0	0	0	
49	1	178	0	0	0	
50	1	177	0	0	0	
51	1	175	0	0	0	
52	1	175	0	0	0	
53	0	175	0	0	0	
54	0	175	0	0	0	
55	0	174	0	0	0	
56	0	173	0	0	0	
57	0	173	0	0	0	
58	0	173	0	0	0	
59	0	173	0	0	0	
60	0	168	0	0	0	
61	0	166	0	0	0	
62	0	164	0	0	0	
63	0	163	0	0	0	
64	0	161	0	0	0	
65	0	160	0	0	0	
66	0	158	0	0	0	
67	0	157	0	0	0	
68	0	156	0	0	0	
69	0	153	0	0	0	
70	0	152	0	0	0	
71	0	152	0	0	0	
72	0	151	0	0	0	
73	0	148	0	0	0	
74	0	147	0	0	0	
75	0	145	0	0	0	
76	0	145	0	0	0	
77	0	144	0	0	0	
78	0	143	0	0	0	
79	0	143	0	0	0	
80	0	141	0	0	0	
81	0	141	0	0	0	
82	0	138	0	0	0	
83	0	137	0	0	0	
84	0	135	0	0	0	
85	0	133	0	0	0	
86	0	132	0	0	0	
87	0	132	0	0	0	
88	0	128	0	0	0	
89	0	128	0	0	0	
90	0	128	0	0	0	
91	0	128	0	0	0	
92	0	127	0	0	0	
93	0	126	0	0	0	
94	0	123	0	0	0	
95	0	122	0	0	0	
96	0	120	0	0	0	
97	0	119	0	0	0	
98	0	118	0	0	0	
99	0	116	0	0	0	
100	0	114	0	0	0	
101	0	113	0	0	0	
102	0	112	0	0	0	
103	0	111	0	0	0	
104	0	109	0	0	0	
105	0	109	0	0	0	
106	0	109	0	0	0	
107	0	107	0	0	0	
108	0	106	0	0	0	
109	0	106	0	0	0	
110	0	105	0	0	0	
111	0	105	0	0	0	
112	0	105	0	0	0	
113	0	103	0	0	0	
114	0	101	0	0	0	
115	0	98	0	0	0	
116	0	97	0	0	0	
117	0	96	0	0	0	
118	0	96	0	0	0	
119	0	95	0	0	0	
120	0	94	0	0	0	
121	0	92	0	0	0	
122	0	92	0	0	0	
123	0	91	0	0	0	
124	0	91	0	0	0	
125	0	91	0	0	0	
126	0	90	0	0	0	
127	0	90	0	0	0	
128	0	90	0	0	0	
129	0	90	0	0	0	
130	0	90	0	0	0	
131	0	89	0	0	0	
132	0	88	0	0	0	
133	0	85	0	0	0	
134	0	84	0	0	0	
135	0	83	0	0	0	
136	0	83	0	0	0	
137	0	82	0	0	0	
138	0	82	0	0	0	
139	0	81	0	0	0	
140	0	81	0	0	0	
141	0	80	0	0	0	
142	0	79	0	0	0	
143	0	77	0	0	0	
144	0	76	0	0	0	
145	0	76	0	0	0	
146	0	76	0	0	0	
147	0	75	0	0	0	
148	0	74	0	0	0	
149	0	74	0	0	0	
150	0	73	0	0	0	
151	0	73	0	0	0	
152	0	73	0	0	0	
153	0	73	0	0	0	
154	0	73	0	0	0	
155	0	73	0	0	0	
156	0	73	0	0	0	
157	0	73	0	0	0	
158	0	73	0	0	0	
159	0	73	0	0	0	
160	0	73	0	0	0	
161	0	73	0	0	0	
162	0	73	0	0	0	
163	0	73	0	0	0	
164	0	72	0	0	0	
165	0	70	0	0	0	
166	0	70	0	0	0	
167	0	70	0	0	0	
168	0	69	0	0	0	
169	0	69	0	0	0	
170	0	69	0	0	0	
171	0	69	0	0	0	
172	0	69	0	0	0	
173	0	68	0	0	0	
174	0	68	0	0	0	
175	0	68	0	0	0	
176	0	67	0	0	0	
177	0	67	0	0	0	
178	0	66	0	0	0	
179	0	66	0	0	0	
180	0	66	0	0	0	
181	0	66	0	0	0	
182	0	66	0	0	0	
183	0	66	0	0	0	
184	0	66	0	0	0	
185	0	66	0	0	0	
186	0	66	0	0	0	
187	0	66	0	0	0	
188	0	66	0	0	0	
189	0	66	0	0	0	
190	0	66	0	0	0	
191	0	66	0	0	0	
192	0	66	0	0	0	
193	0	66	0	0	0	
194	0	66	0	0	0	
195	0	66	0	0	0	
196	0	66	0	0	0	
197	0	64	0	0	0	
198	0	64	0	0	0	
199	0	64	0	0	0	
