0	0.00500
1	0.01500
2	0.04400
3	0.11000
4	0.26650
5	0.48850
6	0.67000
7	0.75000
8	0.77500
9	0.78500
10	0.78600
11	0.78650
12	0.78650
13	0.78650
14	0.78650
15	0.78650
16	0.78650
17	0.78650
18	0.78650
19	0.78650
20	0.78650
21	0.78650
22	0.78650
23	0.78650
24	0.78650
25	0.78650
26	0.78650
27	0.78650
28	0.78650
29	0.78650
30	0.78650
31	0.78650
32	0.78650
33	0.78650
34	0.78650
35	0.78650
36	0.78650
37	0.78650
38	0.78650
39	0.78650
40	0.78650
41	0.78650
42	0.78650
43	0.78650
44	0.78650
45	0.78650
46	0.78650
47	0.78650
48	0.78650
49	0.78650
50	0.78650
51	0.78650
52	0.78650
53	0.78650
54	0.78650
55	0.78650
56	0.78650
57	0.78650
58	0.78650
59	0.78650
60	0.78650
61	0.78650
62	0.78650
63	0.78650
64	0.78650
65	0.78650
66	0.78650
67	0.78650
68	0.78650
69	0.78650
70	0.78650
71	0.78650
72	0.78650
73	0.78650
74	0.78650
75	0.78650
76	0.78650
77	0.78650
78	0.78650
79	0.78650
80	0.78650
81	0.78650
82	0.78650
83	0.78650
84	0.78650
85	0.78650
86	0.78650
87	0.78650
88	0.78650
89	0.78650
90	0.78650
91	0.78650
92	0.78650
93	0.78650
94	0.78650
95	0.78650
96	0.78650
97	0.78650
98	0.78650
99	0.78650
