0	0.00500
1	0.00800
2	0.01550
3	0.02800
4	0.04800
5	0.07900
6	0.11800
7	0.16550
8	0.21550
9	0.26950
10	0.33300
11	0.39300
12	0.44300
13	0.49250
14	0.53300
15	0.56600
16	0.59150
17	0.61800
18	0.63300
19	0.64900
20	0.65900
21	0.66650
22	0.67200
23	0.67350
24	0.67800
25	0.68200
26	0.68600
27	0.68700
28	0.68900
29	0.69000
30	0.69100
31	0.69150
32	0.69300
33	0.69450
34	0.69550
35	0.69550
36	0.69550
37	0.69550
38	0.69550
39	0.69550
40	0.69550
41	0.69550
42	0.69550
43	0.69550
44	0.69600
45	0.69600
46	0.69600
47	0.69650
48	0.69650
49	0.69650
50	0.69650
51	0.69650
52	0.69650
53	0.69650
54	0.69650
55	0.69650
56	0.69650
57	0.69650
58	0.69650
59	0.69650
60	0.69650
61	0.69650
62	0.69650
63	0.69650
64	0.69650
65	0.69650
66	0.69650
67	0.69650
68	0.69650
69	0.69650
70	0.69650
71	0.69650
72	0.69650
73	0.69650
74	0.69650
75	0.69650
76	0.69650
77	0.69650
78	0.69650
79	0.69650
80	0.69650
81	0.69650
82	0.69650
83	0.69650
84	0.69650
85	0.69650
86	0.69650
87	0.69650
88	0.69650
89	0.69650
90	0.69650
91	0.69650
92	0.69650
93	0.69650
94	0.69650
95	0.69650
96	0.69650
97	0.69650
98	0.69650
99	0.69650
