0	0.00000
1	0.00000
2	0.00000
3	0.06363
4	0.21098
5	0.40911
6	0.70190
7	1.11592
8	1.22249
9	1.34041
10	1.29305
11	1.15333
12	1.08609
13	0.91967
14	0.73266
15	0.57299
16	0.44813
17	0.34901
18	0.27488
19	0.21615
20	0.17128
21	0.13506
22	0.10503
23	0.08157
24	0.06389
25	0.04844
26	0.03887
27	0.03198
28	0.02647
29	0.02155
30	0.01804
31	0.01448
32	0.01374
33	0.01092
34	0.00932
35	0.00728
36	0.00672
37	0.00525
38	0.00487
39	0.00413
40	0.00359
41	0.00241
42	0.00109
43	0.00000
44	0.00000
45	0.00000
46	0.00045
47	0.00045
48	0.00045
49	0.00101
50	0.00101
51	0.00101
52	0.00101
53	0.00056
54	0.00056
55	0.00056
56	0.00000
57	0.00000
58	0.00000
59	0.00000
60	0.00000
61	0.00000
62	0.00000
63	0.00000
64	0.00000
65	0.00000
66	0.00000
67	0.00000
68	0.00000
69	0.00000
70	0.00000
71	0.00000
72	0.00000
73	0.00000
74	0.00000
75	0.00000
76	0.00000
77	0.00000
78	0.00000
79	0.00000
80	0.00000
81	0.00000
82	0.00000
83	0.00000
84	0.00000
85	0.00000
86	0.00000
87	0.00000
88	0.00000
89	0.00000
90	0.00000
91	0.00000
92	0.00000
93	0.00000
94	0.00000
95	0.00000
96	0.00000
97	0.00000
98	0.00000
99	0.00000
