0	0.00000
1	0.00000
2	0.00000
3	0.05330
4	0.17480
5	0.36251
6	0.75533
7	1.00207
8	1.24853
9	1.34218
10	1.32635
11	1.23406
12	1.07170
13	0.86739
14	0.67530
15	0.51271
16	0.37430
17	0.28557
18	0.21572
19	0.16800
20	0.12885
21	0.09691
22	0.07753
23	0.06054
24	0.05323
25	0.04405
26	0.03437
27	0.02660
28	0.02456
29	0.02007
30	0.01805
31	0.01509
32	0.01076
33	0.00895
34	0.00825
35	0.00508
36	0.00405
37	0.00287
38	0.00172
39	0.00165
40	0.00165
41	0.00137
42	0.00137
43	0.00137
44	0.00091
45	0.00000
46	0.00000
47	0.00000
48	0.00000
49	0.00000
50	0.00000
51	0.00000
52	0.00000
53	0.00000
54	0.00000
55	0.00000
56	0.00000
57	0.00000
58	0.00000
59	0.00000
60	0.00000
61	0.00000
62	0.00000
63	0.00000
64	0.00000
65	0.00000
66	0.00000
67	0.00000
68	0.00000
69	0.00000
70	0.00000
71	0.00000
72	0.00000
73	0.00000
74	0.00000
75	0.00000
76	0.00000
77	0.00000
78	0.00000
79	0.00000
80	0.00000
81	0.00000
82	0.00000
83	0.00000
84	0.00000
85	0.00000
86	0.00000
87	0.00000
88	0.00000
89	0.00000
90	0.00000
91	0.00000
92	0.00000
93	0.00000
94	0.00000
95	0.00000
96	0.00000
97	0.00000
98	0.00000
99	0.00000
