0	.0
1	.07390909090909090909
2	.10645454545454545454
3	.15145454545454545454
4	.21072727272727272727
5	.28981818181818181818
6	.38972727272727272727
7	.50227272727272727272
8	.60990909090909090909
9	.71345454545454545454
10	.79790909090909090909
11	.86163636363636363636
12	.90809090909090909090
13	.94172727272727272727
14	.96327272727272727272
15	.97736363636363636363
16	.98581818181818181818
17	.99036363636363636363
18	.99490909090909090909
19	.99681818181818181818
20	.99763636363636363636
21	.99818181818181818181
22	.99890909090909090909
23	.99918181818181818181
24	.99954545454545454545
25	.99990909090909090909
26	1.00000000000000000000
