0	0.00000
1	0.00000
2	0.00000
3	0.66628
4	0.80148
5	0.83570
6	0.86599
7	1.10306
8	1.27131
9	1.45446
10	1.52021
11	1.85532
12	2.05906
13	2.21621
14	2.24397
15	2.14832
16	2.17728
17	2.11949
18	1.98197
19	1.80764
20	1.64552
21	1.52100
22	1.39643
23	1.29318
24	1.18722
25	1.10252
26	1.02681
27	0.94570
28	0.88262
29	0.82430
30	0.77630
31	0.73023
32	0.70227
33	0.66756
34	0.63332
35	0.60191
36	0.57609
37	0.54814
38	0.52738
39	0.50583
40	0.48646
41	0.46832
42	0.45224
43	0.43626
44	0.42133
45	0.40758
46	0.39409
47	0.38995
48	0.37739
49	0.36656
50	0.35681
51	0.34745
52	0.33949
53	0.32986
54	0.32248
55	0.31355
56	0.30792
57	0.29897
58	0.29248
59	0.28646
60	0.28094
61	0.27240
62	0.27367
63	0.26725
64	0.26123
65	0.25680
66	0.25252
67	0.24757
68	0.24370
69	0.23913
70	0.23316
71	0.22980
72	0.22730
73	0.22120
74	0.21886
75	0.21523
76	0.21215
77	0.20862
78	0.20671
79	0.20144
80	0.19959
81	0.19675
82	0.19309
83	0.19056
84	0.18856
85	0.18582
86	0.18345
87	0.17967
88	0.17798
89	0.17591
90	0.17481
91	0.17244
92	0.17101
93	0.16701
94	0.16378
95	0.16302
96	0.16151
97	0.16008
98	0.15831
99	0.15631
100	0.15487
101	0.15525
102	0.15249
103	0.15115
104	0.15004
105	0.14824
106	0.14712
107	0.14627
108	0.14495
109	0.14228
110	0.14122
111	0.14045
112	0.13837
113	0.13699
114	0.13498
115	0.13339
116	0.13291
117	0.13173
118	0.13032
119	0.12902
120	0.12796
121	0.12585
122	0.12539
123	0.12491
124	0.12386
125	0.12208
126	0.12072
127	0.11936
128	0.11833
129	0.11754
130	0.11646
131	0.11611
132	0.11498
133	0.11473
134	0.11409
135	0.11343
136	0.11202
137	0.11076
138	0.11016
139	0.10890
140	0.10782
141	0.10694
142	0.10606
143	0.10548
144	0.10509
145	0.10381
146	0.10301
147	0.10230
148	0.10192
149	0.10192
150	0.10124
151	0.10016
152	0.09930
153	0.09866
154	0.09849
155	0.09801
156	0.09656
157	0.09585
158	0.09580
159	0.09522
160	0.09466
161	0.09344
162	0.09249
163	0.09155
164	0.09145
165	0.09111
166	0.09055
167	0.08999
168	0.08972
169	0.08872
170	0.08810
171	0.08758
172	0.08716
173	0.08631
174	0.08622
175	0.08569
176	0.08499
177	0.08468
178	0.08468
179	0.08411
180	0.08377
181	0.08286
182	0.08266
183	0.08245
184	0.08220
185	0.08096
186	0.07999
187	0.07946
188	0.07946
189	0.07880
190	0.07865
191	0.07849
192	0.07849
193	0.07821
194	0.07784
195	0.07704
196	0.07704
197	0.07636
198	0.07624
199	0.07564
