0	0.00000
1	0.00000
2	0.00000
3	0.09432
4	0.45216
5	0.60492
6	0.74342
7	1.00972
8	1.24724
9	1.42987
10	1.49542
11	1.81571
12	2.01030
13	2.18702
14	2.19885
15	2.10283
16	2.10478
17	2.08043
18	1.93968
19	1.77075
20	1.61324
21	1.49151
22	1.35913
23	1.24447
24	1.15460
25	1.08139
26	0.99743
27	0.92273
28	0.86094
29	0.80648
30	0.77519
31	0.73367
32	0.70712
33	0.68032
34	0.63854
35	0.61120
36	0.58829
37	0.56314
38	0.52388
39	0.50547
40	0.48897
41	0.47084
42	0.45877
43	0.44211
44	0.42927
45	0.41784
46	0.40521
47	0.39605
48	0.38638
49	0.37726
50	0.36955
51	0.35479
52	0.34777
53	0.33898
54	0.33142
55	0.32460
56	0.31919
57	0.30745
58	0.30200
59	0.29686
60	0.28806
61	0.27852
62	0.27555
63	0.26921
64	0.26690
65	0.26277
66	0.25869
67	0.25398
68	0.25040
69	0.24740
70	0.24125
71	0.23766
72	0.23540
73	0.22992
74	0.22793
75	0.22448
76	0.22110
77	0.21653
78	0.21426
79	0.21078
80	0.20859
81	0.20576
82	0.20288
83	0.19974
84	0.19774
85	0.19553
86	0.19427
87	0.19082
88	0.18847
89	0.18682
90	0.18552
91	0.18379
92	0.18212
93	0.17850
94	0.17491
95	0.17444
96	0.17327
97	0.17189
98	0.17015
99	0.16864
100	0.16695
101	0.16492
102	0.16206
103	0.16082
104	0.15957
105	0.15834
106	0.15734
107	0.15630
108	0.15475
109	0.15272
110	0.15161
111	0.15080
112	0.14892
113	0.14786
114	0.14522
115	0.14415
116	0.14389
117	0.14255
118	0.14098
119	0.13907
120	0.13764
121	0.13600
122	0.13563
123	0.13510
124	0.13378
125	0.13261
126	0.13163
127	0.13035
128	0.12938
129	0.12893
130	0.12777
131	0.12732
132	0.12629
133	0.12602
134	0.12526
135	0.12441
136	0.12314
137	0.12192
138	0.12099
139	0.11994
140	0.11879
141	0.11802
142	0.11727
143	0.11684
144	0.11643
145	0.11545
146	0.11492
147	0.11436
148	0.11397
149	0.11397
150	0.11346
151	0.11217
152	0.11164
153	0.11128
154	0.11112
155	0.11028
156	0.10879
157	0.10825
158	0.10807
159	0.10717
160	0.10667
161	0.10573
162	0.10497
163	0.10389
164	0.10367
165	0.10348
166	0.10292
167	0.10256
168	0.10247
169	0.10169
170	0.10124
171	0.10088
172	0.10059
173	0.09972
174	0.09954
175	0.09891
176	0.09828
177	0.09798
178	0.09798
179	0.09690
180	0.09637
181	0.09579
182	0.09558
183	0.09521
184	0.09476
185	0.09364
186	0.09298
187	0.09240
188	0.09240
189	0.09200
190	0.09175
191	0.09166
192	0.09166
193	0.09149
194	0.09133
195	0.09051
196	0.09051
197	0.08988
198	0.08935
199	0.08861
