0	0	0	0	0	0	
1	200	0	0	0	0	
2	197	0	0	0	0	
3	12	185	0	0	0	
4	3	194	0	0	0	
5	3	190	0	0	0	
6	3	187	0	0	0	
7	3	183	0	0	0	
8	3	183	0	0	0	
9	3	174	0	0	0	
10	3	162	0	0	0	
11	3	150	0	0	0	
12	3	139	0	0	0	
13	3	132	0	0	0	
14	3	120	0	0	0	
15	3	105	0	0	0	
16	3	96	0	0	0	
17	3	91	0	0	0	
18	3	82	0	0	0	
19	3	75	0	0	0	
20	3	70	0	0	0	
21	3	66	0	0	0	
22	3	61	0	0	0	
23	3	60	0	0	0	
24	3	60	0	0	0	
25	3	60	0	0	0	
26	3	60	0	0	0	
27	3	60	0	0	0	
28	3	60	0	0	0	
29	3	60	0	0	0	
30	3	60	0	0	0	
31	3	60	0	0	0	
32	2	60	0	0	0	
33	2	60	0	0	0	
34	2	60	0	0	0	
35	2	60	0	0	0	
36	2	60	0	0	0	
37	2	60	0	0	0	
38	2	60	0	0	0	
39	2	60	0	0	0	
40	2	60	0	0	0	
41	2	60	0	0	0	
42	2	60	0	0	0	
43	2	60	0	0	0	
44	2	60	0	0	0	
45	2	60	0	0	0	
46	2	60	0	0	0	
47	1	60	0	0	0	
48	1	60	0	0	0	
49	1	60	0	0	0	
50	1	60	0	0	0	
51	1	60	0	0	0	
52	1	60	0	0	0	
53	1	60	0	0	0	
54	1	60	0	0	0	
55	1	60	0	0	0	
56	1	60	0	0	0	
57	1	60	0	0	0	
58	1	60	0	0	0	
59	1	60	0	0	0	
60	1	60	0	0	0	
61	1	60	0	0	0	
62	0	60	0	0	0	
63	0	60	0	0	0	
64	0	60	0	0	0	
65	0	60	0	0	0	
66	0	60	0	0	0	
67	0	60	0	0	0	
68	0	60	0	0	0	
69	0	60	0	0	0	
70	0	60	0	0	0	
71	0	60	0	0	0	
72	0	60	0	0	0	
73	0	60	0	0	0	
74	0	60	0	0	0	
75	0	60	0	0	0	
76	0	60	0	0	0	
77	0	60	0	0	0	
78	0	60	0	0	0	
79	0	60	0	0	0	
80	0	60	0	0	0	
81	0	60	0	0	0	
82	0	60	0	0	0	
83	0	60	0	0	0	
84	0	60	0	0	0	
85	0	60	0	0	0	
86	0	60	0	0	0	
87	0	60	0	0	0	
88	0	60	0	0	0	
89	0	60	0	0	0	
90	0	60	0	0	0	
91	0	60	0	0	0	
92	0	60	0	0	0	
93	0	60	0	0	0	
94	0	60	0	0	0	
95	0	60	0	0	0	
96	0	60	0	0	0	
97	0	60	0	0	0	
98	0	60	0	0	0	
99	0	60	0	0	0	
100	0	60	0	0	0	
101	0	59	0	0	0	
102	0	59	0	0	0	
103	0	59	0	0	0	
104	0	59	0	0	0	
105	0	59	0	0	0	
106	0	59	0	0	0	
107	0	59	0	0	0	
108	0	59	0	0	0	
109	0	59	0	0	0	
110	0	59	0	0	0	
111	0	59	0	0	0	
112	0	59	0	0	0	
113	0	59	0	0	0	
114	0	59	0	0	0	
115	0	59	0	0	0	
116	0	59	0	0	0	
117	0	59	0	0	0	
118	0	59	0	0	0	
119	0	59	0	0	0	
120	0	59	0	0	0	
121	0	59	0	0	0	
122	0	59	0	0	0	
123	0	59	0	0	0	
124	0	59	0	0	0	
125	0	59	0	0	0	
126	0	59	0	0	0	
127	0	59	0	0	0	
128	0	59	0	0	0	
129	0	59	0	0	0	
130	0	59	0	0	0	
131	0	59	0	0	0	
132	0	59	0	0	0	
133	0	59	0	0	0	
134	0	59	0	0	0	
135	0	59	0	0	0	
136	0	59	0	0	0	
137	0	59	0	0	0	
138	0	59	0	0	0	
139	0	59	0	0	0	
140	0	59	0	0	0	
141	0	59	0	0	0	
142	0	59	0	0	0	
143	0	59	0	0	0	
144	0	59	0	0	0	
145	0	59	0	0	0	
146	0	59	0	0	0	
147	0	59	0	0	0	
148	0	59	0	0	0	
149	0	59	0	0	0	
150	0	59	0	0	0	
151	0	59	0	0	0	
152	0	59	0	0	0	
153	0	59	0	0	0	
154	0	59	0	0	0	
155	0	59	0	0	0	
156	0	59	0	0	0	
157	0	59	0	0	0	
158	0	59	0	0	0	
159	0	59	0	0	0	
160	0	59	0	0	0	
161	0	59	0	0	0	
162	0	59	0	0	0	
163	0	59	0	0	0	
164	0	59	0	0	0	
165	0	59	0	0	0	
166	0	59	0	0	0	
167	0	59	0	0	0	
168	0	59	0	0	0	
169	0	59	0	0	0	
170	0	59	0	0	0	
171	0	59	0	0	0	
172	0	59	0	0	0	
173	0	59	0	0	0	
174	0	59	0	0	0	
175	0	59	0	0	0	
176	0	59	0	0	0	
177	0	59	0	0	0	
178	0	59	0	0	0	
179	0	59	0	0	0	
180	0	59	0	0	0	
181	0	59	0	0	0	
182	0	59	0	0	0	
183	0	59	0	0	0	
184	0	59	0	0	0	
185	0	59	0	0	0	
186	0	59	0	0	0	
187	0	59	0	0	0	
188	0	59	0	0	0	
189	0	59	0	0	0	
190	0	59	0	0	0	
191	0	59	0	0	0	
192	0	59	0	0	0	
193	0	59	0	0	0	
194	0	59	0	0	0	
195	0	59	0	0	0	
196	0	59	0	0	0	
197	0	59	0	0	0	
198	0	59	0	0	0	
199	0	59	0	0	0	
