0	0.00500
1	0.01800
2	0.04800
3	0.12450
4	0.30700
5	0.57800
6	0.77400
7	0.84650
8	0.87200
9	0.87500
10	0.87550
11	0.87550
12	0.87600
13	0.87600
14	0.87600
15	0.87600
16	0.87600
17	0.87600
18	0.87600
19	0.87600
20	0.87600
21	0.87600
22	0.87600
23	0.87600
24	0.87600
25	0.87600
26	0.87600
27	0.87600
28	0.87600
29	0.87600
30	0.87600
31	0.87600
32	0.87600
33	0.87600
34	0.87600
35	0.87600
36	0.87600
37	0.87600
38	0.87600
39	0.87600
40	0.87600
41	0.87600
42	0.87600
43	0.87600
44	0.87600
45	0.87600
46	0.87600
47	0.87600
48	0.87600
49	0.87600
50	0.87600
51	0.87600
52	0.87600
53	0.87600
54	0.87600
55	0.87600
56	0.87600
57	0.87600
58	0.87600
59	0.87600
60	0.87600
61	0.87600
62	0.87600
63	0.87600
64	0.87600
65	0.87600
66	0.87600
67	0.87600
68	0.87600
69	0.87600
70	0.87600
71	0.87600
72	0.87600
73	0.87600
74	0.87600
75	0.87600
76	0.87600
77	0.87600
78	0.87600
79	0.87600
80	0.87600
81	0.87600
82	0.87600
83	0.87600
84	0.87600
85	0.87600
86	0.87600
87	0.87600
88	0.87600
89	0.87600
90	0.87600
91	0.87600
92	0.87600
93	0.87600
94	0.87600
95	0.87600
96	0.87600
97	0.87600
98	0.87600
99	0.87600
100	0.87600
101	0.87600
102	0.87600
103	0.87600
104	0.87600
105	0.87600
106	0.87600
107	0.87600
108	0.87600
109	0.87600
110	0.87600
111	0.87600
112	0.87600
113	0.87600
114	0.87600
115	0.87600
116	0.87600
117	0.87600
118	0.87600
119	0.87600
120	0.87600
121	0.87600
122	0.87600
123	0.87600
124	0.87600
125	0.87600
126	0.87600
127	0.87600
128	0.87600
129	0.87600
130	0.87600
131	0.87600
132	0.87600
133	0.87600
134	0.87600
135	0.87600
136	0.87600
137	0.87600
138	0.87600
139	0.87600
140	0.87600
141	0.87600
142	0.87600
143	0.87600
144	0.87600
145	0.87600
146	0.87600
147	0.87600
148	0.87600
149	0.87600
