0	0	0	0	0	0	
1	744	0	0	0	0	
2	715	0	0	0	0	
3	464	191	0	0	0	
4	2	362	159	0	0	
5	2	27	210	121	0	
6	0	15	102	97	75	
7	0	13	81	65	105	
8	0	11	72	63	105	
9	0	9	71	63	105	
10	0	9	71	63	105	
11	0	9	71	63	105	
12	0	9	71	63	105	
13	0	9	71	63	105	
14	0	9	71	63	105	
15	0	9	71	63	105	
16	0	9	71	63	105	
17	0	9	71	63	105	
18	0	9	71	63	105	
19	0	9	71	63	105	
20	0	9	71	63	105	
21	0	9	71	63	105	
22	0	9	71	63	105	
23	0	9	71	63	105	
24	0	9	71	63	105	
25	0	9	71	63	105	
26	0	9	71	63	105	
27	0	9	71	63	105	
28	0	9	71	63	105	
29	0	9	71	63	105	
30	0	9	71	63	105	
31	0	9	71	63	105	
32	0	9	71	63	105	
33	0	9	71	63	105	
34	0	9	71	63	105	
35	0	9	71	63	105	
36	0	9	71	63	105	
37	0	9	71	63	105	
38	0	9	71	63	105	
39	0	9	71	63	105	
40	0	9	71	63	105	
41	0	9	71	63	105	
42	0	9	71	63	105	
43	0	9	71	63	105	
44	0	9	71	63	105	
45	0	9	71	63	105	
46	0	9	71	63	105	
47	0	9	71	63	105	
48	0	9	71	63	105	
49	0	9	71	63	105	
50	0	9	71	63	105	
51	0	9	71	63	105	
52	0	9	71	63	105	
53	0	9	71	63	105	
54	0	9	71	63	105	
55	0	9	71	63	105	
56	0	9	71	63	105	
57	0	9	71	63	105	
58	0	9	71	63	105	
59	0	9	71	63	105	
60	0	9	71	63	105	
61	0	9	71	63	105	
62	0	9	71	63	105	
63	0	9	71	63	105	
64	0	9	71	63	105	
65	0	9	71	63	105	
66	0	9	71	63	105	
67	0	9	71	63	105	
68	0	9	71	63	105	
69	0	9	71	63	105	
70	0	9	71	63	105	
71	0	9	71	63	105	
72	0	9	71	63	105	
73	0	9	71	63	105	
74	0	9	71	63	105	
75	0	9	71	63	105	
76	0	9	71	63	105	
77	0	9	71	63	105	
78	0	9	71	63	105	
79	0	9	71	63	105	
80	0	9	71	63	105	
81	0	9	71	63	105	
82	0	9	71	63	105	
83	0	9	71	63	105	
84	0	9	71	63	105	
85	0	9	71	63	105	
86	0	9	71	63	105	
87	0	9	71	63	105	
88	0	9	71	63	105	
89	0	9	71	63	105	
90	0	9	71	63	105	
91	0	9	71	63	105	
92	0	9	71	63	105	
93	0	9	71	63	105	
94	0	9	71	63	105	
95	0	9	71	63	105	
96	0	9	71	63	105	
97	0	9	71	63	105	
98	0	9	71	63	105	
99	0	9	71	63	105	
100	0	9	71	63	105	
101	0	9	71	63	105	
102	0	9	71	63	105	
103	0	9	71	63	105	
104	0	9	71	63	105	
105	0	9	71	63	105	
106	0	9	71	63	105	
107	0	9	71	63	105	
108	0	9	71	63	105	
109	0	9	71	63	105	
110	0	9	71	63	105	
111	0	9	71	63	105	
112	0	9	71	63	105	
113	0	9	71	63	105	
114	0	9	71	63	105	
115	0	9	71	63	105	
116	0	9	71	63	105	
117	0	9	71	63	105	
118	0	9	71	63	105	
119	0	9	71	63	105	
120	0	9	71	63	105	
121	0	9	71	63	105	
122	0	9	71	63	105	
123	0	9	71	63	105	
124	0	9	71	63	105	
125	0	9	71	63	105	
126	0	9	71	63	105	
127	0	9	71	63	105	
128	0	9	71	63	105	
129	0	9	71	63	105	
130	0	9	71	63	105	
131	0	9	71	63	105	
132	0	9	71	63	105	
133	0	9	71	63	105	
134	0	9	71	63	105	
135	0	9	71	63	105	
136	0	9	71	63	105	
137	0	9	71	63	105	
138	0	9	71	63	105	
139	0	9	71	63	105	
140	0	9	71	63	105	
141	0	9	71	63	105	
142	0	9	71	63	105	
143	0	9	71	63	105	
144	0	9	71	63	105	
145	0	9	71	63	105	
146	0	9	71	63	105	
147	0	9	71	63	105	
148	0	9	71	63	105	
149	0	9	71	63	105	
