0	0.00000
1	0.00000
2	0.00000
3	0.03324
4	0.18143
5	0.77398
6	0.93912
7	1.23910
8	1.28939
9	1.37566
10	1.28858
11	1.14973
12	1.02815
13	0.79920
14	0.58891
15	0.45945
16	0.35406
17	0.26351
18	0.19319
19	0.14136
20	0.10966
21	0.08428
22	0.06381
23	0.05412
24	0.04569
25	0.03905
26	0.03177
27	0.02823
28	0.02559
29	0.02240
30	0.01708
31	0.01587
32	0.01357
33	0.01217
34	0.00949
35	0.00679
36	0.00437
37	0.00377
38	0.00029
39	0.00048
40	0.00051
41	0.00051
42	0.00051
43	0.00051
44	0.00082
45	0.00032
46	0.00000
47	0.00000
48	0.00000
49	0.00000
50	0.00000
51	0.00000
52	0.00000
53	0.00000
54	0.00000
55	0.00000
56	0.00000
57	0.00000
58	0.00000
59	0.00000
60	0.00000
61	0.00000
62	0.00000
63	0.00000
64	0.00000
65	0.00000
66	0.00000
67	0.00000
68	0.00000
69	0.00000
70	0.00000
71	0.00000
72	0.00000
73	0.00000
74	0.00000
75	0.00000
76	0.00000
77	0.00000
78	0.00000
79	0.00000
80	0.00000
81	0.00000
82	0.00000
83	0.00000
84	0.00000
85	0.00000
86	0.00000
87	0.00000
88	0.00000
89	0.00000
90	0.00000
91	0.00000
92	0.00000
93	0.00000
94	0.00000
95	0.00000
96	0.00000
97	0.00000
98	0.00000
99	0.00000
