0	0.00500
1	0.00900
2	0.01500
3	0.03150
4	0.06000
5	0.10750
6	0.16200
7	0.22950
8	0.29600
9	0.36100
10	0.42350
11	0.48200
12	0.53250
13	0.57150
14	0.59700
15	0.62350
16	0.64200
17	0.66250
18	0.67500
19	0.68550
20	0.69250
21	0.69700
22	0.70100
23	0.70600
24	0.70700
25	0.71000
26	0.71050
27	0.71300
28	0.71400
29	0.71550
30	0.71750
31	0.71850
32	0.71850
33	0.71900
34	0.71950
35	0.72000
36	0.72150
37	0.72150
38	0.72150
39	0.72150
40	0.72150
41	0.72150
42	0.72150
43	0.72150
44	0.72150
45	0.72150
46	0.72200
47	0.72200
48	0.72200
49	0.72200
50	0.72200
51	0.72200
52	0.72200
53	0.72200
54	0.72200
55	0.72200
56	0.72200
57	0.72200
58	0.72200
59	0.72200
60	0.72200
61	0.72200
62	0.72200
63	0.72200
64	0.72200
65	0.72200
66	0.72200
67	0.72200
68	0.72200
69	0.72200
70	0.72200
71	0.72200
72	0.72200
73	0.72200
74	0.72200
75	0.72200
76	0.72200
77	0.72200
78	0.72200
79	0.72200
80	0.72200
81	0.72200
82	0.72200
83	0.72200
84	0.72200
85	0.72200
86	0.72200
87	0.72200
88	0.72200
89	0.72200
90	0.72200
91	0.72200
92	0.72200
93	0.72200
94	0.72200
95	0.72200
96	0.72200
97	0.72200
98	0.72200
99	0.72200
