0	0	0	0	0	0	
1	201	0	0	0	0	
2	201	0	0	0	0	
3	0	198	0	0	0	
4	0	193	0	0	0	
5	0	185	0	0	0	
6	0	176	0	0	0	
7	0	161	0	0	0	
8	0	141	0	0	0	
9	0	123	0	0	0	
10	0	103	0	0	0	
11	0	86	0	0	0	
12	0	79	0	0	0	
13	0	76	0	0	0	
14	0	69	0	0	0	
15	0	67	0	0	0	
16	0	67	0	0	0	
17	0	66	0	0	0	
18	0	65	0	0	0	
19	0	63	0	0	0	
20	0	63	0	0	0	
21	0	63	0	0	0	
22	0	63	0	0	0	
23	0	63	0	0	0	
24	0	63	0	0	0	
25	0	63	0	0	0	
26	0	63	0	0	0	
27	0	63	0	0	0	
28	0	63	0	0	0	
29	0	63	0	0	0	
30	0	63	0	0	0	
31	0	63	0	0	0	
32	0	63	0	0	0	
33	0	63	0	0	0	
34	0	63	0	0	0	
35	0	63	0	0	0	
36	0	63	0	0	0	
37	0	63	0	0	0	
38	0	63	0	0	0	
39	0	63	0	0	0	
40	0	63	0	0	0	
41	0	63	0	0	0	
