0	0.00500
1	0.00900
2	0.01300
3	0.02100
4	0.03450
5	0.05500
6	0.08100
7	0.12450
8	0.18250
9	0.23750
10	0.30250
11	0.35900
12	0.41800
13	0.45900
14	0.50650
15	0.53700
16	0.56950
17	0.59150
18	0.61300
19	0.62750
20	0.64050
21	0.65000
22	0.65650
23	0.66250
24	0.66800
25	0.67300
26	0.67650
27	0.67700
28	0.67900
29	0.68100
30	0.68100
31	0.68250
32	0.68250
33	0.68300
34	0.68350
35	0.68350
36	0.68350
37	0.68350
38	0.68400
39	0.68400
40	0.68400
41	0.68400
42	0.68400
43	0.68400
44	0.68400
45	0.68400
46	0.68400
47	0.68450
48	0.68450
49	0.68450
50	0.68450
51	0.68450
52	0.68450
53	0.68450
54	0.68450
55	0.68450
56	0.68450
57	0.68450
58	0.68500
59	0.68500
60	0.68500
61	0.68500
62	0.68500
63	0.68500
64	0.68500
65	0.68500
66	0.68500
67	0.68500
68	0.68500
69	0.68500
70	0.68500
71	0.68500
72	0.68500
73	0.68500
74	0.68500
75	0.68500
76	0.68500
77	0.68500
78	0.68500
79	0.68500
80	0.68500
81	0.68500
82	0.68500
83	0.68500
84	0.68500
85	0.68500
86	0.68500
87	0.68500
88	0.68500
89	0.68500
90	0.68500
91	0.68500
92	0.68500
93	0.68500
94	0.68500
95	0.68500
96	0.68500
97	0.68500
98	0.68500
99	0.68500
