0	0.00000
1	0.00000
2	0.00000
3	0.05743
4	0.18365
5	0.28609
6	0.52671
7	0.80676
8	1.06055
9	1.38391
10	1.49801
11	1.40574
12	1.27595
13	1.04951
14	0.86487
15	0.67275
16	0.51283
17	0.38338
18	0.30033
19	0.23422
20	0.18313
21	0.14304
22	0.11727
23	0.09481
24	0.07678
25	0.06078
26	0.05082
27	0.04347
28	0.03625
29	0.02923
30	0.02271
31	0.01969
32	0.01545
33	0.01252
34	0.00803
35	0.00609
36	0.00555
37	0.00443
38	0.00256
39	0.00245
40	0.00137
41	0.00129
42	0.00077
43	0.00029
44	0.00029
45	0.00029
46	0.00029
47	0.00000
48	0.00000
49	0.00042
50	0.00042
51	0.00042
52	0.00042
53	0.00042
54	0.00042
55	0.00042
56	0.00000
57	0.00000
58	0.00000
59	0.00000
60	0.00068
61	0.00068
62	0.00068
63	0.00068
64	0.00068
65	0.00068
66	0.00068
67	0.00000
68	0.00000
69	0.00000
70	0.00000
71	0.00000
72	0.00000
73	0.00000
74	0.00000
75	0.00000
76	0.00000
77	0.00000
78	0.00000
79	0.00000
80	0.00000
81	0.00000
82	0.00000
83	0.00000
84	0.00000
85	0.00000
86	0.00000
87	0.00000
88	0.00000
89	0.00000
90	0.00000
91	0.00000
92	0.00000
93	0.00000
94	0.00000
95	0.00000
96	0.00000
97	0.00000
98	0.00000
99	0.00000
