0	0	0	0	0	0	
1	748	0	0	0	0	
2	745	0	0	0	0	
3	655	85	0	0	0	
4	393	255	84	0	0	
5	242	144	247	84	0	
6	98	143	136	243	83	
7	35	64	133	131	324	
8	14	21	58	131	450	
9	9	7	16	56	577	
10	7	4	3	15	627	
11	6	3	1	3	636	
12	5	1	0	1	635	
13	4	1	0	0	636	
14	3	1	0	0	636	
15	3	1	0	0	635	
16	2	1	0	0	634	
17	2	1	0	0	634	
18	1	1	0	0	633	
19	1	1	0	0	632	
20	1	1	0	0	631	
21	1	1	0	0	631	
22	1	1	0	0	631	
23	1	1	0	0	631	
24	1	1	0	0	630	
25	1	1	0	0	630	
26	1	1	0	0	630	
27	1	1	0	0	629	
28	0	1	0	0	629	
29	0	1	0	0	629	
30	0	1	0	0	629	
31	0	1	0	0	629	
32	0	1	0	0	629	
33	0	1	0	0	629	
34	0	1	0	0	629	
35	0	1	0	0	629	
36	0	1	0	0	629	
37	0	1	0	0	629	
38	0	1	0	0	629	
39	0	1	0	0	629	
40	0	1	0	0	629	
41	0	1	0	0	629	
42	0	1	0	0	629	
43	0	1	0	0	629	
44	0	1	0	0	629	
45	0	1	0	0	629	
46	0	1	0	0	629	
47	0	1	0	0	629	
48	0	1	0	0	629	
49	0	1	0	0	629	
50	0	1	0	0	629	
51	0	1	0	0	629	
52	0	1	0	0	629	
53	0	1	0	0	629	
54	0	1	0	0	629	
55	0	1	0	0	629	
56	0	1	0	0	629	
57	0	1	0	0	629	
58	0	1	0	0	629	
59	0	1	0	0	629	
60	0	1	0	0	629	
61	0	1	0	0	629	
62	0	1	0	0	629	
63	0	1	0	0	629	
64	0	1	0	0	629	
65	0	1	0	0	629	
66	0	1	0	0	629	
67	0	1	0	0	629	
68	0	1	0	0	629	
69	0	1	0	0	629	
70	0	1	0	0	629	
71	0	1	0	0	629	
72	0	1	0	0	629	
73	0	1	0	0	629	
74	0	1	0	0	629	
75	0	1	0	0	629	
76	0	1	0	0	629	
77	0	1	0	0	629	
78	0	1	0	0	629	
79	0	1	0	0	629	
80	0	1	0	0	629	
81	0	1	0	0	629	
82	0	1	0	0	629	
83	0	1	0	0	629	
84	0	1	0	0	629	
85	0	1	0	0	629	
86	0	1	0	0	629	
87	0	1	0	0	629	
88	0	1	0	0	629	
89	0	1	0	0	629	
90	0	1	0	0	629	
91	0	1	0	0	629	
92	0	1	0	0	629	
93	0	1	0	0	629	
94	0	1	0	0	629	
95	0	1	0	0	629	
96	0	1	0	0	629	
97	0	1	0	0	629	
98	0	1	0	0	629	
99	0	1	0	0	629	
