0	0.00000
1	0.00000
2	0.00000
3	0.23077
4	0.52941
5	0.78261
6	0.93333
7	1.17949
8	1.37255
9	1.66667
10	1.81395
11	2.20354
12	2.47682
13	2.66332
14	2.82692
15	2.96142
16	3.07176
17	3.06827
18	3.00150
19	2.84913
20	2.67834
21	2.48801
22	2.28431
23	2.09051
24	1.90121
25	1.73648
26	1.58387
27	1.45271
28	1.33558
29	1.23713
30	1.14618
31	1.06904
32	1.00088
33	0.94216
34	0.88917
35	0.84084
36	0.79778
37	0.75873
38	0.72330
39	0.69116
40	0.66141
41	0.63446
42	0.60951
43	0.58698
44	0.56561
45	0.54533
46	0.52711
47	0.50982
48	0.49341
49	0.47832
50	0.46400
51	0.45042
52	0.43800
53	0.42579
54	0.41466
55	0.40372
56	0.39336
57	0.38400
58	0.37436
59	0.36566
60	0.35749
61	0.34940
62	0.34142
63	0.33431
64	0.32728
65	0.32033
66	0.31382
67	0.30776
68	0.30175
69	0.29617
70	0.29063
71	0.28515
72	0.28007
73	0.27503
74	0.27038
75	0.26577
76	0.26120
77	0.25700
78	0.25283
79	0.24869
80	0.24492
81	0.24083
82	0.23745
83	0.23374
84	0.23039
85	0.22706
86	0.22375
87	0.22046
88	0.21751
89	0.21425
90	0.21133
91	0.20874
92	0.20585
93	0.20329
94	0.20042
95	0.19789
96	0.19536
97	0.19316
98	0.19065
99	0.18847
