0	0	0	0	0	0	
1	499	0	0	0	0	
2	498	0	0	0	0	
3	498	0	0	0	0	
4	0	497	0	0	0	
5	0	0	494	0	0	
6	0	0	0	493	0	
7	0	0	0	0	493	
8	0	0	0	0	492	
9	0	0	0	0	492	
10	0	0	0	0	491	
11	0	0	0	0	491	
12	0	0	0	0	488	
13	0	0	0	0	486	
14	0	0	0	0	485	
15	0	0	0	0	483	
16	0	0	0	0	481	
17	0	0	0	0	476	
18	0	0	0	0	472	
19	0	0	0	0	470	
20	0	0	0	0	467	
21	0	0	0	0	465	
22	0	0	0	0	465	
23	0	0	0	0	465	
24	0	0	0	0	465	
25	0	0	0	0	465	
26	0	0	0	0	465	
27	0	0	0	0	465	
28	0	0	0	0	465	
29	0	0	0	0	465	
30	0	0	0	0	465	
31	0	0	0	0	465	
32	0	0	0	0	465	
33	0	0	0	0	465	
34	0	0	0	0	465	
35	0	0	0	0	465	
36	0	0	0	0	465	
37	0	0	0	0	465	
38	0	0	0	0	465	
39	0	0	0	0	465	
40	0	0	0	0	465	
41	0	0	0	0	465	
42	0	0	0	0	465	
43	0	0	0	0	465	
44	0	0	0	0	465	
45	0	0	0	0	465	
46	0	0	0	0	465	
47	0	0	0	0	465	
48	0	0	0	0	465	
49	0	0	0	0	465	
50	0	0	0	0	465	
51	0	0	0	0	465	
52	0	0	0	0	465	
53	0	0	0	0	465	
54	0	0	0	0	465	
55	0	0	0	0	465	
56	0	0	0	0	465	
57	0	0	0	0	465	
58	0	0	0	0	465	
59	0	0	0	0	465	
60	0	0	0	0	465	
61	0	0	0	0	465	
62	0	0	0	0	465	
63	0	0	0	0	465	
64	0	0	0	0	465	
65	0	0	0	0	465	
66	0	0	0	0	465	
67	0	0	0	0	465	
68	0	0	0	0	465	
69	0	0	0	0	465	
70	0	0	0	0	465	
71	0	0	0	0	465	
72	0	0	0	0	465	
73	0	0	0	0	465	
74	0	0	0	0	465	
75	0	0	0	0	465	
76	0	0	0	0	465	
77	0	0	0	0	465	
78	0	0	0	0	465	
79	0	0	0	0	465	
80	0	0	0	0	465	
81	0	0	0	0	465	
82	0	0	0	0	465	
83	0	0	0	0	465	
84	0	0	0	0	465	
85	0	0	0	0	465	
86	0	0	0	0	465	
87	0	0	0	0	465	
88	0	0	0	0	465	
89	0	0	0	0	465	
90	0	0	0	0	465	
91	0	0	0	0	465	
92	0	0	0	0	465	
93	0	0	0	0	465	
94	0	0	0	0	465	
95	0	0	0	0	465	
96	0	0	0	0	465	
97	0	0	0	0	465	
98	0	0	0	0	465	
99	0	0	0	0	465	
