0	0	0	0	0	0	
1	749	0	0	0	0	
2	747	0	0	0	0	
3	743	0	0	0	0	
4	735	0	0	0	0	
5	721	0	0	0	0	
6	699	1	0	0	0	
7	606	45	0	0	0	
8	476	104	17	0	0	
9	276	186	62	11	0	
10	206	113	98	31	4	
11	149	89	83	49	18	
12	114	74	76	50	18	
13	94	57	66	45	18	
14	68	48	60	43	18	
15	51	45	54	42	18	
16	41	38	51	42	18	
17	27	32	49	42	18	
18	22	32	45	42	18	
19	18	30	44	41	18	
20	14	28	44	41	18	
21	11	27	43	41	18	
22	7	24	43	41	18	
23	5	22	43	41	18	
24	3	22	42	41	18	
25	2	22	42	41	18	
26	2	22	42	41	18	
27	1	22	42	41	18	
28	1	22	42	41	18	
29	1	22	42	41	18	
30	1	22	42	41	18	
31	1	22	42	41	18	
32	1	22	42	41	18	
33	1	22	42	41	18	
34	1	22	42	41	18	
35	1	22	42	41	18	
36	1	22	42	41	18	
37	1	22	42	41	18	
38	1	22	42	41	18	
39	1	22	42	41	18	
40	1	22	42	41	18	
41	1	22	42	41	18	
42	1	22	42	41	18	
43	1	22	42	41	18	
44	1	22	42	41	18	
45	1	22	42	41	18	
46	1	22	42	41	18	
47	1	22	42	41	18	
48	1	22	42	41	18	
49	1	22	42	41	18	
50	1	22	42	41	18	
51	1	22	42	41	18	
52	1	22	42	41	18	
53	1	22	42	41	18	
54	1	22	42	41	18	
55	1	22	42	41	18	
56	1	22	42	41	18	
57	1	22	42	41	18	
58	1	22	42	41	18	
59	1	22	42	41	18	
60	1	22	42	41	18	
61	1	22	42	41	18	
62	1	22	42	41	18	
63	1	22	42	41	18	
64	1	22	42	41	18	
65	1	22	42	41	18	
66	1	22	42	41	18	
67	1	22	42	41	18	
68	1	22	42	41	18	
69	1	22	42	41	18	
70	1	22	42	41	18	
71	1	22	42	41	18	
72	1	22	42	41	18	
73	1	22	42	41	18	
74	1	22	42	41	18	
75	1	22	42	41	18	
76	1	22	42	41	18	
77	1	22	42	41	18	
78	1	22	42	41	18	
79	1	22	42	41	18	
80	1	22	42	41	18	
81	1	22	42	41	18	
82	1	22	42	41	18	
83	1	22	42	41	18	
84	1	22	42	41	18	
85	1	22	42	41	18	
86	1	22	42	41	18	
87	1	22	42	41	18	
88	1	22	42	41	18	
89	1	22	42	41	18	
90	1	22	42	41	18	
91	1	22	42	41	18	
92	1	22	42	41	18	
93	1	22	42	41	18	
94	1	22	42	41	18	
95	1	22	42	41	18	
96	1	22	42	41	18	
97	1	22	42	41	18	
98	1	22	42	41	18	
99	1	22	42	41	18	
