0	0	0	0	0	0	
1	497	0	0	0	0	
2	482	0	0	0	0	
3	14	435	0	0	0	
4	0	11	375	0	0	
5	0	0	8	321	0	
6	0	0	0	7	297	
7	0	0	0	0	301	
8	0	0	0	0	299	
9	0	0	0	0	298	
10	0	0	0	0	298	
11	0	0	0	0	297	
12	0	0	0	0	297	
13	0	0	0	0	297	
14	0	0	0	0	297	
15	0	0	0	0	297	
16	0	0	0	0	297	
17	0	0	0	0	297	
18	0	0	0	0	297	
19	0	0	0	0	297	
20	0	0	0	0	297	
21	0	0	0	0	297	
22	0	0	0	0	297	
23	0	0	0	0	297	
24	0	0	0	0	297	
25	0	0	0	0	297	
26	0	0	0	0	297	
27	0	0	0	0	297	
28	0	0	0	0	297	
29	0	0	0	0	297	
30	0	0	0	0	297	
31	0	0	0	0	297	
32	0	0	0	0	297	
33	0	0	0	0	297	
34	0	0	0	0	297	
35	0	0	0	0	297	
36	0	0	0	0	297	
37	0	0	0	0	297	
38	0	0	0	0	297	
39	0	0	0	0	297	
40	0	0	0	0	297	
41	0	0	0	0	297	
42	0	0	0	0	297	
43	0	0	0	0	297	
44	0	0	0	0	297	
45	0	0	0	0	297	
46	0	0	0	0	297	
47	0	0	0	0	297	
48	0	0	0	0	297	
49	0	0	0	0	297	
50	0	0	0	0	297	
51	0	0	0	0	297	
52	0	0	0	0	297	
53	0	0	0	0	297	
54	0	0	0	0	297	
55	0	0	0	0	297	
56	0	0	0	0	297	
57	0	0	0	0	297	
58	0	0	0	0	297	
59	0	0	0	0	297	
60	0	0	0	0	297	
61	0	0	0	0	297	
62	0	0	0	0	297	
63	0	0	0	0	297	
64	0	0	0	0	297	
65	0	0	0	0	297	
66	0	0	0	0	297	
67	0	0	0	0	297	
68	0	0	0	0	297	
69	0	0	0	0	297	
70	0	0	0	0	297	
71	0	0	0	0	297	
72	0	0	0	0	297	
73	0	0	0	0	297	
74	0	0	0	0	297	
75	0	0	0	0	297	
76	0	0	0	0	297	
77	0	0	0	0	297	
78	0	0	0	0	297	
79	0	0	0	0	297	
80	0	0	0	0	297	
81	0	0	0	0	297	
82	0	0	0	0	297	
83	0	0	0	0	297	
84	0	0	0	0	297	
85	0	0	0	0	297	
86	0	0	0	0	297	
87	0	0	0	0	297	
88	0	0	0	0	297	
89	0	0	0	0	297	
90	0	0	0	0	297	
91	0	0	0	0	297	
92	0	0	0	0	297	
93	0	0	0	0	297	
94	0	0	0	0	297	
95	0	0	0	0	297	
96	0	0	0	0	297	
97	0	0	0	0	297	
98	0	0	0	0	297	
99	0	0	0	0	297	
100	0	0	0	0	297	
101	0	0	0	0	297	
102	0	0	0	0	297	
103	0	0	0	0	297	
104	0	0	0	0	297	
105	0	0	0	0	297	
106	0	0	0	0	297	
107	0	0	0	0	297	
108	0	0	0	0	297	
109	0	0	0	0	297	
110	0	0	0	0	297	
111	0	0	0	0	297	
112	0	0	0	0	297	
113	0	0	0	0	297	
114	0	0	0	0	297	
115	0	0	0	0	297	
116	0	0	0	0	297	
117	0	0	0	0	297	
118	0	0	0	0	297	
119	0	0	0	0	297	
120	0	0	0	0	297	
121	0	0	0	0	297	
122	0	0	0	0	297	
123	0	0	0	0	297	
124	0	0	0	0	297	
125	0	0	0	0	297	
126	0	0	0	0	297	
127	0	0	0	0	297	
128	0	0	0	0	297	
129	0	0	0	0	297	
130	0	0	0	0	297	
131	0	0	0	0	297	
132	0	0	0	0	297	
133	0	0	0	0	297	
134	0	0	0	0	297	
135	0	0	0	0	297	
136	0	0	0	0	297	
137	0	0	0	0	297	
138	0	0	0	0	297	
139	0	0	0	0	297	
140	0	0	0	0	297	
141	0	0	0	0	297	
142	0	0	0	0	297	
143	0	0	0	0	297	
144	0	0	0	0	297	
145	0	0	0	0	297	
146	0	0	0	0	297	
147	0	0	0	0	297	
148	0	0	0	0	297	
149	0	0	0	0	297	
150	0	0	0	0	297	
