0	0.00000
1	0.00000
2	0.00000
3	0.01461
4	0.26280
5	0.66988
6	1.01361
7	1.09864
8	1.38955
9	1.46050
10	1.39518
11	1.18697
12	0.99765
13	0.79198
14	0.60775
15	0.46313
16	0.33331
17	0.25151
18	0.19653
19	0.14893
20	0.11178
21	0.08365
22	0.06747
23	0.05125
24	0.04111
25	0.03239
26	0.02659
27	0.02188
28	0.01779
29	0.01064
30	0.00867
31	0.00487
32	0.00228
33	0.00121
34	0.00055
35	0.00045
36	0.00024
37	0.00020
38	0.00020
39	0.00000
40	0.00000
41	0.00000
42	0.00000
43	0.00000
44	0.00000
45	0.00000
46	0.00000
47	0.00000
48	0.00000
49	0.00000
50	0.00000
51	0.00000
52	0.00000
53	0.00000
54	0.00000
55	0.00000
56	0.00000
57	0.00000
58	0.00000
59	0.00000
60	0.00000
61	0.00000
62	0.00000
63	0.00000
64	0.00000
65	0.00000
66	0.00000
67	0.00000
68	0.00000
69	0.00000
70	0.00000
71	0.00000
72	0.00000
73	0.00000
74	0.00000
75	0.00000
76	0.00000
77	0.00000
78	0.00000
79	0.00000
80	0.00000
81	0.00000
82	0.00000
83	0.00000
84	0.00000
85	0.00000
86	0.00000
87	0.00000
88	0.00000
89	0.00000
90	0.00000
91	0.00000
92	0.00000
93	0.00000
94	0.00000
95	0.00000
96	0.00000
97	0.00000
98	0.00000
99	0.00000
