0	0.00000
1	0.00000
2	0.00000
3	0.02530
4	0.06245
5	0.18316
6	0.43792
7	0.76140
8	1.09010
9	1.27566
10	1.36368
11	1.30257
12	1.27698
13	1.10856
14	0.92081
15	0.72472
16	0.53470
17	0.40598
18	0.30681
19	0.23642
20	0.17842
21	0.13488
22	0.10468
23	0.08079
24	0.06327
25	0.04978
26	0.04083
27	0.03224
28	0.02573
29	0.01916
30	0.01527
31	0.01274
32	0.01034
33	0.00610
34	0.00490
35	0.00415
36	0.00482
37	0.00436
38	0.00384
39	0.00381
40	0.00334
41	0.00327
42	0.00347
43	0.00198
44	0.00198
45	0.00147
46	0.00081
47	0.00081
48	0.00057
49	0.00000
50	0.00000
51	0.00000
52	0.00000
53	0.00000
54	0.00000
55	0.00000
56	0.00000
57	0.00000
58	0.00000
59	0.00000
60	0.00000
61	0.00000
62	0.00000
63	0.00000
64	0.00000
65	0.00000
66	0.00000
67	0.00000
68	0.00000
69	0.00000
70	0.00000
71	0.00000
72	0.00000
73	0.00000
74	0.00000
75	0.00000
76	0.00000
77	0.00000
78	0.00000
79	0.00000
80	0.00000
81	0.00000
82	0.00000
83	0.00000
84	0.00000
85	0.00000
86	0.00000
87	0.00000
88	0.00000
89	0.00000
90	0.00000
91	0.00000
92	0.00000
93	0.00000
94	0.00000
95	0.00000
96	0.00000
97	0.00000
98	0.00000
99	0.00000
