0	0.00000
1	0.00000
2	0.00000
3	0.72057
4	0.83781
5	0.72725
6	0.68440
7	0.72011
8	0.63181
9	0.59626
10	0.55883
11	0.50244
12	0.51787
13	0.51070
14	0.46627
15	0.48476
16	0.45012
17	0.42781
18	0.38713
19	0.31306
20	0.32006
21	0.27459
22	0.30301
23	0.26338
24	0.23205
25	0.23151
26	0.23107
27	0.20814
28	0.19855
29	0.20538
30	0.16601
31	0.16095
32	0.12977
33	0.13193
34	0.12551
35	0.11667
36	0.09463
37	0.10857
38	0.11665
39	0.10823
40	0.10667
41	0.08832
42	0.07905
43	0.09640
44	0.07881
45	0.08083
46	0.08011
47	0.08283
48	0.07320
49	0.07223
50	0.08631
51	0.07376
52	0.05386
53	0.05417
54	0.04736
55	0.05510
56	0.04945
57	0.05176
58	0.05232
59	0.05490
60	0.04671
61	0.04212
62	0.03690
63	0.03443
64	0.03770
65	0.03317
66	0.03173
67	0.02722
68	0.02981
69	0.03064
70	0.02768
71	0.02371
72	0.02334
73	0.02234
74	0.02292
75	0.02219
76	0.01855
77	0.02064
78	0.01884
79	0.01920
80	0.01697
81	0.01468
82	0.01609
83	0.01337
84	0.01369
85	0.01304
86	0.01380
87	0.01315
88	0.01583
89	0.01481
90	0.01284
91	0.01310
92	0.01288
93	0.01294
94	0.01257
95	0.01236
96	0.01223
97	0.01176
98	0.01266
99	0.01329
100	0.01159
101	0.01178
102	0.01168
103	0.01128
104	0.01107
105	0.01178
106	0.01167
107	0.01124
108	0.00217
109	0.00985
110	0.01066
111	0.00083
112	0.00486
113	0.00840
114	0.00033
115	0.00235
116	0.00805
117	0.00115
118	0.00000
119	0.00241
120	0.00241
121	0.00143
122	0.00838
123	0.00284
124	0.00000
125	0.00000
126	0.00000
127	0.00125
128	0.00125
129	0.00000
130	0.00000
131	0.00297
132	0.00963
133	0.00879
134	0.00725
135	0.00096
136	0.00883
137	0.00855
138	0.00000
139	0.00115
140	0.00115
141	0.00062
142	0.00062
143	0.00000
144	0.00000
145	0.00000
146	0.00000
147	0.00000
148	0.00000
149	0.00000
