0	0.00500
1	0.00750
2	0.00950
3	0.01050
4	0.01150
5	0.01300
6	0.01450
7	0.01550
8	0.01600
9	0.01700
10	0.01850
11	0.02050
12	0.02150
13	0.02250
14	0.02500
15	0.02700
16	0.03000
17	0.03100
18	0.03350
19	0.03450
20	0.03700
21	0.03950
22	0.04150
23	0.04500
24	0.04900
25	0.05300
26	0.05700
27	0.06350
28	0.06800
29	0.07450
30	0.07850
31	0.08400
32	0.09000
33	0.09600
34	0.09950
35	0.10650
36	0.11600
37	0.12500
38	0.13500
39	0.14250
40	0.15050
41	0.16250
42	0.17050
43	0.18200
44	0.19350
45	0.20700
46	0.21800
47	0.23100
48	0.25050
49	0.26350
50	0.27300
51	0.28550
52	0.29500
53	0.31000
54	0.32100
55	0.33700
56	0.35100
57	0.36850
58	0.38100
59	0.39400
60	0.40450
61	0.41550
62	0.42900
63	0.43900
64	0.45050
65	0.45900
66	0.47000
67	0.48150
68	0.49150
69	0.49950
70	0.50800
71	0.51600
72	0.52500
73	0.53350
74	0.53950
75	0.54750
76	0.55300
77	0.56050
78	0.56500
79	0.56850
80	0.57400
81	0.57600
82	0.57850
83	0.58100
84	0.58450
85	0.58650
86	0.59150
87	0.59550
88	0.59750
89	0.60050
90	0.60300
91	0.60550
92	0.60750
93	0.60950
94	0.61150
95	0.61250
96	0.61500
97	0.61850
98	0.61950
99	0.62100
100	0.62250
101	0.62350
102	0.62450
103	0.62600
104	0.62750
105	0.62800
106	0.62800
107	0.62900
108	0.62950
109	0.62950
110	0.63050
111	0.63100
112	0.63100
113	0.63150
114	0.63200
115	0.63200
116	0.63200
117	0.63250
118	0.63250
119	0.63300
120	0.63350
121	0.63350
122	0.63350
123	0.63350
124	0.63350
125	0.63400
126	0.63400
127	0.63400
128	0.63400
129	0.63450
130	0.63500
131	0.63550
132	0.63600
133	0.63600
134	0.63700
135	0.63700
136	0.63700
137	0.63750
138	0.63750
139	0.63800
140	0.63800
141	0.63800
142	0.63800
143	0.63800
144	0.63800
145	0.63800
146	0.63800
147	0.63800
148	0.63800
149	0.63800
