0	0.00500
1	0.00750
2	0.01200
3	0.02000
4	0.03400
5	0.05550
6	0.08350
7	0.12550
8	0.17550
9	0.23500
10	0.29700
11	0.35700
12	0.42050
13	0.47900
14	0.51800
15	0.55350
16	0.58150
17	0.60100
18	0.62300
19	0.63850
20	0.65000
21	0.65950
22	0.66200
23	0.67000
24	0.67600
25	0.67900
26	0.68400
27	0.68650
28	0.68850
29	0.69000
30	0.69050
31	0.69200
32	0.69250
33	0.69300
34	0.69400
35	0.69450
36	0.69500
37	0.69550
38	0.69550
39	0.69550
40	0.69600
41	0.69600
42	0.69600
43	0.69600
44	0.69600
45	0.69600
46	0.69600
47	0.69600
48	0.69600
49	0.69600
50	0.69600
51	0.69600
52	0.69600
53	0.69600
54	0.69600
55	0.69600
56	0.69600
57	0.69600
58	0.69600
59	0.69600
60	0.69600
61	0.69600
62	0.69600
63	0.69600
64	0.69600
65	0.69600
66	0.69600
67	0.69600
68	0.69600
69	0.69600
70	0.69600
71	0.69600
72	0.69600
73	0.69600
74	0.69600
75	0.69600
76	0.69600
77	0.69600
78	0.69600
79	0.69600
80	0.69600
81	0.69600
82	0.69600
83	0.69600
84	0.69600
85	0.69600
86	0.69600
87	0.69600
88	0.69600
89	0.69600
90	0.69600
91	0.69600
92	0.69600
93	0.69600
94	0.69600
95	0.69600
96	0.69600
97	0.69600
98	0.69600
99	0.69600
