0	0.02000
1	0.02000
2	0.02000
3	0.02000
4	0.02000
5	0.02000
6	0.02000
7	0.02000
8	0.02000
9	0.02000
10	0.02000
11	0.02000
12	0.02000
13	0.02000
14	0.02000
15	0.02000
16	0.02000
17	0.02000
18	0.03000
19	0.03000
20	0.03000
21	0.03000
22	0.03000
23	0.03000
24	0.03000
25	0.03000
26	0.03000
27	0.03000
28	0.03000
29	0.03000
30	0.03000
31	0.03000
32	0.03000
33	0.03500
34	0.03500
35	0.04000
36	0.04000
37	0.04500
38	0.04500
39	0.04500
40	0.04500
41	0.04500
42	0.04500
43	0.04500
44	0.05000
45	0.05000
46	0.05000
47	0.05500
48	0.05500
49	0.05500
50	0.05500
51	0.05500
52	0.05500
53	0.05500
54	0.05500
55	0.07000
56	0.07000
57	0.07000
58	0.07000
59	0.07000
60	0.07000
61	0.07500
62	0.08500
63	0.08500
64	0.08500
65	0.08500
66	0.08500
67	0.08500
68	0.08500
69	0.08500
70	0.08500
71	0.09000
72	0.09000
73	0.09000
74	0.09500
75	0.09500
76	0.09500
77	0.09500
78	0.09500
79	0.09500
80	0.09500
81	0.09500
82	0.10000
83	0.10500
84	0.11000
85	0.11000
86	0.11000
87	0.11000
88	0.11000
89	0.11000
90	0.11500
91	0.11500
92	0.11500
93	0.11500
94	0.11500
95	0.11500
96	0.12000
97	0.12500
98	0.13000
99	0.13000
100	0.13000
101	0.14000
102	0.14000
103	0.14000
104	0.14000
105	0.14000
106	0.14000
107	0.15000
108	0.15500
109	0.16000
110	0.16000
111	0.17000
112	0.17000
113	0.17000
114	0.17000
115	0.17000
116	0.17000
117	0.17000
118	0.17000
119	0.17000
120	0.18000
121	0.18000
122	0.18000
123	0.18000
124	0.18000
125	0.18000
126	0.18500
127	0.18500
128	0.18500
129	0.18500
130	0.19500
131	0.19500
132	0.19500
133	0.19500
134	0.19500
135	0.20000
136	0.20500
137	0.20500
138	0.20500
139	0.21000
140	0.21500
141	0.22000
142	0.22500
143	0.23000
144	0.24000
145	0.24000
146	0.24500
147	0.24500
148	0.25000
149	0.25500
