0	0.00000
1	0.00000
2	0.00000
3	0.00000
4	0.00000
5	0.00000
6	0.00000
7	0.00000
8	0.00000
9	0.00000
10	0.00000
11	0.00000
12	0.00000
13	0.00000
14	0.00000
15	0.00000
16	0.00000
17	0.00000
18	0.00000
19	0.00000
20	0.01546
21	0.01546
22	0.01546
23	0.01546
24	0.01546
25	0.01546
26	0.01546
27	0.00000
28	0.00000
29	0.00000
30	0.00000
31	0.00000
32	0.00000
33	0.00000
34	0.00000
35	0.02344
36	0.02344
37	0.03927
38	0.03927
39	0.07853
40	0.07853
41	0.07853
42	0.05497
43	0.05497
44	0.03947
45	0.03947
46	0.02105
47	0.02116
48	0.02116
49	0.05026
50	0.05026
51	0.03880
52	0.03880
53	0.02557
54	0.02557
55	0.02061
56	0.00000
57	0.10797
58	0.10797
59	0.10797
60	0.08378
61	0.08423
62	0.08515
63	0.13434
64	0.15574
65	0.15574
66	0.15574
67	0.13570
68	0.13570
69	0.13570
70	0.09745
71	0.00000
72	0.00000
73	0.05586
74	0.05341
75	0.05341
76	0.08011
77	0.08011
78	0.07643
79	0.07643
80	0.02578
81	0.02578
82	0.02593
83	0.00000
84	0.04916
85	0.07959
86	0.11049
87	0.11049
88	0.09129
89	0.09129
90	0.09181
91	0.05556
92	0.06733
93	0.04096
94	0.04096
95	0.04096
96	0.04119
97	0.04143
98	0.08420
99	0.07366
100	0.13544
101	0.13266
102	0.11977
103	0.24593
104	0.23333
105	0.18081
106	0.13992
107	0.09892
108	0.09951
109	0.12937
110	0.07589
111	0.11817
112	0.11817
113	0.20779
114	0.19419
115	0.17210
116	0.14700
117	0.12326
118	0.08626
119	0.08626
120	0.00000
121	0.00000
122	0.07505
123	0.07505
124	0.07505
125	0.07505
126	0.07551
127	0.07551
128	0.10251
129	0.02975
130	0.03012
131	0.03012
132	0.09426
133	0.09281
134	0.09281
135	0.05350
136	0.05383
137	0.06589
138	0.06945
139	0.02574
140	0.02590
141	0.05846
142	0.10744
143	0.18525
144	0.20556
145	0.21462
146	0.26103
147	0.21475
148	0.23329
149	0.17523
