0	0.00500
1	0.00950
2	0.01700
3	0.03800
4	0.06200
5	0.10150
6	0.16200
7	0.22100
8	0.28400
9	0.35700
10	0.41400
11	0.46000
12	0.50100
13	0.55050
14	0.57900
15	0.60150
16	0.62050
17	0.63650
18	0.65450
19	0.66500
20	0.67150
21	0.67700
22	0.68100
23	0.68700
24	0.68900
25	0.69350
26	0.69450
27	0.69600
28	0.69700
29	0.69800
30	0.69800
31	0.69850
32	0.69850
33	0.70050
34	0.70050
35	0.70050
36	0.70050
37	0.70050
38	0.70050
39	0.70050
40	0.70100
41	0.70100
42	0.70100
43	0.70100
44	0.70100
45	0.70100
46	0.70100
47	0.70100
48	0.70100
49	0.70100
50	0.70100
51	0.70100
52	0.70100
53	0.70100
54	0.70100
55	0.70100
56	0.70100
57	0.70100
58	0.70100
59	0.70100
60	0.70100
61	0.70100
62	0.70100
63	0.70100
64	0.70100
65	0.70100
66	0.70100
67	0.70100
68	0.70100
69	0.70150
70	0.70150
71	0.70150
72	0.70150
73	0.70150
74	0.70150
75	0.70150
76	0.70150
77	0.70150
78	0.70150
79	0.70150
80	0.70150
81	0.70150
82	0.70150
83	0.70150
84	0.70150
85	0.70150
86	0.70150
87	0.70150
88	0.70150
89	0.70150
90	0.70150
91	0.70150
92	0.70150
93	0.70150
94	0.70150
95	0.70150
96	0.70150
97	0.70150
98	0.70150
99	0.70150
