0	0	0	0	0	0	
1	1997	0	0	0	0	
2	1995	0	0	0	0	
3	1991	0	0	0	0	
4	1984	0	0	0	0	
5	0	1975	0	0	0	
6	0	0	1962	0	0	
7	0	0	0	1943	0	
8	0	0	0	0	1935	
9	0	0	0	0	1935	
10	0	0	0	0	1934	
11	0	0	0	0	1931	
12	0	0	0	0	1930	
13	0	0	0	0	1924	
14	0	0	0	0	1923	
15	0	0	0	0	1918	
16	0	0	0	0	1911	
17	0	0	0	0	1905	
18	0	0	0	0	1901	
19	0	0	0	0	1896	
20	0	0	0	0	1892	
21	0	0	0	0	1890	
22	0	0	0	0	1881	
23	0	0	0	0	1879	
24	0	0	0	0	1875	
25	0	0	0	0	1873	
26	0	0	0	0	1871	
27	0	0	0	0	1870	
28	0	0	0	0	1870	
29	0	0	0	0	1870	
30	0	0	0	0	1868	
31	0	0	0	0	1868	
32	0	0	0	0	1868	
33	0	0	0	0	1868	
34	0	0	0	0	1868	
35	0	0	0	0	1868	
36	0	0	0	0	1868	
37	0	0	0	0	1868	
38	0	0	0	0	1868	
39	0	0	0	0	1868	
40	0	0	0	0	1868	
41	0	0	0	0	1868	
42	0	0	0	0	1868	
43	0	0	0	0	1868	
44	0	0	0	0	1868	
45	0	0	0	0	1868	
46	0	0	0	0	1868	
47	0	0	0	0	1868	
48	0	0	0	0	1868	
49	0	0	0	0	1868	
50	0	0	0	0	1868	
51	0	0	0	0	1868	
52	0	0	0	0	1868	
53	0	0	0	0	1868	
54	0	0	0	0	1868	
55	0	0	0	0	1868	
56	0	0	0	0	1868	
57	0	0	0	0	1868	
58	0	0	0	0	1868	
59	0	0	0	0	1868	
60	0	0	0	0	1868	
61	0	0	0	0	1868	
62	0	0	0	0	1868	
63	0	0	0	0	1868	
64	0	0	0	0	1868	
65	0	0	0	0	1868	
66	0	0	0	0	1868	
67	0	0	0	0	1868	
68	0	0	0	0	1868	
69	0	0	0	0	1868	
70	0	0	0	0	1868	
71	0	0	0	0	1868	
72	0	0	0	0	1868	
73	0	0	0	0	1868	
74	0	0	0	0	1868	
75	0	0	0	0	1868	
76	0	0	0	0	1868	
77	0	0	0	0	1868	
78	0	0	0	0	1868	
79	0	0	0	0	1868	
80	0	0	0	0	1868	
81	0	0	0	0	1868	
82	0	0	0	0	1868	
83	0	0	0	0	1868	
84	0	0	0	0	1868	
85	0	0	0	0	1868	
86	0	0	0	0	1868	
87	0	0	0	0	1868	
88	0	0	0	0	1868	
89	0	0	0	0	1868	
90	0	0	0	0	1868	
91	0	0	0	0	1868	
92	0	0	0	0	1868	
93	0	0	0	0	1868	
94	0	0	0	0	1868	
95	0	0	0	0	1868	
96	0	0	0	0	1868	
97	0	0	0	0	1868	
98	0	0	0	0	1868	
99	0	0	0	0	1868	
