0	0.00500
1	0.00650
2	0.00850
3	0.01000
4	0.01200
5	0.01450
6	0.01650
7	0.01950
8	0.02550
9	0.03000
10	0.03650
11	0.04300
12	0.05050
13	0.06100
14	0.07350
15	0.09150
16	0.10900
17	0.12550
18	0.14400
19	0.17550
20	0.20550
21	0.23500
22	0.26650
23	0.30400
24	0.34500
25	0.38800
26	0.43850
27	0.48800
28	0.53100
29	0.57300
30	0.61900
31	0.65750
32	0.70300
33	0.74450
34	0.77600
35	0.80650
36	0.83600
37	0.86950
38	0.89150
39	0.91200
40	0.92250
41	0.93700
42	0.94950
43	0.95800
44	0.96600
45	0.97250
46	0.97750
47	0.98100
48	0.98450
49	0.98700
50	0.98850
51	0.98950
52	0.99200
53	0.99250
54	0.99350
55	0.99400
56	0.99450
57	0.99550
58	0.99650
59	0.99650
60	0.99750
61	0.99750
62	0.99750
63	0.99750
64	0.99750
65	0.99800
66	0.99850
67	0.99850
68	0.99900
69	0.99900
70	0.99900
71	0.99900
72	0.99900
73	0.99900
74	0.99900
75	0.99900
76	0.99900
77	0.99900
78	0.99900
79	0.99900
80	0.99900
81	0.99900
82	0.99900
83	0.99900
84	0.99900
85	0.99900
86	0.99900
87	0.99900
88	0.99900
89	0.99900
90	0.99900
91	0.99900
92	0.99900
93	0.99900
94	0.99900
95	0.99900
96	0.99900
97	0.99900
98	0.99900
99	0.99900
