0	0.00000
1	0.00000
2	0.00000
3	0.18182
4	0.30769
5	0.33333
6	0.33333
7	0.31818
8	0.26923
9	0.25806
10	0.34211
11	0.33333
12	0.32727
13	0.28358
14	0.26250
15	0.28421
16	0.28947
17	0.32609
18	0.30539
19	0.26131
20	0.22553
21	0.26715
22	0.26462
23	0.23684
24	0.20862
25	0.20396
26	0.20000
27	0.19201
28	0.18996
29	0.17732
30	0.15184
31	0.12906
32	0.12036
33	0.10504
34	0.10188
35	0.09325
36	0.07778
37	0.06469
38	0.05756
39	0.05779
40	0.04821
41	0.03991
42	0.02671
43	0.02348
44	0.02097
45	0.01753
46	0.01417
47	0.01144
48	0.00929
49	0.00719
50	0.00613
51	0.00458
52	0.00355
53	0.00253
54	0.00303
55	0.00202
56	0.00202
57	0.00101
58	0.00101
59	0.00151
60	0.00151
61	0.00100
62	0.00100
63	0.00050
64	0.00050
65	0.00000
66	0.00000
67	0.00050
68	0.00100
69	0.00050
70	0.00050
71	0.00050
72	0.00050
73	0.00000
74	0.00000
75	0.00000
76	0.00000
77	0.00000
78	0.00000
79	0.00000
80	0.00000
81	0.00000
82	0.00000
83	0.00000
84	0.00000
85	0.00000
86	0.00000
87	0.00000
88	0.00000
89	0.00000
90	0.00000
91	0.00000
92	0.00000
93	0.00000
94	0.00000
95	0.00000
96	0.00000
97	0.00000
98	0.00000
99	0.00000
