0	0.00000
1	0.00000
2	0.00000
3	0.07937
4	0.17485
5	0.66827
6	0.89544
7	1.25325
8	1.42597
9	1.41562
10	1.42962
11	1.22739
12	1.06763
13	0.86421
14	0.66462
15	0.50134
16	0.37755
17	0.27388
18	0.20381
19	0.15916
20	0.12241
21	0.09477
22	0.07344
23	0.05705
24	0.04786
25	0.03866
26	0.03012
27	0.02348
28	0.01807
29	0.01263
30	0.01004
31	0.00477
32	0.00309
33	0.00263
34	0.00155
35	0.00094
36	0.00092
37	0.00054
38	0.00022
39	0.00009
40	0.00004
41	0.00000
42	0.00000
43	0.00000
44	0.00000
45	0.00010
46	0.00004
47	0.00004
48	0.00004
49	0.00004
50	0.00000
51	0.00000
52	0.00000
53	0.00000
54	0.00000
55	0.00000
56	0.00000
57	0.00000
58	0.00000
59	0.00000
60	0.00000
61	0.00000
62	0.00000
63	0.00000
64	0.00000
65	0.00000
66	0.00000
67	0.00000
68	0.00000
69	0.00000
70	0.00000
71	0.00000
72	0.00000
73	0.00000
74	0.00000
75	0.00000
76	0.00000
77	0.00000
78	0.00000
79	0.00000
80	0.00000
81	0.00000
82	0.00000
83	0.00000
84	0.00000
85	0.00000
86	0.00000
87	0.00000
88	0.00000
89	0.00000
90	0.00000
91	0.00000
92	0.00000
93	0.00000
94	0.00000
95	0.00000
96	0.00000
97	0.00000
98	0.00000
99	0.00000
