0	0.00500
1	0.00850
2	0.01200
3	0.02250
4	0.03800
5	0.07150
6	0.12050
7	0.17850
8	0.26300
9	0.33250
10	0.40350
11	0.46200
12	0.51700
13	0.56550
14	0.60350
15	0.63050
16	0.65300
17	0.67600
18	0.69000
19	0.70200
20	0.71050
21	0.71600
22	0.72250
23	0.72500
24	0.72650
25	0.72750
26	0.72900
27	0.72900
28	0.73000
29	0.73050
30	0.73150
31	0.73200
32	0.73250
33	0.73250
34	0.73250
35	0.73250
36	0.73250
37	0.73300
38	0.73300
39	0.73300
40	0.73300
41	0.73350
42	0.73350
43	0.73400
44	0.73400
45	0.73400
46	0.73400
47	0.73400
48	0.73400
49	0.73400
50	0.73400
51	0.73400
52	0.73400
53	0.73400
54	0.73400
55	0.73400
56	0.73400
57	0.73400
58	0.73400
59	0.73400
60	0.73400
61	0.73400
62	0.73400
63	0.73400
64	0.73400
65	0.73400
66	0.73400
67	0.73400
68	0.73400
69	0.73400
70	0.73400
71	0.73400
72	0.73400
73	0.73400
74	0.73400
75	0.73400
76	0.73400
77	0.73400
78	0.73400
79	0.73400
80	0.73400
81	0.73400
82	0.73400
83	0.73400
84	0.73400
85	0.73400
86	0.73400
87	0.73400
88	0.73400
89	0.73400
90	0.73400
91	0.73400
92	0.73400
93	0.73400
94	0.73400
95	0.73400
96	0.73400
97	0.73400
98	0.73400
99	0.73400
