0	0.00500
1	0.01650
2	0.04250
3	0.11400
4	0.28350
5	0.54950
6	0.77650
7	0.88900
8	0.91100
9	0.91500
10	0.91550
11	0.91550
12	0.91550
13	0.91550
14	0.91550
15	0.91550
16	0.91550
17	0.91550
18	0.91550
19	0.91550
20	0.91550
21	0.91550
22	0.91550
23	0.91550
24	0.91550
25	0.91550
26	0.91550
27	0.91550
28	0.91550
29	0.91550
30	0.91550
31	0.91550
32	0.91550
33	0.91550
34	0.91550
35	0.91550
36	0.91550
37	0.91550
38	0.91550
39	0.91550
40	0.91550
41	0.91550
42	0.91550
43	0.91550
44	0.91550
45	0.91550
46	0.91550
47	0.91550
48	0.91550
49	0.91550
50	0.91550
51	0.91550
52	0.91550
53	0.91550
54	0.91550
55	0.91550
56	0.91550
57	0.91550
58	0.91550
59	0.91550
60	0.91550
61	0.91550
62	0.91550
63	0.91550
64	0.91550
65	0.91550
66	0.91550
67	0.91550
68	0.91550
69	0.91550
70	0.91550
71	0.91550
72	0.91550
73	0.91550
74	0.91550
75	0.91550
76	0.91550
77	0.91550
78	0.91550
79	0.91550
80	0.91550
81	0.91550
82	0.91550
83	0.91550
84	0.91550
85	0.91550
86	0.91550
87	0.91550
88	0.91550
89	0.91550
90	0.91550
91	0.91550
92	0.91550
93	0.91550
94	0.91550
95	0.91550
96	0.91550
97	0.91550
98	0.91550
99	0.91550
100	0.91550
101	0.91550
102	0.91550
103	0.91550
104	0.91550
105	0.91550
106	0.91550
107	0.91550
108	0.91550
109	0.91550
110	0.91550
111	0.91550
112	0.91550
113	0.91550
114	0.91550
115	0.91550
116	0.91550
117	0.91550
118	0.91550
119	0.91550
120	0.91550
121	0.91550
122	0.91550
123	0.91550
124	0.91550
125	0.91550
126	0.91550
127	0.91550
128	0.91550
129	0.91550
130	0.91550
131	0.91550
132	0.91550
133	0.91550
134	0.91550
135	0.91550
136	0.91550
137	0.91550
138	0.91550
139	0.91550
140	0.91550
141	0.91550
142	0.91550
143	0.91550
144	0.91550
145	0.91550
146	0.91550
147	0.91550
148	0.91550
149	0.91550
