0	0	0	0	0	0	
1	742	0	0	0	0	
2	724	0	0	0	0	
3	622	51	0	0	0	
4	30	460	42	0	0	
5	15	113	199	30	0	
6	5	65	140	29	4	
7	1	40	113	26	4	
8	0	31	109	26	4	
9	0	30	109	26	4	
10	0	30	109	26	4	
11	0	30	109	26	4	
12	0	30	109	26	4	
13	0	30	109	26	4	
14	0	30	109	26	4	
15	0	30	109	26	4	
16	0	30	109	26	4	
17	0	30	109	26	4	
18	0	30	109	26	4	
19	0	30	109	26	4	
20	0	30	109	26	4	
21	0	30	109	26	4	
22	0	30	109	26	4	
23	0	30	109	26	4	
24	0	30	109	26	4	
25	0	30	109	26	4	
26	0	30	109	26	4	
27	0	30	109	26	4	
28	0	30	109	26	4	
29	0	30	109	26	4	
30	0	30	109	26	4	
31	0	30	109	26	4	
32	0	30	109	26	4	
33	0	30	109	26	4	
34	0	30	109	26	4	
35	0	30	109	26	4	
36	0	30	109	26	4	
37	0	30	109	26	4	
38	0	30	109	26	4	
39	0	30	109	26	4	
40	0	30	109	26	4	
41	0	30	109	26	4	
42	0	30	109	26	4	
43	0	30	109	26	4	
44	0	30	109	26	4	
45	0	30	109	26	4	
46	0	30	109	26	4	
47	0	30	109	26	4	
48	0	30	109	26	4	
49	0	30	109	26	4	
50	0	30	109	26	4	
51	0	30	109	26	4	
52	0	30	109	26	4	
53	0	30	109	26	4	
54	0	30	109	26	4	
55	0	30	109	26	4	
56	0	30	109	26	4	
57	0	30	109	26	4	
58	0	30	109	26	4	
59	0	30	109	26	4	
60	0	30	109	26	4	
61	0	30	109	26	4	
62	0	30	109	26	4	
63	0	30	109	26	4	
64	0	30	109	26	4	
65	0	30	109	26	4	
66	0	30	109	26	4	
67	0	30	109	26	4	
68	0	30	109	26	4	
69	0	30	109	26	4	
70	0	30	109	26	4	
71	0	30	109	26	4	
72	0	30	109	26	4	
73	0	30	109	26	4	
74	0	30	109	26	4	
75	0	30	109	26	4	
76	0	30	109	26	4	
77	0	30	109	26	4	
78	0	30	109	26	4	
79	0	30	109	26	4	
80	0	30	109	26	4	
81	0	30	109	26	4	
82	0	30	109	26	4	
83	0	30	109	26	4	
84	0	30	109	26	4	
85	0	30	109	26	4	
86	0	30	109	26	4	
87	0	30	109	26	4	
88	0	30	109	26	4	
89	0	30	109	26	4	
90	0	30	109	26	4	
91	0	30	109	26	4	
92	0	30	109	26	4	
93	0	30	109	26	4	
94	0	30	109	26	4	
95	0	30	109	26	4	
96	0	30	109	26	4	
97	0	30	109	26	4	
98	0	30	109	26	4	
99	0	30	109	26	4	
100	0	30	109	26	4	
101	0	30	109	26	4	
102	0	30	109	26	4	
103	0	30	109	26	4	
104	0	30	109	26	4	
105	0	30	109	26	4	
106	0	30	109	26	4	
107	0	30	109	26	4	
108	0	30	109	26	4	
109	0	30	109	26	4	
110	0	30	109	26	4	
111	0	30	109	26	4	
112	0	30	109	26	4	
113	0	30	109	26	4	
114	0	30	109	26	4	
115	0	30	109	26	4	
116	0	30	109	26	4	
117	0	30	109	26	4	
118	0	30	109	26	4	
119	0	30	109	26	4	
120	0	30	109	26	4	
121	0	30	109	26	4	
122	0	30	109	26	4	
123	0	30	109	26	4	
124	0	30	109	26	4	
125	0	30	109	26	4	
126	0	30	109	26	4	
127	0	30	109	26	4	
128	0	30	109	26	4	
129	0	30	109	26	4	
130	0	30	109	26	4	
131	0	30	109	26	4	
132	0	30	109	26	4	
133	0	30	109	26	4	
134	0	30	109	26	4	
135	0	30	109	26	4	
136	0	30	109	26	4	
137	0	30	109	26	4	
138	0	30	109	26	4	
139	0	30	109	26	4	
140	0	30	109	26	4	
141	0	30	109	26	4	
142	0	30	109	26	4	
143	0	30	109	26	4	
144	0	30	109	26	4	
145	0	30	109	26	4	
146	0	30	109	26	4	
147	0	30	109	26	4	
148	0	30	109	26	4	
149	0	30	109	26	4	
