0	0.00000
1	0.00050
2	0.00050
3	0.00000
4	0.00000
5	0.00050
6	0.00000
7	0.00000
8	0.00050
9	0.00000
10	0.00200
11	0.00100
12	0.00050
13	0.00050
14	0.00100
15	0.00050
16	0.00100
17	0.00150
18	0.00150
19	0.00100
20	0.00100
21	0.00050
22	0.00200
23	0.00150
24	0.00250
25	0.00200
26	0.00150
27	0.00200
28	0.00250
29	0.00450
30	0.00350
31	0.00600
32	0.00550
33	0.00550
34	0.00550
35	0.00400
36	0.00950
37	0.00300
38	0.00700
39	0.00700
40	0.00500
41	0.00700
42	0.00750
43	0.00900
44	0.01000
45	0.00850
46	0.00800
47	0.01150
48	0.01250
49	0.01250
50	0.01200
51	0.01550
52	0.01200
53	0.01400
54	0.01350
55	0.01550
56	0.01350
57	0.01300
58	0.01300
59	0.01750
60	0.01550
61	0.01600
62	0.01950
63	0.01900
64	0.01600
65	0.01550
66	0.01400
67	0.01100
68	0.01050
69	0.01450
70	0.01650
71	0.01400
72	0.01000
73	0.01850
74	0.01250
75	0.01500
76	0.01250
77	0.01450
78	0.01750
79	0.01500
80	0.01200
81	0.01700
82	0.01050
83	0.01200
84	0.01350
85	0.01500
86	0.01150
87	0.01150
88	0.00800
89	0.01100
90	0.00650
91	0.00850
92	0.00650
93	0.01200
94	0.00500
95	0.00600
96	0.00650
97	0.00950
98	0.00600
99	0.00550
100	0.00800
101	0.00550
102	0.00600
103	0.00550
104	0.00500
105	0.00300
106	0.00450
107	0.00600
108	0.00600
109	0.00300
110	0.00150
111	0.00250
112	0.00350
113	0.00350
114	0.00550
115	0.00300
116	0.00400
117	0.00400
118	0.00250
119	0.00350
120	0.00150
121	0.00300
122	0.00200
123	0.00350
124	0.00100
125	0.00450
126	0.00050
127	0.00100
128	0.00200
129	0.00350
130	0.00200
131	0.00300
132	0.00300
133	0.00300
134	0.00150
135	0.00150
136	0.00100
137	0.00050
138	0.00200
139	0.00100
140	0.00250
141	0.00200
142	0.00100
143	0.00050
144	0.00100
145	0.00000
146	0.00050
147	0.00200
148	0.00150
149	0.00100
150	0.00050
151	0.00050
152	0.00050
153	0.00050
154	0.00000
155	0.00100
156	0.00100
157	0.00050
158	0.00050
159	0.00100
160	0.00050
161	0.00050
162	0.00100
163	0.00050
164	0.00050
165	0.00000
166	0.00050
167	0.00050
168	0.00000
169	0.00000
170	0.00100
171	0.00050
172	0.00050
173	0.00000
174	0.00100
175	0.00000
176	0.00050
177	0.00000
178	0.00000
179	0.00000
