0	0.00000
1	0.00000
2	0.00000
3	0.00000
4	0.00000
5	0.00000
6	0.00000
7	0.00000
8	0.00000
9	0.00000
10	0.00000
11	0.00000
12	0.00000
13	0.00000
14	0.00000
15	0.00000
16	0.00000
17	0.00000
18	0.00000
19	0.00000
20	0.00000
21	0.00337
22	0.00313
23	0.00148
24	0.00335
25	0.00573
26	0.01209
27	0.01348
28	0.01181
29	0.02062
30	0.02755
31	0.03745
32	0.04421
33	0.05529
34	0.05792
35	0.06234
36	0.06216
37	0.05334
38	0.05926
39	0.05643
40	0.05219
41	0.05436
42	0.04418
43	0.04789
44	0.04426
45	0.04298
46	0.03860
47	0.04295
48	0.04095
49	0.04342
50	0.04292
51	0.04267
52	0.03772
53	0.04086
54	0.03675
55	0.03370
56	0.03222
57	0.02827
58	0.02538
59	0.02592
60	0.02452
61	0.02289
62	0.02016
63	0.02024
64	0.01830
65	0.01714
66	0.01715
67	0.01693
68	0.01537
69	0.01226
70	0.01056
71	0.01035
72	0.00895
73	0.00931
74	0.00833
75	0.00849
76	0.00802
77	0.00711
78	0.00507
79	0.00527
80	0.00576
81	0.00650
82	0.00647
83	0.00568
84	0.00425
85	0.00382
86	0.00355
87	0.00343
88	0.00278
89	0.00261
90	0.00202
91	0.00236
92	0.00173
93	0.00172
94	0.00121
95	0.00155
96	0.00093
97	0.00056
98	0.00054
99	0.00049
100	0.00047
101	0.00049
102	0.00062
103	0.00060
104	0.00025
105	0.00060
106	0.00059
107	0.00021
108	0.00019
109	0.00017
110	0.00019
111	0.00020
112	0.00000
113	0.00000
114	0.00000
115	0.00000
116	0.00000
117	0.00000
118	0.00000
119	0.00000
120	0.00000
121	0.00000
122	0.00000
123	0.00000
124	0.00000
125	0.00000
126	0.00000
127	0.00000
128	0.00000
129	0.00000
130	0.00000
131	0.00000
132	0.00000
133	0.00000
134	0.00000
135	0.00000
136	0.00000
137	0.00000
138	0.00000
139	0.00000
140	0.00000
141	0.00000
142	0.00000
143	0.00000
144	0.00000
145	0.00000
146	0.00000
147	0.00000
148	0.00000
149	0.00000
150	0.00000
151	0.00000
152	0.00000
153	0.00000
154	0.00000
155	0.00000
156	0.00000
157	0.00000
158	0.00000
159	0.00000
160	0.00000
161	0.00000
162	0.00000
163	0.00000
164	0.00000
165	0.00000
166	0.00000
167	0.00000
168	0.00000
169	0.00000
170	0.00000
171	0.00000
172	0.00000
173	0.00000
174	0.00000
175	0.00000
176	0.00000
177	0.00000
178	0.00000
179	0.00000
