0	0.00500
1	0.00550
2	0.00600
3	0.00600
4	0.00600
5	0.00650
6	0.00650
7	0.00650
8	0.00700
9	0.00700
10	0.00900
11	0.01000
12	0.01050
13	0.01100
14	0.01200
15	0.01250
16	0.01350
17	0.01500
18	0.01650
19	0.01750
20	0.01850
21	0.01900
22	0.02100
23	0.02250
24	0.02500
25	0.02700
26	0.02850
27	0.03050
28	0.03300
29	0.03750
30	0.04100
31	0.04700
32	0.05250
33	0.05800
34	0.06350
35	0.06750
36	0.07700
37	0.08000
38	0.08700
39	0.09400
40	0.09900
41	0.10600
42	0.11350
43	0.12250
44	0.13250
45	0.14100
46	0.14900
47	0.16050
48	0.17300
49	0.18550
50	0.19750
51	0.21300
52	0.22500
53	0.23900
54	0.25250
55	0.26800
56	0.28150
57	0.29450
58	0.30750
59	0.32500
60	0.34050
61	0.35650
62	0.37600
63	0.39500
64	0.41100
65	0.42650
66	0.44050
67	0.45150
68	0.46200
69	0.47650
70	0.49300
71	0.50700
72	0.51700
73	0.53550
74	0.54800
75	0.56300
76	0.57550
77	0.59000
78	0.60750
79	0.62250
80	0.63450
81	0.65150
82	0.66200
83	0.67400
84	0.68750
85	0.70250
86	0.71400
87	0.72550
88	0.73350
89	0.74450
90	0.75100
91	0.75950
92	0.76600
93	0.77800
94	0.78300
95	0.78900
96	0.79550
97	0.80500
98	0.81100
99	0.81650
100	0.82450
101	0.83000
102	0.83600
103	0.84150
104	0.84650
105	0.84950
106	0.85400
107	0.86000
108	0.86600
109	0.86900
110	0.87050
111	0.87300
112	0.87650
113	0.88000
114	0.88550
115	0.88850
116	0.89250
117	0.89650
118	0.89900
119	0.90250
120	0.90400
121	0.90700
122	0.90900
123	0.91250
124	0.91350
125	0.91800
126	0.91850
127	0.91950
128	0.92150
129	0.92500
130	0.92700
131	0.93000
132	0.93300
133	0.93600
134	0.93750
135	0.93900
136	0.94000
137	0.94050
138	0.94250
139	0.94350
140	0.94600
141	0.94800
142	0.94900
143	0.94950
144	0.95050
145	0.95050
146	0.95100
147	0.95300
148	0.95450
149	0.95550
150	0.95600
151	0.95650
152	0.95700
153	0.95750
154	0.95750
155	0.95850
156	0.95950
157	0.96000
158	0.96050
159	0.96150
160	0.96200
161	0.96250
162	0.96350
163	0.96400
164	0.96450
165	0.96450
166	0.96500
167	0.96550
168	0.96550
169	0.96550
170	0.96650
171	0.96700
172	0.96750
173	0.96750
174	0.96850
175	0.96850
176	0.96900
177	0.96900
178	0.96900
179	0.96900
