0	0.00000
1	0.00000
2	0.00000
3	0.01367
4	0.01840
5	0.01841
6	0.01841
7	0.02667
8	0.02593
9	0.02593
10	0.01539
11	0.01098
12	0.07019
13	0.08387
14	0.08701
15	0.08899
16	0.10393
17	0.12467
18	0.12109
19	0.14978
20	0.17556
21	0.17116
22	0.18062
23	0.17131
24	0.18574
25	0.18518
26	0.20545
27	0.23085
28	0.22388
29	0.25810
30	0.29429
31	0.40119
32	0.44369
33	0.53652
34	0.60701
35	0.63571
36	0.63714
37	0.54845
38	0.60466
39	0.55378
40	0.52243
41	0.52738
42	0.48657
43	0.47561
44	0.43994
45	0.42521
46	0.40201
47	0.42102
48	0.38814
49	0.40986
50	0.41305
51	0.41616
52	0.37600
53	0.38709
54	0.33853
55	0.31413
56	0.29195
57	0.27736
58	0.25432
59	0.24248
60	0.23393
61	0.23114
62	0.21671
63	0.22023
64	0.21523
65	0.21912
66	0.20501
67	0.19712
68	0.18208
69	0.15821
70	0.13494
71	0.12692
72	0.11646
73	0.11607
74	0.10417
75	0.10919
76	0.10536
77	0.10139
78	0.09377
79	0.09492
80	0.09622
81	0.09668
82	0.08613
83	0.08896
84	0.08427
85	0.07909
86	0.07411
87	0.07790
88	0.07529
89	0.07064
90	0.06478
91	0.06257
92	0.05431
93	0.05192
94	0.04534
95	0.04791
96	0.04324
97	0.03754
98	0.03733
99	0.03762
100	0.03591
101	0.03699
102	0.03615
103	0.03719
104	0.03758
105	0.03405
106	0.03086
107	0.02781
108	0.02659
109	0.02579
110	0.02539
111	0.02446
112	0.02156
113	0.01913
114	0.01905
115	0.01827
116	0.01756
117	0.01671
118	0.01541
119	0.01659
120	0.01619
121	0.01742
122	0.01589
123	0.01416
124	0.01330
125	0.01514
126	0.01374
127	0.01490
128	0.01323
129	0.01313
130	0.01211
131	0.01194
132	0.01064
133	0.01457
134	0.01417
135	0.01561
136	0.01426
137	0.01198
138	0.01094
139	0.00920
140	0.00863
141	0.00807
142	0.00855
143	0.00920
144	0.00907
145	0.00771
146	0.00761
147	0.00516
148	0.00455
149	0.00426
150	0.00510
151	0.00479
152	0.00560
153	0.00541
154	0.00626
155	0.00598
156	0.00443
157	0.00303
158	0.00327
159	0.00278
160	0.00397
161	0.00366
162	0.00462
163	0.00489
164	0.00424
165	0.00392
166	0.00417
167	0.00354
168	0.00347
169	0.00251
170	0.00210
171	0.00144
172	0.00134
173	0.00117
174	0.00201
175	0.00134
176	0.00221
177	0.00221
178	0.00234
179	0.00234
