0	0.00500
1	0.01350
2	0.03300
3	0.09050
4	0.23000
5	0.45950
6	0.64550
7	0.73050
8	0.76000
9	0.76600
10	0.76900
11	0.76900
12	0.76900
13	0.76900
14	0.76900
15	0.76900
16	0.76900
17	0.76900
18	0.76900
19	0.76900
20	0.76900
21	0.76900
22	0.76900
23	0.76900
24	0.76900
25	0.76900
26	0.76900
27	0.76900
28	0.76900
29	0.76900
30	0.76900
31	0.76900
32	0.76900
33	0.76900
34	0.76900
35	0.76900
36	0.76900
37	0.76900
38	0.76900
39	0.76900
40	0.76900
41	0.76900
42	0.76900
43	0.76900
44	0.76900
45	0.76900
46	0.76900
47	0.76900
48	0.76900
49	0.76900
50	0.76900
51	0.76900
52	0.76900
53	0.76900
54	0.76900
55	0.76900
56	0.76900
57	0.76900
58	0.76900
59	0.76900
60	0.76900
61	0.76900
62	0.76900
63	0.76900
64	0.76900
65	0.76900
66	0.76900
67	0.76900
68	0.76900
69	0.76900
70	0.76900
71	0.76900
72	0.76900
73	0.76900
74	0.76900
75	0.76900
76	0.76900
77	0.76900
78	0.76900
79	0.76900
80	0.76900
81	0.76900
82	0.76900
83	0.76900
84	0.76900
85	0.76900
86	0.76900
87	0.76900
88	0.76900
89	0.76900
90	0.76900
91	0.76900
92	0.76900
93	0.76900
94	0.76900
95	0.76900
96	0.76900
97	0.76900
98	0.76900
99	0.76900
100	0.76900
101	0.76900
102	0.76900
103	0.76900
104	0.76900
105	0.76900
106	0.76900
107	0.76900
108	0.76900
109	0.76900
110	0.76900
111	0.76900
112	0.76900
113	0.76900
114	0.76900
115	0.76900
116	0.76900
117	0.76900
118	0.76900
119	0.76900
120	0.76900
121	0.76900
122	0.76900
123	0.76900
124	0.76900
125	0.76900
126	0.76900
127	0.76900
128	0.76900
129	0.76900
130	0.76900
131	0.76900
132	0.76900
133	0.76900
134	0.76900
135	0.76900
136	0.76900
137	0.76900
138	0.76900
139	0.76900
140	0.76900
141	0.76900
142	0.76900
143	0.76900
144	0.76900
145	0.76900
146	0.76900
147	0.76900
148	0.76900
149	0.76900
