0	0.00500
1	0.01500
2	0.04400
3	0.11000
4	0.26700
5	0.51300
6	0.72900
7	0.81400
8	0.83100
9	0.83500
10	0.83650
11	0.83650
12	0.83650
13	0.83650
14	0.83650
15	0.83650
16	0.83650
17	0.83650
18	0.83650
19	0.83650
20	0.83650
21	0.83650
22	0.83650
23	0.83650
24	0.83650
25	0.83650
26	0.83650
27	0.83650
28	0.83650
29	0.83650
30	0.83650
31	0.83650
32	0.83650
33	0.83650
34	0.83650
35	0.83650
36	0.83650
37	0.83650
38	0.83650
39	0.83650
40	0.83650
41	0.83650
42	0.83650
43	0.83650
44	0.83650
45	0.83650
46	0.83650
47	0.83650
48	0.83650
49	0.83650
50	0.83650
51	0.83650
52	0.83650
53	0.83650
54	0.83650
55	0.83650
56	0.83650
57	0.83650
58	0.83650
59	0.83650
60	0.83650
61	0.83650
62	0.83650
63	0.83650
64	0.83650
65	0.83650
66	0.83650
67	0.83650
68	0.83650
69	0.83650
70	0.83650
71	0.83650
72	0.83650
73	0.83650
74	0.83650
75	0.83650
76	0.83650
77	0.83650
78	0.83650
79	0.83650
80	0.83650
81	0.83650
82	0.83650
83	0.83650
84	0.83650
85	0.83650
86	0.83650
87	0.83650
88	0.83650
89	0.83650
90	0.83650
91	0.83650
92	0.83650
93	0.83650
94	0.83650
95	0.83650
96	0.83650
97	0.83650
98	0.83650
99	0.83650
100	0.83650
101	0.83650
102	0.83650
103	0.83650
104	0.83650
105	0.83650
106	0.83650
107	0.83650
108	0.83650
109	0.83650
110	0.83650
111	0.83650
112	0.83650
113	0.83650
114	0.83650
115	0.83650
116	0.83650
117	0.83650
118	0.83650
119	0.83650
120	0.83650
121	0.83650
122	0.83650
123	0.83650
124	0.83650
125	0.83650
126	0.83650
127	0.83650
128	0.83650
129	0.83650
130	0.83650
131	0.83650
132	0.83650
133	0.83650
134	0.83650
135	0.83650
136	0.83650
137	0.83650
138	0.83650
139	0.83650
140	0.83650
141	0.83650
142	0.83650
143	0.83650
144	0.83650
145	0.83650
146	0.83650
147	0.83650
148	0.83650
149	0.83650
