0	0	0	0	0	0	
1	741	0	0	0	0	
2	720	0	0	0	0	
3	340	337	0	0	0	
4	0	284	291	0	0	
5	0	2	196	236	0	
6	0	0	10	126	212	
7	0	0	10	12	307	
8	0	0	10	12	306	
9	0	0	10	12	306	
10	0	0	10	12	305	
11	0	0	10	12	305	
12	0	0	10	12	305	
13	0	0	10	12	305	
14	0	0	10	12	305	
15	0	0	10	12	305	
16	0	0	10	12	305	
17	0	0	10	12	305	
18	0	0	10	12	305	
19	0	0	10	12	305	
20	0	0	10	12	305	
21	0	0	10	12	305	
22	0	0	10	12	305	
23	0	0	10	12	305	
24	0	0	10	12	305	
25	0	0	10	12	305	
26	0	0	10	12	305	
27	0	0	10	12	305	
28	0	0	10	12	305	
29	0	0	10	12	305	
30	0	0	10	12	305	
31	0	0	10	12	305	
32	0	0	10	12	305	
33	0	0	10	12	305	
34	0	0	10	12	305	
35	0	0	10	12	305	
36	0	0	10	12	305	
37	0	0	10	12	305	
38	0	0	10	12	305	
39	0	0	10	12	305	
40	0	0	10	12	305	
41	0	0	10	12	305	
42	0	0	10	12	305	
43	0	0	10	12	305	
44	0	0	10	12	305	
45	0	0	10	12	305	
46	0	0	10	12	305	
47	0	0	10	12	305	
48	0	0	10	12	305	
49	0	0	10	12	305	
50	0	0	10	12	305	
51	0	0	10	12	305	
52	0	0	10	12	305	
53	0	0	10	12	305	
54	0	0	10	12	305	
55	0	0	10	12	305	
56	0	0	10	12	305	
57	0	0	10	12	305	
58	0	0	10	12	305	
59	0	0	10	12	305	
60	0	0	10	12	305	
61	0	0	10	12	305	
62	0	0	10	12	305	
63	0	0	10	12	305	
64	0	0	10	12	305	
65	0	0	10	12	305	
66	0	0	10	12	305	
67	0	0	10	12	305	
68	0	0	10	12	305	
69	0	0	10	12	305	
70	0	0	10	12	305	
71	0	0	10	12	305	
72	0	0	10	12	305	
73	0	0	10	12	305	
74	0	0	10	12	305	
75	0	0	10	12	305	
76	0	0	10	12	305	
77	0	0	10	12	305	
78	0	0	10	12	305	
79	0	0	10	12	305	
80	0	0	10	12	305	
81	0	0	10	12	305	
82	0	0	10	12	305	
83	0	0	10	12	305	
84	0	0	10	12	305	
85	0	0	10	12	305	
86	0	0	10	12	305	
87	0	0	10	12	305	
88	0	0	10	12	305	
89	0	0	10	12	305	
90	0	0	10	12	305	
91	0	0	10	12	305	
92	0	0	10	12	305	
93	0	0	10	12	305	
94	0	0	10	12	305	
95	0	0	10	12	305	
96	0	0	10	12	305	
97	0	0	10	12	305	
98	0	0	10	12	305	
99	0	0	10	12	305	
100	0	0	10	12	305	
101	0	0	10	12	305	
102	0	0	10	12	305	
103	0	0	10	12	305	
104	0	0	10	12	305	
105	0	0	10	12	305	
106	0	0	10	12	305	
107	0	0	10	12	305	
108	0	0	10	12	305	
109	0	0	10	12	305	
110	0	0	10	12	305	
111	0	0	10	12	305	
112	0	0	10	12	305	
113	0	0	10	12	305	
114	0	0	10	12	305	
115	0	0	10	12	305	
116	0	0	10	12	305	
117	0	0	10	12	305	
118	0	0	10	12	305	
119	0	0	10	12	305	
120	0	0	10	12	305	
121	0	0	10	12	305	
122	0	0	10	12	305	
123	0	0	10	12	305	
124	0	0	10	12	305	
125	0	0	10	12	305	
126	0	0	10	12	305	
127	0	0	10	12	305	
128	0	0	10	12	305	
129	0	0	10	12	305	
130	0	0	10	12	305	
131	0	0	10	12	305	
132	0	0	10	12	305	
133	0	0	10	12	305	
134	0	0	10	12	305	
135	0	0	10	12	305	
136	0	0	10	12	305	
137	0	0	10	12	305	
138	0	0	10	12	305	
139	0	0	10	12	305	
140	0	0	10	12	305	
141	0	0	10	12	305	
142	0	0	10	12	305	
143	0	0	10	12	305	
144	0	0	10	12	305	
145	0	0	10	12	305	
146	0	0	10	12	305	
147	0	0	10	12	305	
148	0	0	10	12	305	
149	0	0	10	12	305	
