0	0.00000
1	0.00000
2	0.00000
3	0.04489
4	0.38589
5	0.63775
6	1.06331
7	1.29120
8	1.45673
9	1.50488
10	1.34710
11	1.19336
12	1.00980
13	0.81877
14	0.60992
15	0.44922
16	0.32755
17	0.24874
18	0.18710
19	0.13572
20	0.10739
21	0.08616
22	0.07211
23	0.05895
24	0.04929
25	0.03956
26	0.03424
27	0.02981
28	0.02557
29	0.01981
30	0.01622
31	0.01207
32	0.01117
33	0.00822
34	0.00408
35	0.00179
36	0.00226
37	0.00132
38	0.00129
39	0.00004
40	0.00000
41	0.00000
42	0.00000
43	0.00000
44	0.00000
45	0.00000
46	0.00000
47	0.00000
48	0.00000
49	0.00000
50	0.00000
51	0.00000
52	0.00000
53	0.00000
54	0.00000
55	0.00000
56	0.00000
57	0.00000
58	0.00000
59	0.00000
60	0.00000
61	0.00000
62	0.00000
63	0.00000
64	0.00000
65	0.00000
66	0.00000
67	0.00000
68	0.00000
69	0.00000
70	0.00000
71	0.00000
72	0.00000
73	0.00000
74	0.00000
75	0.00000
76	0.00000
77	0.00000
78	0.00000
79	0.00000
80	0.00000
81	0.00000
82	0.00000
83	0.00000
84	0.00000
85	0.00000
86	0.00000
87	0.00000
88	0.00000
89	0.00000
90	0.00000
91	0.00000
92	0.00000
93	0.00000
94	0.00000
95	0.00000
96	0.00000
97	0.00000
98	0.00000
99	0.00000
