0	0.00500
1	0.01500
2	0.04550
3	0.12600
4	0.28450
5	0.51900
6	0.69450
7	0.76700
8	0.78550
9	0.79150
10	0.79200
11	0.79200
12	0.79200
13	0.79200
14	0.79200
15	0.79200
16	0.79200
17	0.79200
18	0.79200
19	0.79200
20	0.79200
21	0.79200
22	0.79200
23	0.79200
24	0.79200
25	0.79200
26	0.79200
27	0.79200
28	0.79200
29	0.79200
30	0.79200
31	0.79200
32	0.79200
33	0.79200
34	0.79200
35	0.79200
36	0.79200
37	0.79200
38	0.79200
39	0.79200
40	0.79200
41	0.79200
42	0.79200
43	0.79200
44	0.79200
45	0.79200
46	0.79200
47	0.79200
48	0.79200
49	0.79200
50	0.79200
51	0.79200
52	0.79200
53	0.79200
54	0.79200
55	0.79200
56	0.79200
57	0.79200
58	0.79200
59	0.79200
60	0.79200
61	0.79200
62	0.79200
63	0.79200
64	0.79200
65	0.79200
66	0.79200
67	0.79200
68	0.79200
69	0.79200
70	0.79200
71	0.79200
72	0.79200
73	0.79200
74	0.79200
75	0.79200
76	0.79200
77	0.79200
78	0.79200
79	0.79200
80	0.79200
81	0.79200
82	0.79200
83	0.79200
84	0.79200
85	0.79200
86	0.79200
87	0.79200
88	0.79200
89	0.79200
90	0.79200
91	0.79200
92	0.79200
93	0.79200
94	0.79200
95	0.79200
96	0.79200
97	0.79200
98	0.79200
99	0.79200
