0	0.00000
1	0.00000
2	0.00000
3	0.00000
4	0.02489
5	0.69921
6	1.05884
7	1.05315
8	0.97712
9	0.99327
10	1.03235
11	1.05391
12	1.03153
13	1.01737
14	1.10049
15	1.16881
16	1.10601
17	1.12182
18	1.10475
19	1.10709
20	1.17727
21	1.26207
22	1.15368
23	1.12061
24	1.11781
25	1.06082
26	1.04790
27	1.05513
28	1.01342
29	1.04010
30	1.01892
31	0.96512
32	0.91344
33	0.88503
34	0.82629
35	0.76013
36	0.78442
37	0.76305
38	0.73047
39	0.70902
40	0.67382
41	0.64661
42	0.61226
43	0.58411
44	0.59769
45	0.60419
46	0.62821
47	0.62832
48	0.62988
49	0.62055
50	0.60771
51	0.58621
52	0.57214
53	0.55293
54	0.52332
55	0.50806
56	0.47878
57	0.45278
58	0.43745
59	0.42022
60	0.41094
61	0.37965
62	0.35700
63	0.34326
64	0.31498
65	0.29765
66	0.28789
67	0.27799
68	0.26256
69	0.24402
70	0.22799
71	0.21507
72	0.20207
73	0.18968
74	0.18735
75	0.17684
76	0.16623
77	0.15831
78	0.14492
79	0.14056
80	0.12657
81	0.11937
82	0.11441
83	0.10448
84	0.10363
85	0.09492
86	0.08797
87	0.08278
88	0.07617
89	0.07413
90	0.06947
91	0.06652
92	0.06373
93	0.06150
94	0.05631
95	0.05142
96	0.04926
97	0.04497
98	0.04123
99	0.03969
100	0.03855
101	0.03546
102	0.03473
103	0.03282
104	0.03145
105	0.02776
106	0.02511
107	0.02240
108	0.02021
109	0.01908
110	0.01735
111	0.01562
112	0.01504
113	0.01386
114	0.01369
115	0.01271
116	0.01322
117	0.01322
118	0.01252
119	0.01276
120	0.01252
121	0.01234
122	0.01203
123	0.01356
124	0.01296
125	0.01297
126	0.01280
127	0.01255
128	0.01194
129	0.01150
130	0.01139
131	0.01104
132	0.01080
133	0.01075
134	0.01069
135	0.01069
136	0.01062
137	0.01062
138	0.01062
139	0.01062
140	0.00032
141	0.00030
142	0.00000
143	0.00000
144	0.00000
145	0.00000
146	0.00000
147	0.00000
148	0.00000
149	0.00000
