0	0.00500
1	0.00500
2	0.00550
3	0.00700
4	0.01050
5	0.01200
6	0.01300
7	0.01500
8	0.01700
9	0.01850
10	0.01950
11	0.02100
12	0.02400
13	0.02700
14	0.02800
15	0.03050
16	0.03250
17	0.03450
18	0.03800
19	0.04300
20	0.04450
21	0.04800
22	0.05200
23	0.05550
24	0.06000
25	0.06550
26	0.07050
27	0.07750
28	0.08350
29	0.08950
30	0.09450
31	0.10100
32	0.10650
33	0.11000
34	0.12100
35	0.12900
36	0.13600
37	0.14350
38	0.15050
39	0.15800
40	0.16450
41	0.17200
42	0.18450
43	0.19750
44	0.21350
45	0.22700
46	0.24100
47	0.25500
48	0.26850
49	0.28100
50	0.29450
51	0.30850
52	0.31900
53	0.33250
54	0.34350
55	0.35500
56	0.36800
57	0.38100
58	0.39650
59	0.40550
60	0.41650
61	0.42950
62	0.43650
63	0.44650
64	0.45850
65	0.47000
66	0.47900
67	0.48650
68	0.49450
69	0.50250
70	0.50950
71	0.51650
72	0.52700
73	0.53450
74	0.54150
75	0.54850
76	0.55200
77	0.56000
78	0.56250
79	0.56750
80	0.57400
81	0.57700
82	0.58400
83	0.58650
84	0.58950
85	0.59300
86	0.59550
87	0.60000
88	0.60300
89	0.60700
90	0.61000
91	0.61350
92	0.61450
93	0.61600
94	0.61850
95	0.61950
96	0.62100
97	0.62300
98	0.62550
99	0.62650
100	0.62850
101	0.63000
102	0.63150
103	0.63150
104	0.63200
105	0.63200
106	0.63200
107	0.63300
108	0.63300
109	0.63300
110	0.63350
111	0.63350
112	0.63400
113	0.63400
114	0.63500
115	0.63550
116	0.63550
117	0.63600
118	0.63600
119	0.63600
120	0.63600
121	0.63750
122	0.63750
123	0.63800
124	0.63800
125	0.63800
126	0.63800
127	0.63800
128	0.63800
129	0.63800
130	0.63800
131	0.63800
132	0.63800
133	0.63800
134	0.63800
135	0.63800
136	0.63800
137	0.63800
138	0.63800
139	0.63800
140	0.63800
141	0.63800
142	0.63800
143	0.63800
144	0.63800
145	0.63800
146	0.63800
147	0.63800
148	0.63800
149	0.63800
