0	0.00000
1	0.00000
2	0.00000
3	0.00000
4	0.03685
5	0.13542
6	0.36898
7	0.46444
8	0.49173
9	0.60930
10	0.70516
11	0.76966
12	0.79497
13	0.81570
14	0.95721
15	1.06881
16	1.02072
17	1.07453
18	1.08284
19	1.08257
20	1.11894
21	1.22871
22	1.12113
23	1.11237
24	1.11215
25	1.06854
26	1.04419
27	1.04538
28	1.01220
29	1.02589
30	1.00570
31	0.97209
32	0.91744
33	0.88872
34	0.83207
35	0.76040
36	0.79342
37	0.77462
38	0.74118
39	0.71671
40	0.67794
41	0.64952
42	0.61469
43	0.58809
44	0.60403
45	0.61171
46	0.63736
47	0.63519
48	0.63719
49	0.62853
50	0.61513
51	0.59159
52	0.57562
53	0.55737
54	0.52732
55	0.51152
56	0.48140
57	0.45731
58	0.44036
59	0.42287
60	0.41304
61	0.38268
62	0.35989
63	0.34521
64	0.31665
65	0.29829
66	0.28836
67	0.27803
68	0.26277
69	0.24447
70	0.22887
71	0.21588
72	0.20226
73	0.19015
74	0.18729
75	0.17630
76	0.16653
77	0.15911
78	0.14544
79	0.14126
80	0.12774
81	0.12077
82	0.11591
83	0.10577
84	0.10488
85	0.09595
86	0.08899
87	0.08365
88	0.07683
89	0.07448
90	0.06986
91	0.06708
92	0.06412
93	0.06188
94	0.05643
95	0.05168
96	0.04936
97	0.04509
98	0.04129
99	0.03971
100	0.03871
101	0.03537
102	0.03482
103	0.03290
104	0.03144
105	0.02781
106	0.02515
107	0.02231
108	0.01999
109	0.01895
110	0.01679
111	0.01502
112	0.01420
113	0.01246
114	0.01220
115	0.01092
116	0.01118
117	0.01063
118	0.00950
119	0.00879
120	0.00749
121	0.00614
122	0.00596
123	0.00751
124	0.00719
125	0.00757
126	0.00668
127	0.00656
128	0.00621
129	0.00555
130	0.00551
131	0.00475
132	0.00464
133	0.00371
134	0.00312
135	0.00312
136	0.00259
137	0.00259
138	0.00259
139	0.00259
140	0.00060
141	0.00060
142	0.00000
143	0.00000
144	0.00000
145	0.00000
146	0.00000
147	0.00000
148	0.00000
149	0.00000
