0	0.00000
1	0.00000
2	0.00000
3	0.00083
4	0.00623
5	0.26391
6	0.65983
7	0.97032
8	1.24400
9	1.22718
10	1.27418
11	1.20680
12	1.05876
13	0.88540
14	0.69161
15	0.52858
16	0.38868
17	0.28475
18	0.20464
19	0.14444
20	0.10110
21	0.07426
22	0.05528
23	0.04228
24	0.03252
25	0.02585
26	0.02019
27	0.01554
28	0.01103
29	0.00901
30	0.00446
31	0.00277
32	0.00101
33	0.00050
34	0.00035
35	0.00010
36	0.00000
37	0.00000
38	0.00000
39	0.00000
40	0.00000
41	0.00000
42	0.00000
43	0.00000
44	0.00000
45	0.00000
46	0.00000
47	0.00000
48	0.00000
49	0.00000
50	0.00000
51	0.00000
52	0.00000
53	0.00000
54	0.00000
55	0.00000
56	0.00000
57	0.00000
58	0.00000
59	0.00000
60	0.00000
61	0.00000
62	0.00000
63	0.00000
64	0.00000
65	0.00000
66	0.00000
67	0.00000
68	0.00000
69	0.00000
70	0.00000
71	0.00000
72	0.00000
73	0.00000
74	0.00000
75	0.00000
76	0.00000
77	0.00000
78	0.00000
79	0.00000
80	0.00000
81	0.00000
82	0.00000
83	0.00000
84	0.00000
85	0.00000
86	0.00000
87	0.00000
88	0.00000
89	0.00000
90	0.00000
91	0.00000
92	0.00000
93	0.00000
94	0.00000
95	0.00000
96	0.00000
97	0.00000
98	0.00000
99	0.00000
