0	0.00000
1	0.00000
2	0.00000
3	0.00973
4	0.02079
5	0.14710
6	0.33714
7	0.62619
8	1.06494
9	1.24892
10	1.47832
11	1.54602
12	1.45725
13	1.27155
14	1.00660
15	0.77404
16	0.58507
17	0.42364
18	0.30358
19	0.21078
20	0.14728
21	0.10794
22	0.08073
23	0.06466
24	0.04947
25	0.04063
26	0.03313
27	0.02621
28	0.02172
29	0.01807
30	0.01315
31	0.01055
32	0.00581
33	0.00390
34	0.00288
35	0.00257
36	0.00181
37	0.00091
38	0.00062
39	0.00062
40	0.00000
41	0.00000
42	0.00000
43	0.00000
44	0.00000
45	0.00000
46	0.00000
47	0.00000
48	0.00000
49	0.00000
50	0.00000
51	0.00000
52	0.00000
53	0.00000
54	0.00000
55	0.00000
56	0.00000
57	0.00000
58	0.00000
59	0.00000
60	0.00000
61	0.00000
62	0.00000
63	0.00000
64	0.00000
65	0.00000
66	0.00000
67	0.00000
68	0.00000
69	0.00000
70	0.00000
71	0.00000
72	0.00000
73	0.00000
74	0.00000
75	0.00000
76	0.00000
77	0.00000
78	0.00000
79	0.00000
80	0.00000
81	0.00000
82	0.00000
83	0.00000
84	0.00000
85	0.00000
86	0.00000
87	0.00000
88	0.00000
89	0.00000
90	0.00000
91	0.00000
92	0.00000
93	0.00000
94	0.00000
95	0.00000
96	0.00000
97	0.00000
98	0.00000
99	0.00000
