0	0.00500
1	0.01450
2	0.04050
3	0.11750
4	0.27750
5	0.55100
6	0.79800
7	0.88800
8	0.90750
9	0.91100
10	0.91250
11	0.91250
12	0.91250
13	0.91250
14	0.91250
15	0.91250
16	0.91250
17	0.91250
18	0.91250
19	0.91250
20	0.91250
21	0.91250
22	0.91250
23	0.91250
24	0.91250
25	0.91250
26	0.91250
27	0.91250
28	0.91250
29	0.91250
30	0.91250
31	0.91250
32	0.91250
33	0.91250
34	0.91250
35	0.91250
36	0.91250
37	0.91250
38	0.91250
39	0.91250
40	0.91250
41	0.91250
42	0.91250
43	0.91250
44	0.91250
45	0.91250
46	0.91250
47	0.91250
48	0.91250
49	0.91250
50	0.91250
51	0.91250
52	0.91250
53	0.91250
54	0.91250
55	0.91250
56	0.91250
57	0.91250
58	0.91250
59	0.91250
60	0.91250
61	0.91250
62	0.91250
63	0.91250
64	0.91250
65	0.91250
66	0.91250
67	0.91250
68	0.91250
69	0.91250
70	0.91250
71	0.91250
72	0.91250
73	0.91250
74	0.91250
75	0.91250
76	0.91250
77	0.91250
78	0.91250
79	0.91250
80	0.91250
81	0.91250
82	0.91250
83	0.91250
84	0.91250
85	0.91250
86	0.91250
87	0.91250
88	0.91250
89	0.91250
90	0.91250
91	0.91250
92	0.91250
93	0.91250
94	0.91250
95	0.91250
96	0.91250
97	0.91250
98	0.91250
99	0.91250
100	0.91250
101	0.91250
102	0.91250
103	0.91250
104	0.91250
105	0.91250
106	0.91250
107	0.91250
108	0.91250
109	0.91250
110	0.91250
111	0.91250
112	0.91250
113	0.91250
114	0.91250
115	0.91250
116	0.91250
117	0.91250
118	0.91250
119	0.91250
120	0.91250
121	0.91250
122	0.91250
123	0.91250
124	0.91250
125	0.91250
126	0.91250
127	0.91250
128	0.91250
129	0.91250
130	0.91250
131	0.91250
132	0.91250
133	0.91250
134	0.91250
135	0.91250
136	0.91250
137	0.91250
138	0.91250
139	0.91250
140	0.91250
141	0.91250
142	0.91250
143	0.91250
144	0.91250
145	0.91250
146	0.91250
147	0.91250
148	0.91250
149	0.91250
