0	0	0	0	0	0	
1	750	0	0	0	0	
2	748	0	0	0	0	
3	739	0	0	0	0	
4	714	16	0	0	0	
5	596	103	4	0	0	
6	391	215	65	3	0	
7	186	230	162	57	3	
8	82	117	189	138	59	
9	34	56	92	167	189	
10	14	20	50	84	345	
11	13	10	24	44	411	
12	10	8	15	23	437	
13	9	8	12	21	436	
14	6	4	12	21	435	
15	3	1	11	21	434	
16	2	1	11	21	434	
17	2	1	10	21	434	
18	2	0	10	21	433	
19	2	0	10	21	432	
20	2	0	10	21	431	
21	2	0	10	21	431	
22	1	0	10	21	431	
23	1	0	10	21	431	
24	1	0	10	20	431	
25	1	0	10	20	430	
26	1	0	10	20	430	
27	1	0	10	20	430	
28	1	0	10	20	430	
29	1	0	10	20	430	
30	1	0	10	20	430	
31	1	0	10	20	430	
32	1	0	10	20	430	
33	1	0	10	20	430	
34	1	0	10	20	430	
35	1	0	10	20	430	
36	0	0	10	20	430	
37	0	0	10	20	430	
38	0	0	10	20	430	
39	0	0	10	20	430	
40	0	0	10	20	430	
41	0	0	10	20	430	
42	0	0	10	20	430	
43	0	0	10	20	430	
44	0	0	10	20	430	
45	0	0	10	20	430	
46	0	0	10	20	430	
47	0	0	10	20	430	
48	0	0	10	20	430	
49	0	0	10	20	430	
50	0	0	10	20	430	
51	0	0	10	20	430	
52	0	0	10	20	430	
53	0	0	10	20	430	
54	0	0	10	20	430	
55	0	0	10	20	430	
56	0	0	10	20	430	
57	0	0	10	20	430	
58	0	0	10	20	430	
59	0	0	10	20	430	
60	0	0	10	20	430	
61	0	0	10	20	430	
62	0	0	10	20	430	
63	0	0	10	20	430	
64	0	0	10	20	430	
65	0	0	10	20	430	
66	0	0	10	20	430	
67	0	0	10	20	430	
68	0	0	10	20	430	
69	0	0	10	20	430	
70	0	0	10	20	430	
71	0	0	10	20	430	
72	0	0	10	20	430	
73	0	0	10	20	430	
74	0	0	10	20	430	
75	0	0	10	20	430	
76	0	0	10	20	430	
77	0	0	10	20	430	
78	0	0	10	20	430	
79	0	0	10	20	430	
80	0	0	10	20	430	
81	0	0	10	20	430	
82	0	0	10	20	430	
83	0	0	10	20	430	
84	0	0	10	20	430	
85	0	0	10	20	430	
86	0	0	10	20	430	
87	0	0	10	20	430	
88	0	0	10	20	430	
89	0	0	10	20	430	
90	0	0	10	20	430	
91	0	0	10	20	430	
92	0	0	10	20	430	
93	0	0	10	20	430	
94	0	0	10	20	430	
95	0	0	10	20	430	
96	0	0	10	20	430	
97	0	0	10	20	430	
98	0	0	10	20	430	
99	0	0	10	20	430	
