0	0.00500
1	0.01250
2	0.03500
3	0.09400
4	0.23100
5	0.45200
6	0.64500
7	0.74600
8	0.77250
9	0.77750
10	0.77900
11	0.77900
12	0.77900
13	0.77900
14	0.77900
15	0.77900
16	0.77900
17	0.77900
18	0.77900
19	0.77900
20	0.77900
21	0.77900
22	0.77900
23	0.77900
24	0.77900
25	0.77900
26	0.77900
27	0.77900
28	0.77900
29	0.77900
30	0.77900
31	0.77900
32	0.77900
33	0.77900
34	0.77900
35	0.77900
36	0.77900
37	0.77900
38	0.77900
39	0.77900
40	0.77900
41	0.77900
42	0.77900
43	0.77900
44	0.77900
45	0.77900
46	0.77900
47	0.77900
48	0.77900
49	0.77900
50	0.77900
51	0.77900
52	0.77900
53	0.77900
54	0.77900
55	0.77900
56	0.77900
57	0.77900
58	0.77900
59	0.77900
60	0.77900
61	0.77900
62	0.77900
63	0.77900
64	0.77900
65	0.77900
66	0.77900
67	0.77900
68	0.77900
69	0.77900
70	0.77900
71	0.77900
72	0.77900
73	0.77900
74	0.77900
75	0.77900
76	0.77900
77	0.77900
78	0.77900
79	0.77900
80	0.77900
81	0.77900
82	0.77900
83	0.77900
84	0.77900
85	0.77900
86	0.77900
87	0.77900
88	0.77900
89	0.77900
90	0.77900
91	0.77900
92	0.77900
93	0.77900
94	0.77900
95	0.77900
96	0.77900
97	0.77900
98	0.77900
99	0.77900
100	0.77900
101	0.77900
102	0.77900
103	0.77900
104	0.77900
105	0.77900
106	0.77900
107	0.77900
108	0.77900
109	0.77900
110	0.77900
111	0.77900
112	0.77900
113	0.77900
114	0.77900
115	0.77900
116	0.77900
117	0.77900
118	0.77900
119	0.77900
120	0.77900
121	0.77900
122	0.77900
123	0.77900
124	0.77900
125	0.77900
126	0.77900
127	0.77900
128	0.77900
129	0.77900
130	0.77900
131	0.77900
132	0.77900
133	0.77900
134	0.77900
135	0.77900
136	0.77900
137	0.77900
138	0.77900
139	0.77900
140	0.77900
141	0.77900
142	0.77900
143	0.77900
144	0.77900
145	0.77900
146	0.77900
147	0.77900
148	0.77900
149	0.77900
