0	0	0	0	0	0	
1	746	0	0	0	0	
2	726	0	0	0	0	
3	20	657	0	0	0	
4	0	18	578	0	0	
5	0	0	14	476	0	
6	0	0	0	12	433	
7	0	0	0	0	443	
8	0	0	0	0	442	
9	0	0	0	0	441	
10	0	0	0	0	441	
11	0	0	0	0	441	
12	0	0	0	0	441	
13	0	0	0	0	441	
14	0	0	0	0	441	
15	0	0	0	0	441	
16	0	0	0	0	441	
17	0	0	0	0	441	
18	0	0	0	0	441	
19	0	0	0	0	441	
20	0	0	0	0	441	
21	0	0	0	0	441	
22	0	0	0	0	441	
23	0	0	0	0	441	
24	0	0	0	0	441	
25	0	0	0	0	441	
26	0	0	0	0	441	
27	0	0	0	0	441	
28	0	0	0	0	441	
29	0	0	0	0	441	
30	0	0	0	0	441	
31	0	0	0	0	441	
32	0	0	0	0	441	
33	0	0	0	0	441	
34	0	0	0	0	441	
35	0	0	0	0	441	
36	0	0	0	0	441	
37	0	0	0	0	441	
38	0	0	0	0	441	
39	0	0	0	0	441	
40	0	0	0	0	441	
41	0	0	0	0	441	
42	0	0	0	0	441	
43	0	0	0	0	441	
44	0	0	0	0	441	
45	0	0	0	0	441	
46	0	0	0	0	441	
47	0	0	0	0	441	
48	0	0	0	0	441	
49	0	0	0	0	441	
50	0	0	0	0	441	
51	0	0	0	0	441	
52	0	0	0	0	441	
53	0	0	0	0	441	
54	0	0	0	0	441	
55	0	0	0	0	441	
56	0	0	0	0	441	
57	0	0	0	0	441	
58	0	0	0	0	441	
59	0	0	0	0	441	
60	0	0	0	0	441	
61	0	0	0	0	441	
62	0	0	0	0	441	
63	0	0	0	0	441	
64	0	0	0	0	441	
65	0	0	0	0	441	
66	0	0	0	0	441	
67	0	0	0	0	441	
68	0	0	0	0	441	
69	0	0	0	0	441	
70	0	0	0	0	441	
71	0	0	0	0	441	
72	0	0	0	0	441	
73	0	0	0	0	441	
74	0	0	0	0	441	
75	0	0	0	0	441	
76	0	0	0	0	441	
77	0	0	0	0	441	
78	0	0	0	0	441	
79	0	0	0	0	441	
80	0	0	0	0	441	
81	0	0	0	0	441	
82	0	0	0	0	441	
83	0	0	0	0	441	
84	0	0	0	0	441	
85	0	0	0	0	441	
86	0	0	0	0	441	
87	0	0	0	0	441	
88	0	0	0	0	441	
89	0	0	0	0	441	
90	0	0	0	0	441	
91	0	0	0	0	441	
92	0	0	0	0	441	
93	0	0	0	0	441	
94	0	0	0	0	441	
95	0	0	0	0	441	
96	0	0	0	0	441	
97	0	0	0	0	441	
98	0	0	0	0	441	
99	0	0	0	0	441	
100	0	0	0	0	441	
101	0	0	0	0	441	
102	0	0	0	0	441	
103	0	0	0	0	441	
104	0	0	0	0	441	
105	0	0	0	0	441	
106	0	0	0	0	441	
107	0	0	0	0	441	
108	0	0	0	0	441	
109	0	0	0	0	441	
110	0	0	0	0	441	
111	0	0	0	0	441	
112	0	0	0	0	441	
113	0	0	0	0	441	
114	0	0	0	0	441	
115	0	0	0	0	441	
116	0	0	0	0	441	
117	0	0	0	0	441	
118	0	0	0	0	441	
119	0	0	0	0	441	
120	0	0	0	0	441	
121	0	0	0	0	441	
122	0	0	0	0	441	
123	0	0	0	0	441	
124	0	0	0	0	441	
125	0	0	0	0	441	
126	0	0	0	0	441	
127	0	0	0	0	441	
128	0	0	0	0	441	
129	0	0	0	0	441	
130	0	0	0	0	441	
131	0	0	0	0	441	
132	0	0	0	0	441	
133	0	0	0	0	441	
134	0	0	0	0	441	
135	0	0	0	0	441	
136	0	0	0	0	441	
137	0	0	0	0	441	
138	0	0	0	0	441	
139	0	0	0	0	441	
140	0	0	0	0	441	
141	0	0	0	0	441	
142	0	0	0	0	441	
143	0	0	0	0	441	
144	0	0	0	0	441	
145	0	0	0	0	441	
146	0	0	0	0	441	
147	0	0	0	0	441	
148	0	0	0	0	441	
149	0	0	0	0	441	
