0	0.00000
1	0.00050
2	0.00000
3	0.00000
4	0.00050
5	0.00050
6	0.00050
7	0.00000
8	0.00000
9	0.00050
10	0.00000
11	0.00100
12	0.00050
13	0.00000
14	0.00050
15	0.00100
16	0.00050
17	0.00150
18	0.00150
19	0.00150
20	0.00100
21	0.00150
22	0.00100
23	0.00000
24	0.00200
25	0.00200
26	0.00500
27	0.00500
28	0.00500
29	0.00200
30	0.00700
31	0.00550
32	0.00350
33	0.00600
34	0.00800
35	0.00350
36	0.00550
37	0.00500
38	0.00850
39	0.01000
40	0.00700
41	0.01050
42	0.00800
43	0.01150
44	0.00950
45	0.01100
46	0.01100
47	0.01100
48	0.01450
49	0.01150
50	0.01300
51	0.01700
52	0.01850
53	0.01500
54	0.01800
55	0.01750
56	0.01500
57	0.01750
58	0.01300
59	0.01250
60	0.01350
61	0.01000
62	0.01500
63	0.01100
64	0.01450
65	0.01600
66	0.01450
67	0.01300
68	0.01650
69	0.01500
70	0.01250
71	0.01850
72	0.01400
73	0.01200
74	0.01750
75	0.01100
76	0.01300
77	0.01450
78	0.01250
79	0.01600
80	0.00850
81	0.01150
82	0.01100
83	0.00850
84	0.00700
85	0.01200
86	0.01500
87	0.00850
88	0.01000
89	0.01000
90	0.00650
91	0.00600
92	0.01050
93	0.01000
94	0.00600
95	0.00850
96	0.00800
97	0.00900
98	0.00750
99	0.00650
100	0.00750
101	0.00850
102	0.00350
103	0.00550
104	0.00600
105	0.00250
106	0.00600
107	0.00500
108	0.00350
109	0.00400
110	0.00350
111	0.00500
112	0.00450
113	0.00300
114	0.00300
115	0.00450
116	0.00500
117	0.00450
118	0.00200
119	0.00500
120	0.00200
121	0.00350
122	0.00250
123	0.00150
124	0.00050
125	0.00200
126	0.00100
127	0.00200
128	0.00350
129	0.00300
130	0.00500
131	0.00000
132	0.00150
133	0.00200
134	0.00100
135	0.00000
136	0.00150
137	0.00100
138	0.00050
139	0.00100
140	0.00100
141	0.00200
142	0.00100
143	0.00150
144	0.00100
145	0.00100
146	0.00300
147	0.00050
148	0.00050
149	0.00050
150	0.00100
151	0.00200
152	0.00050
153	0.00050
154	0.00050
155	0.00100
156	0.00050
157	0.00000
158	0.00000
159	0.00000
160	0.00050
161	0.00000
162	0.00000
163	0.00050
164	0.00000
165	0.00000
166	0.00000
167	0.00000
168	0.00000
169	0.00000
170	0.00100
171	0.00050
172	0.00100
173	0.00000
174	0.00050
175	0.00150
176	0.00050
177	0.00000
178	0.00050
179	0.00050
