0	0.00000
1	0.00000
2	0.00000
3	0.00528
4	0.00528
5	0.00528
6	0.01292
7	0.02979
8	0.03734
9	0.03736
10	0.03199
11	0.03681
12	0.03557
13	0.04078
14	0.04022
15	0.03360
16	0.04141
17	0.05861
18	0.06087
19	0.11669
20	0.14386
21	0.22086
22	0.24735
23	0.27928
24	0.27469
25	0.23598
26	0.26696
27	0.27093
28	0.37673
29	0.52080
30	0.63766
31	0.53600
32	0.63707
33	0.67666
34	0.60826
35	0.58721
36	0.54660
37	0.48297
38	0.50315
39	0.44116
40	0.42937
41	0.48451
42	0.45161
43	0.47987
44	0.47441
45	0.47665
46	0.46419
47	0.44862
48	0.39419
49	0.38158
50	0.36269
51	0.32981
52	0.31048
53	0.31930
54	0.34166
55	0.30852
56	0.29865
57	0.28066
58	0.25770
59	0.23961
60	0.20806
61	0.18068
62	0.16729
63	0.14487
64	0.14434
65	0.13032
66	0.12872
67	0.13793
68	0.13750
69	0.12946
70	0.12588
71	0.12468
72	0.11701
73	0.12102
74	0.10847
75	0.09881
76	0.09810
77	0.09132
78	0.08956
79	0.08589
80	0.08410
81	0.08674
82	0.07982
83	0.07443
84	0.06999
85	0.06290
86	0.05847
87	0.05742
88	0.06325
89	0.05811
90	0.05829
91	0.05682
92	0.04940
93	0.04674
94	0.04512
95	0.04627
96	0.04218
97	0.04207
98	0.04199
99	0.04208
100	0.04163
101	0.03717
102	0.03599
103	0.03883
104	0.03344
105	0.03151
106	0.03123
107	0.02587
108	0.02599
109	0.02512
110	0.02141
111	0.02140
112	0.02056
113	0.02052
114	0.02236
115	0.02044
116	0.01882
117	0.01842
118	0.01845
119	0.01907
120	0.01723
121	0.01435
122	0.01367
123	0.01528
124	0.01276
125	0.01149
126	0.01002
127	0.00925
128	0.00763
129	0.00747
130	0.00683
131	0.00734
132	0.01417
133	0.01339
134	0.01391
135	0.01458
136	0.01490
137	0.01294
138	0.01218
139	0.00653
140	0.00605
141	0.00602
142	0.00481
143	0.00534
144	0.00621
145	0.00600
146	0.00579
147	0.00532
148	0.00661
149	0.00657
150	0.00528
151	0.00491
152	0.00521
153	0.00758
154	0.00611
155	0.00526
156	0.00440
157	0.00528
158	0.00509
159	0.00419
160	0.00214
161	0.00200
162	0.00119
163	0.00121
164	0.00011
165	0.00029
166	0.00029
167	0.00029
168	0.00029
169	0.00029
170	0.00030
171	0.00031
172	0.00033
173	0.00033
174	0.00079
175	0.00084
176	0.00086
177	0.00165
178	0.00185
179	0.00142
