0	0.00000
1	0.00000
2	0.00000
3	0.00000
4	0.00000
5	0.00000
6	0.00000
7	0.00000
8	0.00500
9	0.00000
10	0.00000
11	0.00000
12	0.00000
13	0.00000
14	0.00000
15	0.00000
16	0.00000
17	0.00000
18	0.00000
19	0.00000
20	0.00500
21	0.00000
22	0.00000
23	0.00000
24	0.00500
25	0.00000
26	0.01000
27	0.00000
28	0.00000
29	0.00000
30	0.00000
31	0.00000
32	0.00000
33	0.00500
34	0.00000
35	0.00000
36	0.00000
37	0.00500
38	0.00000
39	0.00000
40	0.00000
41	0.00500
42	0.00500
43	0.00000
44	0.00500
45	0.00000
46	0.00500
47	0.00500
48	0.00000
49	0.00500
50	0.00500
51	0.00000
52	0.01000
53	0.00000
54	0.00000
55	0.00500
56	0.00000
57	0.00000
58	0.00000
59	0.00500
60	0.00500
61	0.00500
62	0.00000
63	0.00500
64	0.00500
65	0.00000
66	0.02000
67	0.02000
68	0.00000
69	0.00000
70	0.01000
71	0.00500
72	0.01000
73	0.01000
74	0.00500
75	0.01000
76	0.01000
77	0.00000
78	0.00000
79	0.00500
80	0.00500
81	0.02000
82	0.00500
83	0.00500
84	0.00000
85	0.01000
86	0.00000
87	0.00500
88	0.00000
89	0.00500
90	0.00500
91	0.01000
92	0.01000
93	0.00500
94	0.00500
95	0.00000
96	0.00500
97	0.01000
98	0.01000
99	0.01500
100	0.00000
101	0.02000
102	0.01000
103	0.00500
104	0.00500
105	0.01500
106	0.00000
107	0.01500
108	0.01500
109	0.01500
110	0.01000
111	0.00500
112	0.00500
113	0.02000
114	0.00500
115	0.01000
116	0.00000
117	0.01000
118	0.00000
119	0.01000
120	0.00500
121	0.00500
122	0.00500
123	0.01000
124	0.00000
125	0.00000
126	0.00500
127	0.00500
128	0.00500
129	0.00500
130	0.00000
131	0.01500
132	0.00500
133	0.00500
134	0.01000
135	0.00000
136	0.00500
137	0.00000
138	0.01000
139	0.00500
140	0.00000
141	0.00000
142	0.00000
143	0.00000
144	0.00000
145	0.00000
146	0.00000
147	0.00000
148	0.00000
149	0.00000
150	0.00000
151	0.00500
152	0.00000
153	0.00000
154	0.00000
155	0.02000
156	0.00500
157	0.00500
158	0.00000
159	0.00500
160	0.00000
161	0.00500
162	0.00000
163	0.00000
164	0.00500
165	0.00000
166	0.00000
167	0.00000
168	0.00000
169	0.00500
170	0.00000
171	0.00000
172	0.00000
173	0.00500
174	0.00000
175	0.00000
176	0.00000
177	0.00000
178	0.01500
179	0.00000
180	0.00000
181	0.00000
182	0.00000
183	0.00000
184	0.00000
185	0.00000
186	0.00000
187	0.00000
188	0.00000
189	0.00000
190	0.00000
191	0.00000
192	0.00000
193	0.00000
194	0.00000
195	0.00000
196	0.00000
197	0.00000
198	0.00500
199	0.00000
