0	0.00000
1	0.00000
2	0.00000
3	0.00000
4	0.00000
5	0.00000
6	0.12786
7	0.23123
8	0.44752
9	0.57960
10	0.56151
11	0.61837
12	0.54015
13	0.70778
14	0.78743
15	0.75838
16	0.91842
17	0.75675
18	0.83169
19	0.94465
20	0.90337
21	0.86927
22	0.77214
23	0.78168
24	0.71716
25	0.68550
26	0.76266
27	0.70670
28	0.66512
29	0.63948
30	0.60069
31	0.54907
32	0.49690
33	0.44071
34	0.42692
35	0.39614
36	0.34441
37	0.30983
38	0.28182
39	0.25160
40	0.22930
41	0.19713
42	0.18176
43	0.16102
44	0.14297
45	0.12280
46	0.10580
47	0.09114
48	0.08059
49	0.07376
50	0.06168
51	0.05270
52	0.05318
53	0.04571
54	0.03917
55	0.03410
56	0.03014
57	0.02873
58	0.02616
59	0.02415
60	0.02210
61	0.02306
62	0.02070
63	0.01948
64	0.01696
65	0.01404
66	0.01187
67	0.00958
68	0.00774
69	0.00767
70	0.00559
71	0.00441
72	0.00405
73	0.00309
74	0.00395
75	0.00362
76	0.00210
77	0.00197
78	0.00193
79	0.00155
80	0.00155
81	0.00103
82	0.00047
83	0.00047
84	0.00047
85	0.00149
86	0.00146
87	0.00146
88	0.00102
89	0.00102
90	0.00102
91	0.00102
92	0.00000
93	0.00000
94	0.00000
95	0.00009
96	0.00009
97	0.00009
98	0.00009
99	0.00009
100	0.00009
101	0.00009
102	0.00000
103	0.00000
104	0.00000
105	0.00000
106	0.00000
107	0.00000
108	0.00000
109	0.00000
110	0.00000
111	0.00000
112	0.00000
113	0.00000
114	0.00000
115	0.00000
116	0.00000
117	0.00000
118	0.00000
119	0.00000
120	0.00000
121	0.00000
122	0.00000
123	0.00000
124	0.00000
125	0.00000
126	0.00000
127	0.00000
128	0.00000
129	0.00000
130	0.00000
131	0.00000
132	0.00000
133	0.00000
134	0.00000
135	0.00000
136	0.00000
137	0.00000
138	0.00000
139	0.00000
140	0.00000
141	0.00000
142	0.00000
143	0.00000
144	0.00000
145	0.00000
146	0.00000
147	0.00000
148	0.00000
149	0.00000
150	0.00000
151	0.00000
152	0.00000
153	0.00000
154	0.00000
155	0.00000
156	0.00000
157	0.00000
158	0.00000
159	0.00000
160	0.00000
161	0.00000
162	0.00000
163	0.00000
164	0.00000
165	0.00000
166	0.00000
167	0.00000
168	0.00000
169	0.00000
170	0.00000
171	0.00000
172	0.00000
173	0.00000
174	0.00000
175	0.00000
176	0.00000
177	0.00000
178	0.00000
179	0.00000
