0	0.00000
1	0.00000
2	0.00000
3	0.16667
4	0.62500
5	0.76190
6	1.06897
7	1.13158
8	1.31250
9	1.47541
10	1.36905
11	1.24348
12	1.17647
13	1.11881
14	1.11364
15	1.09302
16	1.04279
17	1.02460
18	0.95833
19	0.86399
20	0.77343
21	0.69631
22	0.59554
23	0.50110
24	0.40425
25	0.32944
26	0.26703
27	0.20700
28	0.15800
29	0.11816
30	0.09173
31	0.06804
32	0.04809
33	0.03471
34	0.02621
35	0.01884
36	0.01389
37	0.00902
38	0.00590
39	0.00449
40	0.00280
41	0.00196
42	0.00140
43	0.00084
44	0.00056
45	0.00056
46	0.00028
47	0.00028
48	0.00000
49	0.00000
50	0.00000
51	0.00000
52	0.00000
53	0.00000
54	0.00000
55	0.00000
56	0.00000
57	0.00000
58	0.00000
59	0.00000
60	0.00000
61	0.00000
62	0.00000
63	0.00000
64	0.00000
65	0.00000
66	0.00000
67	0.00000
68	0.00000
69	0.00000
70	0.00000
71	0.00000
72	0.00000
73	0.00000
74	0.00000
75	0.00000
76	0.00000
77	0.00000
78	0.00000
79	0.00000
80	0.00000
81	0.00000
82	0.00000
83	0.00000
84	0.00000
85	0.00000
86	0.00000
87	0.00000
88	0.00000
89	0.00000
90	0.00000
91	0.00000
92	0.00000
93	0.00000
94	0.00000
95	0.00000
96	0.00000
97	0.00000
98	0.00000
99	0.00000
100	0.00000
101	0.00000
102	0.00000
103	0.00000
104	0.00000
105	0.00000
106	0.00000
107	0.00000
108	0.00000
109	0.00000
110	0.00000
111	0.00000
112	0.00000
113	0.00000
114	0.00000
115	0.00000
116	0.00000
117	0.00000
118	0.00000
119	0.00000
120	0.00000
121	0.00000
122	0.00000
123	0.00000
124	0.00000
125	0.00000
126	0.00000
127	0.00000
128	0.00000
129	0.00000
130	0.00000
131	0.00000
132	0.00000
133	0.00000
134	0.00000
135	0.00000
136	0.00000
137	0.00000
138	0.00000
139	0.00000
140	0.00000
141	0.00000
142	0.00000
143	0.00000
144	0.00000
145	0.00000
146	0.00000
147	0.00000
148	0.00000
149	0.00000
