0	0.01000
1	0.01300
2	0.01700
3	0.02400
4	0.03200
5	0.04700
6	0.06800
7	0.09000
8	0.12700
9	0.17400
10	0.23200
11	0.29400
12	0.37500
13	0.47500
14	0.56100
15	0.64300
16	0.70800
17	0.76600
18	0.80700
19	0.83900
20	0.87200
21	0.88300
22	0.89700
23	0.90400
24	0.91300
25	0.91700
26	0.91900
27	0.92200
28	0.92500
29	0.92500
30	0.92600
31	0.92600
32	0.92600
33	0.92600
34	0.92600
35	0.92700
36	0.92700
37	0.92900
38	0.92900
39	0.92900
40	0.93000
41	0.93000
42	0.93000
43	0.93000
44	0.93000
45	0.93000
46	0.93000
47	0.93200
48	0.93200
49	0.93200
50	0.93200
51	0.93200
52	0.93200
53	0.93200
54	0.93200
55	0.93300
56	0.93300
57	0.93300
58	0.93300
59	0.93300
60	0.93300
61	0.93300
62	0.93300
63	0.93300
64	0.93300
65	0.93300
66	0.93300
67	0.93300
68	0.93300
69	0.93300
70	0.93300
71	0.93300
72	0.93300
73	0.93300
74	0.93300
75	0.93300
76	0.93300
77	0.93300
78	0.93300
79	0.93300
80	0.93300
81	0.93300
82	0.93300
83	0.93300
84	0.93300
85	0.93300
86	0.93300
87	0.93300
88	0.93300
89	0.93300
90	0.93300
91	0.93300
92	0.93300
93	0.93300
94	0.93300
95	0.93300
96	0.93300
97	0.93300
98	0.93300
99	0.93300
100	0.93300
101	0.93300
102	0.93300
103	0.93300
104	0.93300
105	0.93300
106	0.93300
107	0.93300
108	0.93300
109	0.93300
110	0.93300
111	0.93300
112	0.93300
113	0.93300
114	0.93300
115	0.93300
116	0.93300
117	0.93300
118	0.93300
119	0.93300
120	0.93300
121	0.93300
122	0.93300
123	0.93300
124	0.93300
125	0.93300
126	0.93300
127	0.93300
128	0.93300
129	0.93300
130	0.93400
131	0.93400
132	0.93400
133	0.93400
134	0.93400
135	0.93400
136	0.93400
137	0.93400
138	0.93400
139	0.93400
140	0.93400
141	0.93400
142	0.93400
143	0.93400
144	0.93400
145	0.93400
146	0.93400
147	0.93400
148	0.93400
149	0.93400
150	0.93400
151	0.93400
152	0.93400
153	0.93400
154	0.93400
155	0.93400
156	0.93400
157	0.93400
158	0.93400
159	0.93400
160	0.93400
161	0.93400
162	0.93400
163	0.93400
164	0.93400
165	0.93400
166	0.93400
167	0.93400
168	0.93400
169	0.93400
170	0.93400
171	0.93400
172	0.93400
173	0.93400
174	0.93400
175	0.93400
176	0.93400
177	0.93400
178	0.93400
179	0.93400
180	0.93400
181	0.93400
182	0.93400
183	0.93400
184	0.93400
185	0.93400
186	0.93400
187	0.93400
188	0.93400
189	0.93400
190	0.93400
191	0.93400
192	0.93400
193	0.93400
194	0.93400
195	0.93400
196	0.93400
197	0.93400
198	0.93400
199	0.93400
