0	0.00000
1	0.00000
2	0.00000
3	0.18248
4	0.36152
5	0.62366
6	0.91137
7	1.16254
8	1.38885
9	1.46335
10	1.69350
11	1.84049
12	1.98854
13	2.01367
14	2.09510
15	2.19450
16	2.12524
17	2.00727
18	1.84848
19	1.70744
20	1.55457
21	1.41945
22	1.31175
23	1.18870
24	1.10091
25	1.00946
26	0.94102
27	0.87765
28	0.82377
29	0.77725
30	0.73673
31	0.69470
32	0.65124
33	0.61471
34	0.58870
35	0.56095
36	0.53875
37	0.51864
38	0.49900
39	0.48347
40	0.47040
41	0.45374
42	0.43803
43	0.42677
44	0.41432
45	0.40083
46	0.38832
47	0.37139
48	0.35807
49	0.34996
50	0.33986
51	0.33086
52	0.32315
53	0.31486
54	0.30750
55	0.30149
56	0.29362
57	0.28747
58	0.28133
59	0.27568
60	0.27088
61	0.26558
62	0.25859
63	0.25514
64	0.25074
65	0.24340
66	0.24029
67	0.23711
68	0.23199
69	0.22830
70	0.22584
71	0.22075
72	0.21775
73	0.21434
74	0.21115
75	0.20871
76	0.20459
77	0.20100
78	0.19940
79	0.19662
80	0.19535
81	0.19152
82	0.18863
83	0.18576
84	0.18329
85	0.18095
86	0.17832
87	0.17692
88	0.17420
89	0.17197
90	0.16996
91	0.16749
92	0.16582
93	0.16426
94	0.16305
95	0.16050
96	0.15901
97	0.15711
98	0.15577
99	0.15390
100	0.15256
101	0.15135
102	0.14961
103	0.14864
104	0.14723
105	0.14532
106	0.14414
107	0.14261
108	0.14115
109	0.13957
110	0.13821
111	0.13735
112	0.13648
113	0.13577
114	0.13458
115	0.13333
116	0.13131
117	0.12995
118	0.12844
119	0.12813
120	0.12720
121	0.12594
122	0.12506
123	0.12400
124	0.12367
125	0.12195
126	0.12126
127	0.12033
128	0.11909
129	0.11797
130	0.11390
131	0.11325
132	0.11269
133	0.11198
134	0.11074
135	0.10976
136	0.10890
137	0.10848
138	0.10809
139	0.10723
140	0.10676
141	0.10606
142	0.10522
143	0.10460
144	0.10422
145	0.10342
146	0.10211
147	0.10165
148	0.10030
149	0.09989
150	0.09918
151	0.09918
152	0.09840
153	0.09766
154	0.09754
155	0.09703
156	0.09583
157	0.09545
158	0.09524
159	0.09462
160	0.09294
161	0.09148
162	0.09129
163	0.09094
164	0.09082
165	0.09028
166	0.09002
167	0.09002
168	0.08982
169	0.08885
170	0.08827
171	0.08815
172	0.08757
173	0.08680
174	0.08590
175	0.08590
176	0.08551
177	0.08513
178	0.08480
179	0.08411
180	0.08384
181	0.08305
182	0.08259
183	0.08213
184	0.08184
185	0.08157
186	0.08132
187	0.08079
188	0.08022
189	0.07997
190	0.07982
191	0.07966
192	0.07938
193	0.07880
194	0.07865
195	0.07865
196	0.07840
197	0.07828
198	0.07775
199	0.07728
