0	0.00500
1	0.01300
2	0.03650
3	0.10000
4	0.25800
5	0.48800
6	0.67800
7	0.75400
8	0.77550
9	0.78100
10	0.78200
11	0.78300
12	0.78300
13	0.78300
14	0.78300
15	0.78300
16	0.78300
17	0.78300
18	0.78300
19	0.78300
20	0.78300
21	0.78300
22	0.78300
23	0.78300
24	0.78300
25	0.78300
26	0.78300
27	0.78300
28	0.78300
29	0.78300
30	0.78300
31	0.78300
32	0.78300
33	0.78300
34	0.78300
35	0.78300
36	0.78300
37	0.78300
38	0.78300
39	0.78300
40	0.78300
41	0.78300
42	0.78300
43	0.78300
44	0.78300
45	0.78300
46	0.78300
47	0.78300
48	0.78300
49	0.78300
50	0.78300
51	0.78300
52	0.78300
53	0.78300
54	0.78300
55	0.78300
56	0.78300
57	0.78300
58	0.78300
59	0.78300
60	0.78300
61	0.78300
62	0.78300
63	0.78300
64	0.78300
65	0.78300
66	0.78300
67	0.78300
68	0.78300
69	0.78300
70	0.78300
71	0.78300
72	0.78300
73	0.78300
74	0.78300
75	0.78300
76	0.78300
77	0.78300
78	0.78300
79	0.78300
80	0.78300
81	0.78300
82	0.78300
83	0.78300
84	0.78300
85	0.78300
86	0.78300
87	0.78300
88	0.78300
89	0.78300
90	0.78300
91	0.78300
92	0.78300
93	0.78300
94	0.78300
95	0.78300
96	0.78300
97	0.78300
98	0.78300
99	0.78300
100	0.78300
101	0.78300
102	0.78300
103	0.78300
104	0.78300
105	0.78300
106	0.78300
107	0.78300
108	0.78300
109	0.78300
110	0.78300
111	0.78300
112	0.78300
113	0.78300
114	0.78300
115	0.78300
116	0.78300
117	0.78300
118	0.78300
119	0.78300
120	0.78300
121	0.78300
122	0.78300
123	0.78300
124	0.78300
125	0.78300
126	0.78300
127	0.78300
128	0.78300
129	0.78300
130	0.78300
131	0.78300
132	0.78300
133	0.78300
134	0.78300
135	0.78300
136	0.78300
137	0.78300
138	0.78300
139	0.78300
140	0.78300
141	0.78300
142	0.78300
143	0.78300
144	0.78300
145	0.78300
146	0.78300
147	0.78300
148	0.78300
149	0.78300
