0	0.00000
1	0.00000
2	0.00000
3	0.03040
4	0.13355
5	0.30864
6	0.60349
7	0.92386
8	1.28571
9	1.40393
10	1.39865
11	1.23057
12	1.05881
13	0.88438
14	0.69609
15	0.53429
16	0.38948
17	0.28922
18	0.22100
19	0.17075
20	0.12606
21	0.10002
22	0.08053
23	0.06714
24	0.05623
25	0.04444
26	0.03491
27	0.02770
28	0.02245
29	0.01768
30	0.01239
31	0.00696
32	0.00623
33	0.00535
34	0.00580
35	0.00545
36	0.00356
37	0.00279
38	0.00279
39	0.00119
40	0.00119
41	0.00000
42	0.00000
43	0.00000
44	0.00000
45	0.00000
46	0.00000
47	0.00000
48	0.00000
49	0.00000
50	0.00000
51	0.00000
52	0.00000
53	0.00000
54	0.00000
55	0.00000
56	0.00000
57	0.00000
58	0.00000
59	0.00000
60	0.00000
61	0.00000
62	0.00000
63	0.00000
64	0.00000
65	0.00000
66	0.00000
67	0.00000
68	0.00000
69	0.00000
70	0.00000
71	0.00000
72	0.00000
73	0.00000
74	0.00000
75	0.00000
76	0.00000
77	0.00000
78	0.00000
79	0.00000
80	0.00000
81	0.00000
82	0.00000
83	0.00000
84	0.00000
85	0.00000
86	0.00000
87	0.00000
88	0.00000
89	0.00000
90	0.00000
91	0.00000
92	0.00000
93	0.00000
94	0.00000
95	0.00000
96	0.00000
97	0.00000
98	0.00000
99	0.00000
