0	0.00500
1	0.00650
2	0.01050
3	0.01600
4	0.02800
5	0.04550
6	0.07450
7	0.12550
8	0.18150
9	0.24600
10	0.30350
11	0.37050
12	0.43500
13	0.48900
14	0.53450
15	0.57200
16	0.59750
17	0.61900
18	0.64050
19	0.65150
20	0.66300
21	0.67050
22	0.68000
23	0.68500
24	0.68900
25	0.69400
26	0.69500
27	0.69750
28	0.70000
29	0.70050
30	0.70200
31	0.70350
32	0.70350
33	0.70400
34	0.70400
35	0.70500
36	0.70500
37	0.70500
38	0.70600
39	0.70600
40	0.70600
41	0.70600
42	0.70600
43	0.70600
44	0.70600
45	0.70600
46	0.70600
47	0.70600
48	0.70600
49	0.70600
50	0.70600
51	0.70600
52	0.70600
53	0.70600
54	0.70600
55	0.70600
56	0.70600
57	0.70600
58	0.70600
59	0.70600
60	0.70600
61	0.70600
62	0.70600
63	0.70600
64	0.70600
65	0.70600
66	0.70600
67	0.70600
68	0.70600
69	0.70600
70	0.70600
71	0.70600
72	0.70600
73	0.70600
74	0.70600
75	0.70600
76	0.70600
77	0.70600
78	0.70600
79	0.70600
80	0.70600
81	0.70600
82	0.70600
83	0.70600
84	0.70600
85	0.70600
86	0.70600
87	0.70600
88	0.70600
89	0.70600
90	0.70600
91	0.70600
92	0.70600
93	0.70600
94	0.70600
95	0.70600
96	0.70600
97	0.70600
98	0.70600
99	0.70600
