0	0.00000
1	0.00000
2	0.00000
3	0.01236
4	0.07099
5	0.17902
6	0.42645
7	0.69960
8	1.05776
9	1.34319
10	1.32394
11	1.31931
12	1.23786
13	1.11310
14	0.92591
15	0.72699
16	0.55406
17	0.41637
18	0.31143
19	0.23274
20	0.17736
21	0.13154
22	0.10064
23	0.07840
24	0.06720
25	0.05450
26	0.04326
27	0.03559
28	0.02900
29	0.02569
30	0.02249
31	0.01585
32	0.01316
33	0.01158
34	0.00772
35	0.00749
36	0.00501
37	0.00425
38	0.00380
39	0.00281
40	0.00252
41	0.00250
42	0.00183
43	0.00183
44	0.00078
45	0.00078
46	0.00078
47	0.00000
48	0.00000
49	0.00000
50	0.00000
51	0.00000
52	0.00000
53	0.00000
54	0.00000
55	0.00000
56	0.00000
57	0.00000
58	0.00000
59	0.00000
60	0.00000
61	0.00000
62	0.00000
63	0.00000
64	0.00000
65	0.00000
66	0.00000
67	0.00000
68	0.00000
69	0.00000
70	0.00000
71	0.00000
72	0.00000
73	0.00000
74	0.00000
75	0.00000
76	0.00000
77	0.00000
78	0.00000
79	0.00000
80	0.00000
81	0.00000
82	0.00000
83	0.00000
84	0.00000
85	0.00000
86	0.00000
87	0.00000
88	0.00000
89	0.00000
90	0.00000
91	0.00000
92	0.00000
93	0.00000
94	0.00000
95	0.00000
96	0.00000
97	0.00000
98	0.00000
99	0.00000
