0	0.00000
1	0.00000
2	0.00000
3	0.00000
4	0.00000
5	0.00000
6	0.00000
7	0.00000
8	0.00000
9	0.00000
10	0.00000
11	0.00000
12	0.00000
13	0.00000
14	0.00000
15	0.00000
16	0.00500
17	0.00000
18	0.00000
19	0.00500
20	0.00000
21	0.00500
22	0.00000
23	0.00000
24	0.00000
25	0.00000
26	0.00500
27	0.00000
28	0.00000
29	0.00500
30	0.00500
31	0.00000
32	0.00000
33	0.00000
34	0.00000
35	0.00000
36	0.00000
37	0.00000
38	0.00000
39	0.00000
40	0.00000
41	0.00000
42	0.00000
43	0.00000
44	0.00000
45	0.00000
46	0.00500
47	0.00000
48	0.00000
49	0.00000
50	0.00000
51	0.00000
52	0.00000
53	0.00500
54	0.00000
55	0.00000
56	0.00500
57	0.00000
58	0.00000
59	0.00500
60	0.00000
61	0.00000
62	0.00000
63	0.00000
64	0.00000
65	0.00000
66	0.00000
67	0.00500
68	0.01000
69	0.00000
70	0.00500
71	0.00000
72	0.00500
73	0.00000
74	0.00500
75	0.00000
76	0.00500
77	0.00000
78	0.00000
79	0.00000
80	0.00000
81	0.00000
82	0.00000
83	0.00500
84	0.00000
85	0.00000
86	0.00000
87	0.00500
88	0.00500
89	0.00000
90	0.00000
91	0.00000
92	0.00000
93	0.00000
94	0.00500
95	0.00000
96	0.00000
97	0.00500
98	0.00000
99	0.00500
100	0.00000
101	0.01000
102	0.01000
103	0.00000
104	0.01500
105	0.01000
106	0.00000
107	0.00000
108	0.00000
109	0.00000
110	0.00000
111	0.00000
112	0.00000
113	0.01000
114	0.00000
115	0.01500
116	0.00500
117	0.00500
118	0.00000
119	0.00000
120	0.00500
121	0.01000
122	0.00000
123	0.00500
124	0.00000
125	0.01000
126	0.00000
127	0.00000
128	0.01000
129	0.00500
130	0.00500
131	0.00500
132	0.01000
133	0.00500
134	0.01500
135	0.00000
136	0.00000
137	0.00000
138	0.00500
139	0.01000
140	0.00000
141	0.00500
142	0.00000
143	0.00500
144	0.01000
145	0.00500
146	0.00000
147	0.00000
148	0.00000
149	0.00500
