0	0.02000
1	0.02000
2	0.02000
3	0.02000
4	0.02000
5	0.02000
6	0.02000
7	0.02000
8	0.02000
9	0.02000
10	0.02000
11	0.02000
12	0.02000
13	0.02000
14	0.02000
15	0.02000
16	0.02500
17	0.02500
18	0.02500
19	0.03000
20	0.03000
21	0.03500
22	0.03500
23	0.03500
24	0.03500
25	0.03500
26	0.04000
27	0.04000
28	0.04000
29	0.04500
30	0.05000
31	0.05000
32	0.05000
33	0.05000
34	0.05000
35	0.05000
36	0.05000
37	0.05000
38	0.05000
39	0.05000
40	0.05000
41	0.05000
42	0.05000
43	0.05000
44	0.05000
45	0.05000
46	0.05500
47	0.05500
48	0.05500
49	0.05500
50	0.05500
51	0.05500
52	0.05500
53	0.06000
54	0.06000
55	0.06000
56	0.06500
57	0.06500
58	0.06500
59	0.07000
60	0.07000
61	0.07000
62	0.07000
63	0.07000
64	0.07000
65	0.07000
66	0.07000
67	0.07500
68	0.08500
69	0.08500
70	0.09000
71	0.09000
72	0.09500
73	0.09500
74	0.10000
75	0.10000
76	0.10500
77	0.10500
78	0.10500
79	0.10500
80	0.10500
81	0.10500
82	0.10500
83	0.11000
84	0.11000
85	0.11000
86	0.11000
87	0.11500
88	0.12000
89	0.12000
90	0.12000
91	0.12000
92	0.12000
93	0.12000
94	0.12500
95	0.12500
96	0.12500
97	0.13000
98	0.13000
99	0.13500
100	0.13500
101	0.14500
102	0.15500
103	0.15500
104	0.17000
105	0.18000
106	0.18000
107	0.18000
108	0.18000
109	0.18000
110	0.18000
111	0.18000
112	0.18000
113	0.19000
114	0.19000
115	0.20500
116	0.21000
117	0.21500
118	0.21500
119	0.21500
120	0.22000
121	0.23000
122	0.23000
123	0.23500
124	0.23500
125	0.24500
126	0.24500
127	0.24500
128	0.25500
129	0.26000
130	0.26500
131	0.27000
132	0.28000
133	0.28500
134	0.30000
135	0.30000
136	0.30000
137	0.30000
138	0.30500
139	0.31500
140	0.31500
141	0.32000
142	0.32000
143	0.32500
144	0.33500
145	0.34000
146	0.34000
147	0.34000
148	0.34000
149	0.34500
