0	0	0	0	0	0	
1	21	0	0	0	0	
2	21	0	0	0	0	
3	21	0	0	0	0	
4	21	0	0	0	0	
5	21	0	0	0	0	
6	21	0	0	0	0	
7	21	0	0	0	0	
8	21	0	0	0	0	
9	21	0	0	0	0	
10	21	0	0	0	0	
11	21	0	0	0	0	
12	21	0	0	0	0	
13	21	0	0	0	0	
14	21	0	0	0	0	
15	21	0	0	0	0	
16	20	0	0	0	0	
17	20	0	0	0	0	
18	20	0	0	0	0	
19	20	0	0	0	0	
20	20	0	0	0	0	
21	20	0	0	0	0	
22	20	0	0	0	0	
23	20	0	0	0	0	
24	20	0	0	0	0	
25	20	0	0	0	0	
26	20	0	0	0	0	
27	20	0	0	0	0	
28	20	0	0	0	0	
29	19	0	0	0	0	
30	19	0	0	0	0	
31	19	0	0	0	0	
32	19	0	0	0	0	
33	19	0	0	0	0	
34	19	0	0	0	0	
35	19	0	0	0	0	
36	19	0	0	0	0	
37	19	0	0	0	0	
38	19	0	0	0	0	
39	19	0	0	0	0	
40	19	0	0	0	0	
41	19	0	0	0	0	
42	19	0	0	0	0	
43	19	0	0	0	0	
44	19	0	0	0	0	
45	19	0	0	0	0	
46	19	0	0	0	0	
47	19	0	0	0	0	
48	19	0	0	0	0	
49	19	0	0	0	0	
50	19	0	0	0	0	
51	19	0	0	0	0	
52	19	0	0	0	0	
53	19	0	0	0	0	
54	19	0	0	0	0	
55	19	0	0	0	0	
56	19	0	0	0	0	
57	19	0	0	0	0	
58	19	0	0	0	0	
59	19	0	0	0	0	
60	19	0	0	0	0	
61	19	0	0	0	0	
62	19	0	0	0	0	
63	19	0	0	0	0	
64	19	0	0	0	0	
65	19	0	0	0	0	
66	19	0	0	0	0	
67	19	0	0	0	0	
68	19	0	0	0	0	
69	19	0	0	0	0	
70	19	0	0	0	0	
71	19	0	0	0	0	
72	19	0	0	0	0	
73	19	0	0	0	0	
74	19	0	0	0	0	
75	19	0	0	0	0	
76	19	0	0	0	0	
77	19	0	0	0	0	
78	19	0	0	0	0	
79	19	0	0	0	0	
80	19	0	0	0	0	
81	19	0	0	0	0	
82	19	0	0	0	0	
83	19	0	0	0	0	
84	19	0	0	0	0	
85	19	0	0	0	0	
86	19	0	0	0	0	
87	19	0	0	0	0	
88	19	0	0	0	0	
89	19	0	0	0	0	
90	19	0	0	0	0	
91	19	0	0	0	0	
92	19	0	0	0	0	
93	19	0	0	0	0	
94	19	0	0	0	0	
95	19	0	0	0	0	
96	19	0	0	0	0	
97	19	0	0	0	0	
98	19	0	0	0	0	
99	19	0	0	0	0	
100	19	0	0	0	0	
101	19	0	0	0	0	
102	19	0	0	0	0	
103	19	0	0	0	0	
104	19	0	0	0	0	
105	19	0	0	0	0	
106	19	0	0	0	0	
107	19	0	0	0	0	
108	19	0	0	0	0	
109	19	0	0	0	0	
110	19	0	0	0	0	
111	19	0	0	0	0	
112	19	0	0	0	0	
113	18	0	0	0	0	
114	18	0	0	0	0	
115	18	0	0	0	0	
116	18	0	0	0	0	
117	18	0	0	0	0	
118	18	0	0	0	0	
119	18	0	0	0	0	
120	18	0	0	0	0	
121	18	0	0	0	0	
122	18	0	0	0	0	
123	17	0	0	0	0	
124	17	0	0	0	0	
125	17	0	0	0	0	
126	17	0	0	0	0	
127	17	0	0	0	0	
128	17	0	0	0	0	
129	17	0	0	0	0	
130	16	0	0	0	0	
131	16	0	0	0	0	
132	16	0	0	0	0	
133	16	0	0	0	0	
134	16	0	0	0	0	
135	16	0	0	0	0	
136	16	0	0	0	0	
137	16	0	0	0	0	
138	16	0	0	0	0	
139	16	0	0	0	0	
140	16	0	0	0	0	
141	15	0	0	0	0	
142	15	0	0	0	0	
143	15	0	0	0	0	
144	15	0	0	0	0	
145	15	0	0	0	0	
146	15	0	0	0	0	
147	15	0	0	0	0	
148	15	0	0	0	0	
149	15	0	0	0	0	
